fitness:
-364631833524.34296 13531932241.2994 351099901283.0436
best chromosome
[ 0.00000000e+00 -1.45836754e-12 -2.29027583e-13  4.62044560e-11
 -1.75246138e-10 -1.83711012e-15  8.53176249e-16  2.29429882e-05
 -2.04826368e-06 -1.59810433e-08  9.97967863e-10]

********************************************************************************

fitness:
-350132678707.6365 13983054042.904821 336149624664.7316
best chromosome
[ 0.00000000e+00 -1.45862664e-12 -2.29070734e-13  4.61940620e-11
 -1.75207466e-10 -1.83761590e-15  8.53021392e-16  2.29437556e-05
 -2.04898619e-06 -1.59838302e-08  9.97667971e-10]

*************************************************************************************************

 fitness:
-345823542552.1576 14210009532.528982 331613533019.6286
best chromosome
[ 0.00000000e+00 -1.45829860e-12 -2.29030621e-13  4.61955400e-11
 -1.75220701e-10 -1.83786837e-15  8.53002134e-16  2.29428609e-05
 -2.04922623e-06 -1.59837055e-08  9.97569879e-10]

*********************************************************************************

fitness:
-342057668379.0161 14449263661.415918 327608404717.6002
best chromosome
[ 0.00000000e+00 -1.45829860e-12 -2.29012497e-13  4.61919008e-11
 -1.75239889e-10 -1.83786837e-15  8.53019029e-16  2.29428609e-05
 -2.04968058e-06 -1.59837055e-08  9.97569879e-10]

**********************************************************************************

 fitness:
-338143785096.1728 14735592459.076778 323408192637.096
best chromosome
[ 0.00000000e+00 -1.45820858e-12 -2.29012497e-13  4.61870105e-11
 -1.75239739e-10 -1.83771344e-15  8.53102971e-16  2.29428609e-05
 -2.04993068e-06 -1.59837055e-08  9.97471904e-10]

**********************************************************************************

fitness:
-336137910862.68317 14904713580.563257 321233197282.11993
best chromosome
[ 0.00000000e+00 -1.45835908e-12 -2.29012497e-13  4.61926781e-11
 -1.75241586e-10 -1.83771344e-15  8.53222836e-16  2.29421685e-05
 -2.05017131e-06 -1.59837055e-08  9.97471904e-10]

**********************************************************************************
fitness:
-331662077853.63715 15326233763.610813 316335844090.0263
best chromosome
[ 0.00000000e+00 -1.45833746e-12 -2.29005468e-13  4.61855199e-11
 -1.75253755e-10 -1.83789231e-15  8.53222836e-16  2.29379808e-05
 -2.05033812e-06 -1.59836679e-08  9.97340702e-10]
*********************************************************************************

fitness:
-332226361334.89105 15258780831.830875 316967580503.0602
best chromosome
[ 0.00000000e+00 -1.45851175e-12 -2.29044268e-13  4.62010303e-11
 -1.75282077e-10 -1.83737316e-15  8.53230268e-16  2.29416918e-05
 -2.05033453e-06 -1.59838550e-08  9.97333544e-10]


*********************************************************************************

fitness:
-328784130254.72266 15627784299.3087 313156345955.41394
best chromosome
[ 0.00000000e+00 -1.45812999e-12 -2.29002693e-13  4.61973545e-11
 -1.75254331e-10 -1.83780181e-15  8.53154145e-16  2.29379808e-05
 -2.05054386e-06 -1.59814213e-08  9.97221515e-10]

***********************************************************************************
fitness:
-279019117414.1047 45358672085.46324 233660445328.64142
best chromosome
[0.0, -1.45812999e-12, -2.29002693e-13, 4.61973545e-11, -1.75254331e-10, -1.83780181e-15, 8.53154145e-16, 2.2237980800000008e-05, -2.05054386e-06, -1.59814213e-08, 9.97221515e-10]

************************************************************************************
fitness:
2.786166e+11
best chromosome
[0.0, -1.45812999e-12, -2.29002693e-13, 4.61973545e-11, -1.75254331e-10, -1.8178018099999997e-15, 8.53154145e-16, 2.2237980800000008e-05, -2.05054386e-06, -1.6021421300000005e-08, 9.97221515e-10]

*************************************************************************************

fitness:
-288094933164.17126 46572332259.62802 232208134452.6176
best chromosome
[ 0.00000000e+00 -1.45807534e-12 -2.29027299e-13  4.61988413e-11
 -1.75232727e-10 -1.81786323e-15  8.53118564e-16  2.22379808e-05
 -2.05037423e-06 -1.60205000e-08  9.97307501e-10]

 *************************************************************************************

 fitness:
-287785207070.44336 45917872975.74364 232683759499.55103
best chromosome
[0.0, -1.4580641095535605e-12, -2.290069363936805e-13, 4.6190743093024615e-11, -1.752315352134233e-10, -1.8180084033175325e-15, 8.530430334262603e-16, 2.2243128480404762e-05, -2.049918864677675e-06, -1.602201865234547e-08, 9.97191896577847e-10]

**************************************************************************************


fitness:
-287601814593.72595 46435636088.50915 231879051287.51498
best chromosome
[0.0, -1.457943737504765e-12, -2.2898712170533404e-13, 4.618303764551242e-11, -1.7521268428130508e-10, -1.8179327253650527e-15, 8.53134589437664e-16, 2.22473804533204e-05, -2.049833832201458e-06, -1.6020873883378162e-08, 9.97021643772577e-10]

*****************************************************************************************

fitness:
-278199961857.2552 47528001767.1603 230671960090.0949
best chromosome
[9.999317057940817e-19, -1.4580039012549405e-12, -2.2902618952984377e-13, 4.6181828230781347e-11, -1.7518887748714306e-10, -1.818093240858764e-15, 8.5304321898930595e-16, 2.2245271025093133e-05, -2.049860897409496e-06, -1.6022664767349166e-08, 9.96950088009691e-10]

**********************************************************************************************

fitness:
-277896686304.9293 50066049658.3325 227830636646.59683
best chromosome
[9.999612776102803e-19, -1.4581848958755542e-12, -2.2901917769867513e-13, 4.61733144148954e-11, -1.7521342177850996e-10, -1.8185915257040433e-15, 8.529078297495881e-16, 2.2247131525916815e-05, -2.049880839247674e-06, -1.60226528938246e-08, 9.966277851309258e-10]

************************************************************************************************

fitness:
-277658019904.5609 51006744311.21254 226651275593.3484
best chromosome
[9.9991427183356e-19, -1.4578401960375951e-12, -2.2901042104129973e-13, 4.6163918973034855e-11, -1.7521493677048352e-10, -1.818757204976572e-15, 8.528926723367982e-16, 2.2250030429712195e-05, -2.049562162277495e-06, -1.602434583881026e-08, 9.963892480875484e-10]

**************************************************************************************************


fitness:
-277484284900.7444 51237549049.95562 226246735850.78876
best chromosome
[9.996672370743203e-19, -1.457865904723295e-12, -2.2896913284048453e-13, 4.6154647275200764e-11, -1.7520583116429385e-10, -1.8188792838822924e-15, 8.527073418968755e-16, 2.2248395367983887e-05, -2.049142911266369e-06, -1.6025152864616115e-08, 9.962189365020527e-10]

***************************************************************************************************

fitness:
-277210934380.1297 50847168627.4958 226363765752.63388
best chromosome
[9.996621679777407e-19, -1.4577237985525298e-12, -2.290221974605591e-13, 4.614944769458796e-11, -1.7516036018442875e-10, -1.8188351078345704e-15, 8.527380556244067e-16, 2.225321640992433e-05, -2.0488571176644742e-06, -1.6024095513851365e-08, 9.960796221759061e-10]

****************************************************************************************************************************************
fitness:
-299751846822.6233 53187192233.2718 224149685990.31952
best chromosome
[9.996313946194498e-19, -1.4580085216716923e-12, -2.2898145525573176e-13, 4.6157262190293315e-11, -1.7520511874373233e-10, -1.818668523540082e-15, 8.527877840803921e-16, 2.2249293523358214e-05, -2.048750968444473e-06, -1.602685346221006e-08, 9.958374727264728e-10]

******************************************************************************************************************************************************************

fitness:
-277024730940.5567 50523065940.79387 226501664999.76285
best chromosome
[9.994387139822845e-19, -1.4571215091583487e-12, -2.2899486540456995e-13, 4.614181368117797e-11, -1.750976855299412e-10, -1.8189655938346853e-15, 8.526545299525116e-16, 2.225655703799642e-05, -2.048690509335347e-06, -1.6022009117122014e-08, 9.959786509310514e-10]

******************************************************************************************************************************************************************

fitness:
-276916654968.4617 48487516532.74768 228429138435.71396
best chromosome
[9.996207865801284e-19, -1.4573792429557727e-12, -2.2900189226870245e-13, 4.6138596718668067e-11, -1.7512236337308455e-10, -1.8193650407979738e-15, 8.529110181419595e-16, 2.2252061144880483e-05, -2.0479735211219055e-06, -1.6021396124290828e-08, 9.95973573266029e-10]

********************************************************************************************************************************************************************

fitness:
-253813946353.3597 47248696778.5986 229516943971.9568
best chromosome
[9.995487219836545e-19, -1.4573429336523397e-12, -2.2895274147933653e-13, 4.61263758664622e-11, -1.7512338425003943e-10, -1.8195645533066808e-15, 8.530343848706583e-16, 2.2258378133506494e-05, -2.0476315068965444e-06, -1.6019737230128816e-08, 9.95903157802478e-10]

**********************************************************************************************************************************************************************


fitness:
-499349811313.25385 55614894945.95796 221867458183.64795
best chromosome
[9.99450142388712e-19, -1.457801898217744e-12, -2.290247656420824e-13, 4.613014117346157e-11, -1.7508844419385274e-10, -1.8195864404869633e-15, 8.527355581201014e-16, 2.2240711404781625e-05, -2.0482780131577206e-06, -1.6022370694384433e-08, 9.953559775927856e-10]


*********************************************************************************************************************************************************************************


fitness:
-717852906069.8589 58026344212.97263 219942187285.62875
best chromosome
[9.994972811900604e-19, -1.4571831343618971e-12, -2.2907119231021796e-13, 4.612595248789595e-11, -1.7509307425289656e-10, -1.818671059977707e-15, 8.528267131618723e-16, 2.2247595058173193e-05, -2.0486052226647115e-06, -1.6022796183266085e-08, 9.951387681932064e-10]

************************************************************************************************************************************************************************************


fitness:
-605509335852.317 61177202065.872574 217732853514.57776
best chromosome
[9.997989888459848e-19, -1.4572336066626138e-12, -2.2903081817448884e-13, 4.612595248789595e-11, -1.7509379902132458e-10, -1.818594312416899e-15, 8.527814238639097e-16, 2.225507056367492e-05, -2.0490410659673154e-06, -1.6021726906516304e-08, 9.948785939335682e-10]

*****************************************************************************************************************************************************************************************


fitness:
-185941926818.46225 63311595653.75875 216599509609.63812
best chromosome
[9.996853793019302e-19, -1.4572336066626138e-12, -2.2903081817448884e-13, 4.612595248789595e-11, -1.7509308050195256e-10, -1.819055821861921e-15, 8.529439610031003e-16, 2.2250338817143e-05, -2.049230648805551e-06, -1.6023879308996643e-08, 9.948268833452962e-10]

***********************************************************************************************************************

fitness:
-119921187309.00165 47098711345.92254 229154901253.6203
best chromosome
[9.99744014528591e-19, -1.4576379970591254e-12, -2.2895449144868616e-13, 4.6148951129682693e-11, -1.7493989916096272e-10, -1.818633510721199e-15, 8.523892527264554e-16, 2.225167509123425e-05, -2.0471299075183795e-06, -1.5995319368509593e-08, 9.952316354365723e-10]

***********************************************************************************************************************

generation = 20

fitness:
-274709562098.32175 49373725593.180626 225335836505.1411
best chromosome
[1.0002072674963097e-18, -1.4581194492094372e-12, -2.2884955556688904e-13, 4.6137842862545715e-11, -1.7497612059578212e-10, -1.8187924428197664e-15, 8.525636989524957e-16, 2.227065935896448e-05, -2.04485267441079e-06, -1.601797828245138e-08, 9.942892901062932e-10]

**********************************************************************************************************************

fitness:
-273984337090.13483 48412600899.24624 225571736190.88858
best chromosome
[1.0008374941008668e-18, -1.457794072930104e-12, -2.2882760189659996e-13, 4.617277653562467e-11, -1.7507519205509348e-10, -1.8201508976573766e-15, 8.52122089870982e-16, 2.2287148573510613e-05, -2.0439269998891744e-06, -1.6016445554793196e-08, 9.938750654027087e-10]

********************************************************************************************************************

fitness:
-273314228225.70718 49465205530.18042 223849022695.52676
best chromosome
[1.0009674921029914e-18, -1.457271594056595e-12, -2.2869626268376247e-13, 4.618007243599062e-11, -1.752202155925116e-10, -1.820507345530915e-15, 8.517045921409001e-16, 2.2291183480878135e-05, -2.0433333093972902e-06, -1.600628208978275e-08, 9.932478187478478e-10]

*********************************************************************************************************************

fitness:
-272831088696.88812 50633202503.451294 222197886193.43683
best chromosome
[1.0006411199483368e-18, -1.457700522221204e-12, -2.286033499279249e-13, 4.616522954110602e-11, -1.7522304953352006e-10, -1.8201933079567713e-15, 8.515800242332829e-16, 2.229140392727934e-05, -2.0427559475776122e-06, -1.6000067893800193e-08, 9.927164280567359e-10]

**********************************************************************************************************************

fitness:
-272387227986.45197 49009136297.474075 223378091688.97787
best chromosome
[9.997957195283717e-19, -1.4576310466597763e-12, -2.2848112217450026e-13, 4.617404453143991e-11, -1.7523898758617063e-10, -1.820627788838022e-15, 8.519822646343034e-16, 2.2301319566917225e-05, -2.042098910583632e-06, -1.599827616367467e-08, 9.92528258588017e-10]

*************************************************************************************************************************

fitness:
-270440153578.73618 48636097295.97329 221804056282.76288
best chromosome
[1.000477764511403e-18, -1.4624199852066627e-12, -2.2872442437357344e-13, 4.623007576944223e-11, -1.7562463079252307e-10, -1.8258068089920805e-15, 8.534025985329507e-16, 2.2252516321101528e-05, -2.036602566085712e-06, -1.5965859160525095e-08, 9.901588559878005e-10]

****************************************************************************************************************************

fitness:
-267771719399.06427 48057554076.787766 219714165322.2765
best chromosome
[1.002141722135557e-18, -1.4514853009249162e-12, -2.277421811016895e-13, 4.616187765578604e-11, -1.7569132185862766e-10, -1.8233930125791804e-15, 8.554322531616716e-16, 2.2179906288723927e-05, -2.0296438711124216e-06, -1.5905834651676653e-08, 9.866419528488866e-10]

*******************************************************************************************************************

fitness:
-253115704968.55087 54409825275.92057 198705879692.6303
best chromosome
[9.992389429440603e-19, -1.462854371196495e-12, -2.2888670810587034e-13, 4.615446046275065e-11, -1.7566489331346213e-10, -1.823134630577254e-15, 8.592543887952965e-16, 2.2435688819562693e-05, -2.008038448141585e-06, -1.5933947353635983e-08, 9.750940633661276e-10]

********************************************************************************************************************

fitness:
-252149094169.102 49606719183.68074 202542374985.42126
best chromosome
[9.998629361632105e-19, -1.357957623214199e-12, -2.289194814181405e-13, 4.6194850310987145e-11, -1.7573497684288645e-10, -1.7847405454880526e-15, 8.421120405802816e-16, 2.2431724525280516e-05, -2.0128618800491504e-06, -1.5827243080374954e-08, 9.74462127355746e-10]


********************************************************************************************************************
fitness:
-249155728164.7779 51996422417.43257 197159305747.3453
best chromosome
[9.994433165376983e-19, -1.3576590385879087e-12, -2.2875993959613847e-13, 4.6224869408401825e-11, -1.7573713045016915e-10, -1.7835894419601525e-15, 8.425447882678462e-16, 2.2469266114149564e-05, -2.006930049154614e-06, -1.5860026654078835e-08, 9.720014013835568e-10]


********************************************************************************************************************

fitness:
-236424978932.02606 50182398960.82402 186242579971.20206
best chromosome
[1.0013525103431561e-18, -1.3647771066206762e-12, -2.294758765524377e-13, 4.618264502368097e-11, -1.761126648521579e-10, -1.7785368087487815e-15, 8.395285643039735e-16, 2.2669757579885254e-05, -1.9838589201201057e-06, -1.5850335493844227e-08, 9.604709485957068e-10]


********************************************************************************************************************


********************************************************************************************************************


********************************************************************************************************************


********************************************************************************************************************


********************************************************************************************************************


********************************************************************************************************************


********************************************************************************************************************


********************************************************************************************************************


********************************************************************************************************************

