

MUTATION: 

RECEIVED FOR MUTATTION: [[ 9.92601317e-19 -1.32688692e-12 -2.35124596e-13  4.88992154e-11
  -1.95769410e-10 -5.54665994e-16  9.34901819e-16  3.15086761e-05
  -2.05289711e-06 -1.41361910e-08  8.50735196e-10]
 [ 9.92601317e-19 -1.32688692e-12 -2.35124596e-13  4.88992154e-11
  -1.95769410e-10 -5.54665994e-16  9.34901819e-16  3.15086761e-05
  -2.05289711e-06 -1.41361910e-08  8.50735196e-10]
 [ 9.92601317e-19 -1.32688692e-12 -2.35124596e-13  4.88992154e-11
  -1.95769410e-10 -5.54665994e-16  9.34901819e-16  3.15086761e-05
  -2.05289711e-06 -1.41361910e-08  8.50735196e-10]
 [ 9.92601317e-19 -1.32688692e-12 -2.35124596e-13  4.88992154e-11
  -1.95769410e-10 -5.54665994e-16  9.34901819e-16  3.15086761e-05
  -2.05289711e-06 -1.41361910e-08  8.50735196e-10]
 [ 9.92601317e-19 -1.32688692e-12 -2.35124596e-13  4.88992154e-11
  -1.95769410e-10 -5.54665994e-16  9.34901819e-16  3.15086761e-05
  -2.05289711e-06 -1.41361910e-08  8.50735196e-10]
 [ 9.92601317e-19 -1.32688692e-12 -2.35124596e-13  4.88992154e-11
  -1.95769410e-10 -5.54665994e-16  9.34901819e-16  3.15086761e-05
  -2.05289711e-06 -1.41361910e-08  8.50735196e-10]
 [ 9.92601317e-19 -1.32688692e-12 -2.35124596e-13  4.88992154e-11
  -1.95769410e-10 -5.54665994e-16  9.34901819e-16  3.15086761e-05
  -2.05289711e-06 -1.41361910e-08  8.50735196e-10]
 [ 9.92601317e-19 -1.32688692e-12 -2.35124596e-13  4.88992154e-11
  -1.95769410e-10 -5.54665994e-16  9.34901819e-16  3.15086761e-05
  -2.05289711e-06 -1.41361910e-08  8.50735196e-10]]

Mutated feature:[[ 9.87160037e-19 -1.33191020e-12 -2.34637160e-13  4.91418243e-11
  -1.96640259e-10 -5.54453357e-16  9.38798313e-16  3.12835056e-05
  -2.04008100e-06 -1.42187880e-08  8.53671840e-10]
 [ 1.00119070e-18 -1.32214022e-12 -2.33535952e-13  4.85348257e-11
  -1.94686994e-10 -5.49423166e-16  9.34901819e-16  3.17392762e-05
  -2.04748663e-06 -1.41361910e-08  8.53716683e-10]
 [ 9.92601317e-19 -1.33302867e-12 -2.36260335e-13  4.91622558e-11
  -1.96750739e-10 -5.55595365e-16  9.34901819e-16  3.16755875e-05
  -2.05289711e-06 -1.42174692e-08  8.43207816e-10]
 [ 9.95330877e-19 -1.32088072e-12 -2.34505001e-13  4.87997889e-11
  -1.94020884e-10 -5.56751864e-16  9.38710571e-16  3.15640997e-05
  -2.06017637e-06 -1.40240064e-08  8.58407532e-10]
 [ 9.88545453e-19 -1.33463205e-12 -2.34630305e-13  4.85487312e-11
  -1.95488029e-10 -5.55183660e-16  9.28023858e-16  3.13674526e-05
  -2.03511053e-06 -1.41909425e-08  8.43142099e-10]
 [ 9.99061080e-19 -1.32688692e-12 -2.35124596e-13  4.84596160e-11
  -1.96451048e-10 -5.54665994e-16  9.42602367e-16  3.15086761e-05
  -2.05289711e-06 -1.40712817e-08  8.58309291e-10]
 [ 9.90858226e-19 -1.31512793e-12 -2.33647257e-13  4.88992154e-11
  -1.96964138e-10 -5.54665994e-16  9.34901819e-16  3.13437102e-05
  -2.05301077e-06 -1.41938051e-08  8.45522571e-10]
 [ 9.98519211e-19 -1.33692723e-12 -2.32933782e-13  4.90216786e-11
  -1.97218646e-10 -5.49911430e-16  9.34019664e-16  3.17567911e-05
  -2.05289711e-06 -1.41361910e-08  8.49569367e-10]]



POPULATION: [[ 9.92601317e-19 -1.32688692e-12 -2.35124596e-13  4.88992154e-11
  -1.95769410e-10 -5.54665994e-16  9.34901819e-16  3.15086761e-05
  -2.05289711e-06 -1.41361910e-08  8.50735196e-10]
 [ 1.00119070e-18 -1.32214022e-12 -2.33535952e-13  4.85348257e-11
  -1.94686994e-10 -5.49423166e-16  9.34901819e-16  3.17392762e-05
  -2.04748663e-06 -1.41361910e-08  8.53716683e-10]
 [ 9.92601317e-19 -1.33302867e-12 -2.36260335e-13  4.91622558e-11
  -1.96750739e-10 -5.55595365e-16  9.34901819e-16  3.16755875e-05
  -2.05289711e-06 -1.42174692e-08  8.43207816e-10]
 [ 9.95330877e-19 -1.32088072e-12 -2.34505001e-13  4.87997889e-11
  -1.94020884e-10 -5.56751864e-16  9.38710571e-16  3.15640997e-05
  -2.06017637e-06 -1.40240064e-08  8.58407532e-10]
 [ 9.88545453e-19 -1.33463205e-12 -2.34630305e-13  4.85487312e-11
  -1.95488029e-10 -5.55183660e-16  9.28023858e-16  3.13674526e-05
  -2.03511053e-06 -1.41909425e-08  8.43142099e-10]
 [ 9.99061080e-19 -1.32688692e-12 -2.35124596e-13  4.84596160e-11
  -1.96451048e-10 -5.54665994e-16  9.42602367e-16  3.15086761e-05
  -2.05289711e-06 -1.40712817e-08  8.58309291e-10]
 [ 9.90858226e-19 -1.31512793e-12 -2.33647257e-13  4.88992154e-11
  -1.96964138e-10 -5.54665994e-16  9.34901819e-16  3.13437102e-05
  -2.05301077e-06 -1.41938051e-08  8.45522571e-10]
 [ 9.98519211e-19 -1.33692723e-12 -2.32933782e-13  4.90216786e-11
  -1.97218646e-10 -5.49911430e-16  9.34019664e-16  3.17567911e-05
  -2.05289711e-06 -1.41361910e-08  8.49569367e-10]]


sending vector for error: [ 9.92601317e-19 -1.32688692e-12 -2.35124596e-13  4.88992154e-11
 -1.95769410e-10 -5.54665994e-16  9.34901819e-16  3.15086761e-05
 -2.05289711e-06 -1.41361910e-08  8.50735196e-10]
received errors: 446436221801.8639    101017175163.84435

sending vector for error: [ 1.00119070e-18 -1.32214022e-12 -2.33535952e-13  4.85348257e-11
 -1.94686994e-10 -5.49423166e-16  9.34901819e-16  3.17392762e-05
 -2.04748663e-06 -1.41361910e-08  8.53716683e-10]
received errors: 440604595187.5846    186032650989.68048

sending vector for error: [ 9.92601317e-19 -1.33302867e-12 -2.36260335e-13  4.91622558e-11
 -1.96750739e-10 -5.55595365e-16  9.34901819e-16  3.16755875e-05
 -2.05289711e-06 -1.42174692e-08  8.43207816e-10]
received errors: 517804700598.64386    105998703916.12978

sending vector for error: [ 9.95330877e-19 -1.32088072e-12 -2.34505001e-13  4.87997889e-11
 -1.94020884e-10 -5.56751864e-16  9.38710571e-16  3.15640997e-05
 -2.06017637e-06 -1.40240064e-08  8.58407532e-10]
received errors: 450566344701.8124    190337461896.5075

sending vector for error: [ 9.88545453e-19 -1.33463205e-12 -2.34630305e-13  4.85487312e-11
 -1.95488029e-10 -5.55183660e-16  9.28023858e-16  3.13674526e-05
 -2.03511053e-06 -1.41909425e-08  8.43142099e-10]
received errors: 435044790791.3194    86596934354.21309

sending vector for error: [ 9.99061080e-19 -1.32688692e-12 -2.35124596e-13  4.84596160e-11
 -1.96451048e-10 -5.54665994e-16  9.42602367e-16  3.15086761e-05
 -2.05289711e-06 -1.40712817e-08  8.58309291e-10]
received errors: 440118162886.74786    219875257077.9378

sending vector for error: [ 9.90858226e-19 -1.31512793e-12 -2.33647257e-13  4.88992154e-11
 -1.96964138e-10 -5.54665994e-16  9.34901819e-16  3.13437102e-05
 -2.05301077e-06 -1.41938051e-08  8.45522571e-10]
received errors: 502221370229.10986    112955088554.28279

sending vector for error: [ 9.98519211e-19 -1.33692723e-12 -2.32933782e-13  4.90216786e-11
 -1.97218646e-10 -5.49911430e-16  9.34019664e-16  3.17567911e-05
 -2.05289711e-06 -1.41361910e-08  8.49569367e-10]
received errors: 456104006389.06384    105064952702.09335


CROSSOVER:


	parent1 = [ 9.90858226e-19 -1.31512793e-12 -2.33647257e-13  4.88992154e-11
 -1.96964138e-10 -5.54665994e-16  9.34901819e-16  3.13437102e-05
 -2.05301077e-06 -1.41938051e-08  8.45522571e-10]
	parent2 = [ 9.90858226e-19 -1.31512793e-12 -2.33647257e-13  4.88992154e-11
 -1.96964138e-10 -5.54665994e-16  9.34901819e-16  3.13437102e-05
 -2.05301077e-06 -1.41938051e-08  8.45522571e-10]
	cutoff index = 10
	child 1 = [ 9.90858226e-19 -1.31512793e-12 -2.33647257e-13  4.88992154e-11
 -1.96964138e-10 -5.54665994e-16  9.34901819e-16  3.13437102e-05
 -2.05301077e-06 -1.41938051e-08  8.45522571e-10]
	child 2 = [ 9.90858226e-19 -1.31512793e-12 -2.33647257e-13  4.88992154e-11
 -1.96964138e-10 -5.54665994e-16  9.34901819e-16  3.13437102e-05
 -2.05301077e-06 -1.41938051e-08  8.45522571e-10]


CROSSOVER:


	parent1 = [ 9.95330877e-19 -1.32088072e-12 -2.34505001e-13  4.87997889e-11
 -1.94020884e-10 -5.56751864e-16  9.38710571e-16  3.15640997e-05
 -2.06017637e-06 -1.40240064e-08  8.58407532e-10]
	parent2 = [ 9.92601317e-19 -1.32688692e-12 -2.35124596e-13  4.88992154e-11
 -1.95769410e-10 -5.54665994e-16  9.34901819e-16  3.15086761e-05
 -2.05289711e-06 -1.41361910e-08  8.50735196e-10]
	cutoff index = 0
	child 1 = [ 9.92601317e-19 -1.32688692e-12 -2.35124596e-13  4.88992154e-11
 -1.95769410e-10 -5.54665994e-16  9.34901819e-16  3.15086761e-05
 -2.05289711e-06 -1.41361910e-08  8.50735196e-10]
	child 2 = [ 9.95330877e-19 -1.32088072e-12 -2.34505001e-13  4.87997889e-11
 -1.94020884e-10 -5.56751864e-16  9.38710571e-16  3.15640997e-05
 -2.06017637e-06 -1.40240064e-08  8.58407532e-10]


CROSSOVER:


	parent1 = [ 9.92601317e-19 -1.33302867e-12 -2.36260335e-13  4.91622558e-11
 -1.96750739e-10 -5.55595365e-16  9.34901819e-16  3.16755875e-05
 -2.05289711e-06 -1.42174692e-08  8.43207816e-10]
	parent2 = [ 9.88545453e-19 -1.33463205e-12 -2.34630305e-13  4.85487312e-11
 -1.95488029e-10 -5.55183660e-16  9.28023858e-16  3.13674526e-05
 -2.03511053e-06 -1.41909425e-08  8.43142099e-10]
	cutoff index = 1
	child 1 = [ 9.92601317e-19 -1.33463205e-12 -2.34630305e-13  4.85487312e-11
 -1.95488029e-10 -5.55183660e-16  9.28023858e-16  3.13674526e-05
 -2.03511053e-06 -1.41909425e-08  8.43142099e-10]
	child 2 = [ 9.92601317e-19 -1.33302867e-12 -2.36260335e-13  4.91622558e-11
 -1.96750739e-10 -5.55595365e-16  9.34901819e-16  3.16755875e-05
 -2.05289711e-06 -1.42174692e-08  8.43207816e-10]


CROSSOVER:


	parent1 = [ 9.98519211e-19 -1.33692723e-12 -2.32933782e-13  4.90216786e-11
 -1.97218646e-10 -5.49911430e-16  9.34019664e-16  3.17567911e-05
 -2.05289711e-06 -1.41361910e-08  8.49569367e-10]
	parent2 = [ 9.92601317e-19 -1.33463205e-12 -2.34630305e-13  4.85487312e-11
 -1.95488029e-10 -5.55183660e-16  9.28023858e-16  3.13674526e-05
 -2.03511053e-06 -1.41909425e-08  8.43142099e-10]
	cutoff index = 10
	child 1 = [ 9.98519211e-19 -1.33692723e-12 -2.32933782e-13  4.90216786e-11
 -1.97218646e-10 -5.49911430e-16  9.34019664e-16  3.17567911e-05
 -2.05289711e-06 -1.41361910e-08  8.43142099e-10]
	child 2 = [ 9.98519211e-19 -1.33692723e-12 -2.32933782e-13  4.90216786e-11
 -1.97218646e-10 -5.49911430e-16  9.34019664e-16  3.17567911e-05
 -2.05289711e-06 -1.41361910e-08  8.49569367e-10]


MUTATION: 

RECEIVED FOR MUTATTION: [[ 9.90858226e-19 -1.31512793e-12 -2.33647257e-13  4.88992154e-11
  -1.96964138e-10 -5.54665994e-16  9.34901819e-16  3.13437102e-05
  -2.05301077e-06 -1.41938051e-08  8.45522571e-10]
 [ 9.90858226e-19 -1.31512793e-12 -2.33647257e-13  4.88992154e-11
  -1.96964138e-10 -5.54665994e-16  9.34901819e-16  3.13437102e-05
  -2.05301077e-06 -1.41938051e-08  8.45522571e-10]
 [ 9.92601317e-19 -1.32688692e-12 -2.35124596e-13  4.88992154e-11
  -1.95769410e-10 -5.54665994e-16  9.34901819e-16  3.15086761e-05
  -2.05289711e-06 -1.41361910e-08  8.50735196e-10]
 [ 9.95330877e-19 -1.32088072e-12 -2.34505001e-13  4.87997889e-11
  -1.94020884e-10 -5.56751864e-16  9.38710571e-16  3.15640997e-05
  -2.06017637e-06 -1.40240064e-08  8.58407532e-10]
 [ 9.98519211e-19 -1.33692723e-12 -2.32933782e-13  4.90216786e-11
  -1.97218646e-10 -5.49911430e-16  9.34019664e-16  3.17567911e-05
  -2.05289711e-06 -1.41361910e-08  8.43142099e-10]
 [ 9.92601317e-19 -1.33302867e-12 -2.36260335e-13  4.91622558e-11
  -1.96750739e-10 -5.55595365e-16  9.34901819e-16  3.16755875e-05
  -2.05289711e-06 -1.42174692e-08  8.43207816e-10]
 [ 9.98519211e-19 -1.33692723e-12 -2.32933782e-13  4.90216786e-11
  -1.97218646e-10 -5.49911430e-16  9.34019664e-16  3.17567911e-05
  -2.05289711e-06 -1.41361910e-08  8.43142099e-10]
 [ 9.98519211e-19 -1.33692723e-12 -2.32933782e-13  4.90216786e-11
  -1.97218646e-10 -5.49911430e-16  9.34019664e-16  3.17567911e-05
  -2.05289711e-06 -1.41361910e-08  8.49569367e-10]]

Mutated feature:[[ 9.86120931e-19 -1.32497314e-12 -2.35122569e-13  4.88992154e-11
  -1.95191634e-10 -5.59108515e-16  9.32071330e-16  3.10520736e-05
  -2.04535269e-06 -1.42934939e-08  8.45522571e-10]
 [ 9.86011459e-19 -1.30582454e-12 -2.33218537e-13  4.90030518e-11
  -1.97835898e-10 -5.54665994e-16  9.41246602e-16  3.13437102e-05
  -2.06093953e-06 -1.43223869e-08  8.41758859e-10]
 [ 1.00094871e-18 -1.32688692e-12 -2.35124596e-13  4.88992154e-11
  -1.95539109e-10 -5.54127181e-16  9.39416735e-16  3.17707858e-05
  -2.06985337e-06 -1.42437925e-08  8.45069286e-10]
 [ 9.94563172e-19 -1.33373032e-12 -2.35636756e-13  4.90343886e-11
  -1.93364802e-10 -5.55623427e-16  9.40395931e-16  3.15640997e-05
  -2.07158238e-06 -1.41386728e-08  8.52453275e-10]
 [ 9.92003140e-19 -1.33287658e-12 -2.32703779e-13  4.88932604e-11
  -1.96746148e-10 -5.51361522e-16  9.34019664e-16  3.15056265e-05
  -2.05176179e-06 -1.41685245e-08  8.46661635e-10]
 [ 9.94332314e-19 -1.32590330e-12 -2.38202997e-13  4.91622558e-11
  -1.96389606e-10 -5.55595365e-16  9.37620728e-16  3.16755875e-05
  -2.05675869e-06 -1.41928473e-08  8.47420720e-10]
 [ 9.98428212e-19 -1.33402946e-12 -2.32243756e-13  4.91936037e-11
  -1.98972120e-10 -5.47707388e-16  9.26010155e-16  3.17567911e-05
  -2.05289711e-06 -1.39987468e-08  8.49710688e-10]
 [ 9.98865756e-19 -1.34891906e-12 -2.35182333e-13  4.90216786e-11
  -1.98422974e-10 -5.49911430e-16  9.34019664e-16  3.17567911e-05
  -2.05041301e-06 -1.40436671e-08  8.49569367e-10]]


sending vector for error: [ 9.86120931e-19 -1.32497314e-12 -2.35122569e-13  4.88992154e-11
 -1.95191634e-10 -5.59108515e-16  9.32071330e-16  3.10520736e-05
 -2.04535269e-06 -1.42934939e-08  8.45522571e-10]
received errors: 488491756801.1935    128175472292.6016

sending vector for error: [ 9.86011459e-19 -1.30582454e-12 -2.33218537e-13  4.90030518e-11
 -1.97835898e-10 -5.54665994e-16  9.41246602e-16  3.13437102e-05
 -2.06093953e-06 -1.43223869e-08  8.41758859e-10]
received errors: 661340878501.8383    279248253947.82135

sending vector for error: [ 1.00094871e-18 -1.32688692e-12 -2.35124596e-13  4.88992154e-11
 -1.95539109e-10 -5.54127181e-16  9.39416735e-16  3.17707858e-05
 -2.06985337e-06 -1.42437925e-08  8.45069286e-10]
received errors: 608551673799.2522    174100358370.6584

sending vector for error: [ 9.94563172e-19 -1.33373032e-12 -2.35636756e-13  4.90343886e-11
 -1.93364802e-10 -5.55623427e-16  9.40395931e-16  3.15640997e-05
 -2.07158238e-06 -1.41386728e-08  8.52453275e-10]
received errors: 511166923074.5789    105419412420.3261

sending vector for error: [ 9.92003140e-19 -1.33287658e-12 -2.32703779e-13  4.88932604e-11
 -1.96746148e-10 -5.51361522e-16  9.34019664e-16  3.15056265e-05
 -2.05176179e-06 -1.41685245e-08  8.46661635e-10]
received errors: 473463165559.1494    92212309137.49579

sending vector for error: [ 9.94332314e-19 -1.32590330e-12 -2.38202997e-13  4.91622558e-11
 -1.96389606e-10 -5.55595365e-16  9.37620728e-16  3.16755875e-05
 -2.05675869e-06 -1.41928473e-08  8.47420720e-10]
received errors: 489054786702.71564    92571580345.3846

sending vector for error: [ 9.98428212e-19 -1.33402946e-12 -2.32243756e-13  4.91936037e-11
 -1.98972120e-10 -5.47707388e-16  9.26010155e-16  3.17567911e-05
 -2.05289711e-06 -1.39987468e-08  8.49710688e-10]
received errors: 461129197746.4671    135092726054.54634

sending vector for error: [ 9.98865756e-19 -1.34891906e-12 -2.35182333e-13  4.90216786e-11
 -1.98422974e-10 -5.49911430e-16  9.34019664e-16  3.17567911e-05
 -2.05041301e-06 -1.40436671e-08  8.49569367e-10]
received errors: 454354247607.8563    133632863506.68083


CROSSOVER:


	parent1 = [ 9.86120931e-19 -1.32497314e-12 -2.35122569e-13  4.88992154e-11
 -1.95191634e-10 -5.59108515e-16  9.32071330e-16  3.10520736e-05
 -2.04535269e-06 -1.42934939e-08  8.45522571e-10]
	parent2 = [ 9.94563172e-19 -1.33373032e-12 -2.35636756e-13  4.90343886e-11
 -1.93364802e-10 -5.55623427e-16  9.40395931e-16  3.15640997e-05
 -2.07158238e-06 -1.41386728e-08  8.52453275e-10]
	cutoff index = 2
	child 1 = [ 9.86120931e-19 -1.32497314e-12 -2.35636756e-13  4.90343886e-11
 -1.93364802e-10 -5.55623427e-16  9.40395931e-16  3.15640997e-05
 -2.07158238e-06 -1.41386728e-08  8.52453275e-10]
	child 2 = [ 9.86120931e-19 -1.32497314e-12 -2.35122569e-13  4.88992154e-11
 -1.95191634e-10 -5.59108515e-16  9.32071330e-16  3.10520736e-05
 -2.04535269e-06 -1.42934939e-08  8.45522571e-10]


CROSSOVER:


	parent1 = [ 9.98428212e-19 -1.33402946e-12 -2.32243756e-13  4.91936037e-11
 -1.98972120e-10 -5.47707388e-16  9.26010155e-16  3.17567911e-05
 -2.05289711e-06 -1.39987468e-08  8.49710688e-10]
	parent2 = [ 9.98865756e-19 -1.34891906e-12 -2.35182333e-13  4.90216786e-11
 -1.98422974e-10 -5.49911430e-16  9.34019664e-16  3.17567911e-05
 -2.05041301e-06 -1.40436671e-08  8.49569367e-10]
	cutoff index = 2
	child 1 = [ 9.98428212e-19 -1.33402946e-12 -2.35182333e-13  4.90216786e-11
 -1.98422974e-10 -5.49911430e-16  9.34019664e-16  3.17567911e-05
 -2.05041301e-06 -1.40436671e-08  8.49569367e-10]
	child 2 = [ 9.98428212e-19 -1.33402946e-12 -2.32243756e-13  4.91936037e-11
 -1.98972120e-10 -5.47707388e-16  9.26010155e-16  3.17567911e-05
 -2.05289711e-06 -1.39987468e-08  8.49710688e-10]


CROSSOVER:


	parent1 = [ 9.98428212e-19 -1.33402946e-12 -2.35182333e-13  4.90216786e-11
 -1.98422974e-10 -5.49911430e-16  9.34019664e-16  3.17567911e-05
 -2.05041301e-06 -1.40436671e-08  8.49569367e-10]
	parent2 = [ 9.86120931e-19 -1.32497314e-12 -2.35122569e-13  4.88992154e-11
 -1.95191634e-10 -5.59108515e-16  9.32071330e-16  3.10520736e-05
 -2.04535269e-06 -1.42934939e-08  8.45522571e-10]
	cutoff index = 8
	child 1 = [ 9.98428212e-19 -1.33402946e-12 -2.35182333e-13  4.90216786e-11
 -1.98422974e-10 -5.49911430e-16  9.34019664e-16  3.17567911e-05
 -2.04535269e-06 -1.42934939e-08  8.45522571e-10]
	child 2 = [ 9.98428212e-19 -1.33402946e-12 -2.35182333e-13  4.90216786e-11
 -1.98422974e-10 -5.49911430e-16  9.34019664e-16  3.17567911e-05
 -2.05041301e-06 -1.40436671e-08  8.49569367e-10]


CROSSOVER:


	parent1 = [ 9.94332314e-19 -1.32590330e-12 -2.38202997e-13  4.91622558e-11
 -1.96389606e-10 -5.55595365e-16  9.37620728e-16  3.16755875e-05
 -2.05675869e-06 -1.41928473e-08  8.47420720e-10]
	parent2 = [ 9.98428212e-19 -1.33402946e-12 -2.32243756e-13  4.91936037e-11
 -1.98972120e-10 -5.47707388e-16  9.26010155e-16  3.17567911e-05
 -2.05289711e-06 -1.39987468e-08  8.49710688e-10]
	cutoff index = 9
	child 1 = [ 9.94332314e-19 -1.32590330e-12 -2.38202997e-13  4.91622558e-11
 -1.96389606e-10 -5.55595365e-16  9.37620728e-16  3.16755875e-05
 -2.05675869e-06 -1.39987468e-08  8.49710688e-10]
	child 2 = [ 9.94332314e-19 -1.32590330e-12 -2.38202997e-13  4.91622558e-11
 -1.96389606e-10 -5.55595365e-16  9.37620728e-16  3.16755875e-05
 -2.05675869e-06 -1.41928473e-08  8.47420720e-10]


MUTATION: 

RECEIVED FOR MUTATTION: [[ 9.86120931e-19 -1.32497314e-12 -2.35636756e-13  4.90343886e-11
  -1.93364802e-10 -5.55623427e-16  9.40395931e-16  3.15640997e-05
  -2.07158238e-06 -1.41386728e-08  8.52453275e-10]
 [ 9.98428212e-19 -1.33402946e-12 -2.35182333e-13  4.90216786e-11
  -1.98422974e-10 -5.49911430e-16  9.34019664e-16  3.17567911e-05
  -2.04535269e-06 -1.42934939e-08  8.45522571e-10]
 [ 9.98428212e-19 -1.33402946e-12 -2.35182333e-13  4.90216786e-11
  -1.98422974e-10 -5.49911430e-16  9.34019664e-16  3.17567911e-05
  -2.05041301e-06 -1.40436671e-08  8.49569367e-10]
 [ 9.94332314e-19 -1.32590330e-12 -2.38202997e-13  4.91622558e-11
  -1.96389606e-10 -5.55595365e-16  9.37620728e-16  3.16755875e-05
  -2.05675869e-06 -1.39987468e-08  8.49710688e-10]
 [ 9.98428212e-19 -1.33402946e-12 -2.35182333e-13  4.90216786e-11
  -1.98422974e-10 -5.49911430e-16  9.34019664e-16  3.17567911e-05
  -2.04535269e-06 -1.42934939e-08  8.45522571e-10]
 [ 9.98428212e-19 -1.33402946e-12 -2.35182333e-13  4.90216786e-11
  -1.98422974e-10 -5.49911430e-16  9.34019664e-16  3.17567911e-05
  -2.05041301e-06 -1.40436671e-08  8.49569367e-10]
 [ 9.94332314e-19 -1.32590330e-12 -2.38202997e-13  4.91622558e-11
  -1.96389606e-10 -5.55595365e-16  9.37620728e-16  3.16755875e-05
  -2.05675869e-06 -1.39987468e-08  8.49710688e-10]
 [ 9.94332314e-19 -1.32590330e-12 -2.38202997e-13  4.91622558e-11
  -1.96389606e-10 -5.55595365e-16  9.37620728e-16  3.16755875e-05
  -2.05675869e-06 -1.41928473e-08  8.47420720e-10]]

Mutated feature:[[ 9.77644924e-19 -1.32497314e-12 -2.35636756e-13  4.86245891e-11
  -1.93364802e-10 -5.55623427e-16  9.33532428e-16  3.13430879e-05
  -2.08307958e-06 -1.41335195e-08  8.55970912e-10]
 [ 9.98428212e-19 -1.33402946e-12 -2.34915731e-13  4.87621520e-11
  -1.98422974e-10 -5.47278163e-16  9.34019664e-16  3.17699273e-05
  -2.05293746e-06 -1.42934939e-08  8.37676184e-10]
 [ 1.00067973e-18 -1.32264980e-12 -2.33520585e-13  4.90942050e-11
  -1.97277319e-10 -5.50029280e-16  9.41123391e-16  3.14614582e-05
  -2.04570257e-06 -1.40154580e-08  8.49569367e-10]
 [ 9.86887653e-19 -1.32434882e-12 -2.38202997e-13  4.92659758e-11
  -1.95792678e-10 -5.55595365e-16  9.44319583e-16  3.16755875e-05
  -2.04389734e-06 -1.39987468e-08  8.47876711e-10]
 [ 9.89100927e-19 -1.32762541e-12 -2.33823697e-13  4.92839425e-11
  -1.97216474e-10 -5.54743509e-16  9.34019664e-16  3.15077374e-05
  -2.04050694e-06 -1.43830876e-08  8.38913474e-10]
 [ 9.95683941e-19 -1.32260318e-12 -2.35182333e-13  4.90216786e-11
  -1.99588594e-10 -5.45208589e-16  9.34019664e-16  3.15190667e-05
  -2.03413174e-06 -1.40797230e-08  8.52751397e-10]
 [ 9.88537410e-19 -1.33879553e-12 -2.36258158e-13  4.94794254e-11
  -1.96456917e-10 -5.57352483e-16  9.37620728e-16  3.16026736e-05
  -2.05124889e-06 -1.39987468e-08  8.42318678e-10]
 [ 9.96691385e-19 -1.31362381e-12 -2.36336142e-13  4.95063399e-11
  -1.97228804e-10 -5.52951459e-16  9.30442618e-16  3.14953760e-05
  -2.03731755e-06 -1.42222765e-08  8.39609545e-10]]


sending vector for error: [ 9.77644924e-19 -1.32497314e-12 -2.35636756e-13  4.86245891e-11
 -1.93364802e-10 -5.55623427e-16  9.33532428e-16  3.13430879e-05
 -2.08307958e-06 -1.41335195e-08  8.55970912e-10]
received errors: 546451631099.26404    139419918263.69403

sending vector for error: [ 9.98428212e-19 -1.33402946e-12 -2.34915731e-13  4.87621520e-11
 -1.98422974e-10 -5.47278163e-16  9.34019664e-16  3.17699273e-05
 -2.05293746e-06 -1.42934939e-08  8.37676184e-10]
received errors: 609462406531.7722    184427037634.70953

sending vector for error: [ 1.00067973e-18 -1.32264980e-12 -2.33520585e-13  4.90942050e-11
 -1.97277319e-10 -5.50029280e-16  9.41123391e-16  3.14614582e-05
 -2.04570257e-06 -1.40154580e-08  8.49569367e-10]
received errors: 436110727840.80457    135424229457.04146

sending vector for error: [ 9.86887653e-19 -1.32434882e-12 -2.38202997e-13  4.92659758e-11
 -1.95792678e-10 -5.55595365e-16  9.44319583e-16  3.16755875e-05
 -2.04389734e-06 -1.39987468e-08  8.47876711e-10]
received errors: 446868335879.9059    147774960585.86096

sending vector for error: [ 9.89100927e-19 -1.32762541e-12 -2.33823697e-13  4.92839425e-11
 -1.97216474e-10 -5.54743509e-16  9.34019664e-16  3.15077374e-05
 -2.04050694e-06 -1.43830876e-08  8.38913474e-10]
received errors: 536951425413.4456    146823633708.1313

sending vector for error: [ 9.95683941e-19 -1.32260318e-12 -2.35182333e-13  4.90216786e-11
 -1.99588594e-10 -5.45208589e-16  9.34019664e-16  3.15190667e-05
 -2.03413174e-06 -1.40797230e-08  8.52751397e-10]
received errors: 436417546461.8171    272781125706.0467

sending vector for error: [ 9.88537410e-19 -1.33879553e-12 -2.36258158e-13  4.94794254e-11
 -1.96456917e-10 -5.57352483e-16  9.37620728e-16  3.16026736e-05
 -2.05124889e-06 -1.39987468e-08  8.42318678e-10]
received errors: 495228921374.97833    87814619647.97665

sending vector for error: [ 9.96691385e-19 -1.31362381e-12 -2.36336142e-13  4.95063399e-11
 -1.97228804e-10 -5.52951459e-16  9.30442618e-16  3.14953760e-05
 -2.03731755e-06 -1.42222765e-08  8.39609545e-10]
received errors: 478313752378.4836    92688196201.18616


CROSSOVER:


	parent1 = [ 9.88537410e-19 -1.33879553e-12 -2.36258158e-13  4.94794254e-11
 -1.96456917e-10 -5.57352483e-16  9.37620728e-16  3.16026736e-05
 -2.05124889e-06 -1.39987468e-08  8.42318678e-10]
	parent2 = [ 9.96691385e-19 -1.31362381e-12 -2.36336142e-13  4.95063399e-11
 -1.97228804e-10 -5.52951459e-16  9.30442618e-16  3.14953760e-05
 -2.03731755e-06 -1.42222765e-08  8.39609545e-10]
	cutoff index = 0
	child 1 = [ 9.96691385e-19 -1.31362381e-12 -2.36336142e-13  4.95063399e-11
 -1.97228804e-10 -5.52951459e-16  9.30442618e-16  3.14953760e-05
 -2.03731755e-06 -1.42222765e-08  8.39609545e-10]
	child 2 = [ 9.88537410e-19 -1.33879553e-12 -2.36258158e-13  4.94794254e-11
 -1.96456917e-10 -5.57352483e-16  9.37620728e-16  3.16026736e-05
 -2.05124889e-06 -1.39987468e-08  8.42318678e-10]


CROSSOVER:


	parent1 = [ 9.77644924e-19 -1.32497314e-12 -2.35636756e-13  4.86245891e-11
 -1.93364802e-10 -5.55623427e-16  9.33532428e-16  3.13430879e-05
 -2.08307958e-06 -1.41335195e-08  8.55970912e-10]
	parent2 = [ 9.96691385e-19 -1.31362381e-12 -2.36336142e-13  4.95063399e-11
 -1.97228804e-10 -5.52951459e-16  9.30442618e-16  3.14953760e-05
 -2.03731755e-06 -1.42222765e-08  8.39609545e-10]
	cutoff index = 4
	child 1 = [ 9.77644924e-19 -1.32497314e-12 -2.35636756e-13  4.86245891e-11
 -1.97228804e-10 -5.52951459e-16  9.30442618e-16  3.14953760e-05
 -2.03731755e-06 -1.42222765e-08  8.39609545e-10]
	child 2 = [ 9.77644924e-19 -1.32497314e-12 -2.35636756e-13  4.86245891e-11
 -1.93364802e-10 -5.55623427e-16  9.33532428e-16  3.13430879e-05
 -2.08307958e-06 -1.41335195e-08  8.55970912e-10]


CROSSOVER:


	parent1 = [ 9.88537410e-19 -1.33879553e-12 -2.36258158e-13  4.94794254e-11
 -1.96456917e-10 -5.57352483e-16  9.37620728e-16  3.16026736e-05
 -2.05124889e-06 -1.39987468e-08  8.42318678e-10]
	parent2 = [ 9.89100927e-19 -1.32762541e-12 -2.33823697e-13  4.92839425e-11
 -1.97216474e-10 -5.54743509e-16  9.34019664e-16  3.15077374e-05
 -2.04050694e-06 -1.43830876e-08  8.38913474e-10]
	cutoff index = 5
	child 1 = [ 9.88537410e-19 -1.33879553e-12 -2.36258158e-13  4.94794254e-11
 -1.96456917e-10 -5.54743509e-16  9.34019664e-16  3.15077374e-05
 -2.04050694e-06 -1.43830876e-08  8.38913474e-10]
	child 2 = [ 9.88537410e-19 -1.33879553e-12 -2.36258158e-13  4.94794254e-11
 -1.96456917e-10 -5.57352483e-16  9.37620728e-16  3.16026736e-05
 -2.05124889e-06 -1.39987468e-08  8.42318678e-10]


CROSSOVER:


	parent1 = [ 1.00067973e-18 -1.32264980e-12 -2.33520585e-13  4.90942050e-11
 -1.97277319e-10 -5.50029280e-16  9.41123391e-16  3.14614582e-05
 -2.04570257e-06 -1.40154580e-08  8.49569367e-10]
	parent2 = [ 9.77644924e-19 -1.32497314e-12 -2.35636756e-13  4.86245891e-11
 -1.97228804e-10 -5.52951459e-16  9.30442618e-16  3.14953760e-05
 -2.03731755e-06 -1.42222765e-08  8.39609545e-10]
	cutoff index = 9
	child 1 = [ 1.00067973e-18 -1.32264980e-12 -2.33520585e-13  4.90942050e-11
 -1.97277319e-10 -5.50029280e-16  9.41123391e-16  3.14614582e-05
 -2.04570257e-06 -1.42222765e-08  8.39609545e-10]
	child 2 = [ 1.00067973e-18 -1.32264980e-12 -2.33520585e-13  4.90942050e-11
 -1.97277319e-10 -5.50029280e-16  9.41123391e-16  3.14614582e-05
 -2.04570257e-06 -1.40154580e-08  8.49569367e-10]


MUTATION: 

RECEIVED FOR MUTATTION: [[ 1.00067973e-18 -1.32264980e-12 -2.33520585e-13  4.90942050e-11
  -1.97277319e-10 -5.50029280e-16  9.41123391e-16  3.14614582e-05
  -2.04570257e-06 -1.42222765e-08  8.39609545e-10]
 [ 9.88537410e-19 -1.33879553e-12 -2.36258158e-13  4.94794254e-11
  -1.96456917e-10 -5.57352483e-16  9.37620728e-16  3.16026736e-05
  -2.05124889e-06 -1.39987468e-08  8.42318678e-10]
 [ 1.00067973e-18 -1.32264980e-12 -2.33520585e-13  4.90942050e-11
  -1.97277319e-10 -5.50029280e-16  9.41123391e-16  3.14614582e-05
  -2.04570257e-06 -1.42222765e-08  8.39609545e-10]
 [ 9.77644924e-19 -1.32497314e-12 -2.35636756e-13  4.86245891e-11
  -1.93364802e-10 -5.55623427e-16  9.33532428e-16  3.13430879e-05
  -2.08307958e-06 -1.41335195e-08  8.55970912e-10]
 [ 9.88537410e-19 -1.33879553e-12 -2.36258158e-13  4.94794254e-11
  -1.96456917e-10 -5.54743509e-16  9.34019664e-16  3.15077374e-05
  -2.04050694e-06 -1.43830876e-08  8.38913474e-10]
 [ 9.88537410e-19 -1.33879553e-12 -2.36258158e-13  4.94794254e-11
  -1.96456917e-10 -5.57352483e-16  9.37620728e-16  3.16026736e-05
  -2.05124889e-06 -1.39987468e-08  8.42318678e-10]
 [ 1.00067973e-18 -1.32264980e-12 -2.33520585e-13  4.90942050e-11
  -1.97277319e-10 -5.50029280e-16  9.41123391e-16  3.14614582e-05
  -2.04570257e-06 -1.42222765e-08  8.39609545e-10]
 [ 1.00067973e-18 -1.32264980e-12 -2.33520585e-13  4.90942050e-11
  -1.97277319e-10 -5.50029280e-16  9.41123391e-16  3.14614582e-05
  -2.04570257e-06 -1.40154580e-08  8.49569367e-10]]

Mutated feature:[[ 9.93107017e-19 -1.32264980e-12 -2.35829163e-13  4.93993003e-11
  -1.95452854e-10 -5.50029280e-16  9.41123391e-16  3.13869159e-05
  -2.05835733e-06 -1.42222765e-08  8.39609545e-10]
 [ 9.93268057e-19 -1.32779950e-12 -2.37248700e-13  4.93159813e-11
  -1.94598494e-10 -5.62184732e-16  9.31719322e-16  3.16855334e-05
  -2.05124889e-06 -1.39804256e-08  8.42318678e-10]
 [ 1.00748351e-18 -1.32557315e-12 -2.34895847e-13  4.87613540e-11
  -1.97309946e-10 -5.54606531e-16  9.45506827e-16  3.13554798e-05
  -2.04881421e-06 -1.42222765e-08  8.45751951e-10]
 [ 9.84947279e-19 -1.32347189e-12 -2.35636756e-13  4.90820560e-11
  -1.93364802e-10 -5.50140925e-16  9.41924269e-16  3.13430879e-05
  -2.08307958e-06 -1.42260898e-08  8.64419332e-10]
 [ 9.85397614e-19 -1.33879553e-12 -2.33951015e-13  4.94446061e-11
  -1.97260341e-10 -5.51447685e-16  9.34170361e-16  3.12153243e-05
  -2.04050694e-06 -1.43953200e-08  8.38629745e-10]
 [ 9.88537410e-19 -1.32577136e-12 -2.36258158e-13  4.98719504e-11
  -1.95499705e-10 -5.57513708e-16  9.41599325e-16  3.15542996e-05
  -2.04293792e-06 -1.39987468e-08  8.49633598e-10]
 [ 9.91585223e-19 -1.32299161e-12 -2.33520585e-13  4.87385152e-11
  -1.97961028e-10 -5.50029280e-16  9.47712624e-16  3.13398350e-05
  -2.04570257e-06 -1.41812307e-08  8.40535283e-10]
 [ 1.00067973e-18 -1.32208010e-12 -2.33632486e-13  4.90288130e-11
  -1.99058285e-10 -5.50499412e-16  9.43050631e-16  3.12056000e-05
  -2.04339201e-06 -1.40668415e-08  8.49569367e-10]]


sending vector for error: [ 9.93107017e-19 -1.32264980e-12 -2.35829163e-13  4.93993003e-11
 -1.95452854e-10 -5.50029280e-16  9.41123391e-16  3.13869159e-05
 -2.05835733e-06 -1.42222765e-08  8.39609545e-10]
received errors: 641727426516.9998    240937900969.97305

sending vector for error: [ 9.93268057e-19 -1.32779950e-12 -2.37248700e-13  4.93159813e-11
 -1.94598494e-10 -5.62184732e-16  9.31719322e-16  3.16855334e-05
 -2.05124889e-06 -1.39804256e-08  8.42318678e-10]
received errors: 493005885678.1012    85522972768.83047

sending vector for error: [ 1.00748351e-18 -1.32557315e-12 -2.34895847e-13  4.87613540e-11
 -1.97309946e-10 -5.54606531e-16  9.45506827e-16  3.13554798e-05
 -2.04881421e-06 -1.42222765e-08  8.45751951e-10]
received errors: 478650633349.5545    100823517679.32167

sending vector for error: [ 9.84947279e-19 -1.32347189e-12 -2.35636756e-13  4.90820560e-11
 -1.93364802e-10 -5.50140925e-16  9.41924269e-16  3.13430879e-05
 -2.08307958e-06 -1.42260898e-08  8.64419332e-10]
received errors: 466936940523.3131    112140484316.74265

sending vector for error: [ 9.85397614e-19 -1.33879553e-12 -2.33951015e-13  4.94446061e-11
 -1.97260341e-10 -5.51447685e-16  9.34170361e-16  3.12153243e-05
 -2.04050694e-06 -1.43953200e-08  8.38629745e-10]
received errors: 571231492816.221    204257690607.51752

sending vector for error: [ 9.88537410e-19 -1.32577136e-12 -2.36258158e-13  4.98719504e-11
 -1.95499705e-10 -5.57513708e-16  9.41599325e-16  3.15542996e-05
 -2.04293792e-06 -1.39987468e-08  8.49633598e-10]
received errors: 438405366260.57513    165657609470.19815

sending vector for error: [ 9.91585223e-19 -1.32299161e-12 -2.33520585e-13  4.87385152e-11
 -1.97961028e-10 -5.50029280e-16  9.47712624e-16  3.13398350e-05
 -2.04570257e-06 -1.41812307e-08  8.40535283e-10]
received errors: 518735776020.5135    123722696710.32683

sending vector for error: [ 1.00067973e-18 -1.32208010e-12 -2.33632486e-13  4.90288130e-11
 -1.99058285e-10 -5.50499412e-16  9.43050631e-16  3.12056000e-05
 -2.04339201e-06 -1.40668415e-08  8.49569367e-10]
received errors: 420955250016.38544    113539798311.57907


CROSSOVER:


	parent1 = [ 9.93268057e-19 -1.32779950e-12 -2.37248700e-13  4.93159813e-11
 -1.94598494e-10 -5.62184732e-16  9.31719322e-16  3.16855334e-05
 -2.05124889e-06 -1.39804256e-08  8.42318678e-10]
	parent2 = [ 9.88537410e-19 -1.32577136e-12 -2.36258158e-13  4.98719504e-11
 -1.95499705e-10 -5.57513708e-16  9.41599325e-16  3.15542996e-05
 -2.04293792e-06 -1.39987468e-08  8.49633598e-10]
	cutoff index = 5
	child 1 = [ 9.93268057e-19 -1.32779950e-12 -2.37248700e-13  4.93159813e-11
 -1.94598494e-10 -5.57513708e-16  9.41599325e-16  3.15542996e-05
 -2.04293792e-06 -1.39987468e-08  8.49633598e-10]
	child 2 = [ 9.93268057e-19 -1.32779950e-12 -2.37248700e-13  4.93159813e-11
 -1.94598494e-10 -5.62184732e-16  9.31719322e-16  3.16855334e-05
 -2.05124889e-06 -1.39804256e-08  8.42318678e-10]


CROSSOVER:


	parent1 = [ 9.93268057e-19 -1.32779950e-12 -2.37248700e-13  4.93159813e-11
 -1.94598494e-10 -5.62184732e-16  9.31719322e-16  3.16855334e-05
 -2.05124889e-06 -1.39804256e-08  8.42318678e-10]
	parent2 = [ 9.84947279e-19 -1.32347189e-12 -2.35636756e-13  4.90820560e-11
 -1.93364802e-10 -5.50140925e-16  9.41924269e-16  3.13430879e-05
 -2.08307958e-06 -1.42260898e-08  8.64419332e-10]
	cutoff index = 8
	child 1 = [ 9.93268057e-19 -1.32779950e-12 -2.37248700e-13  4.93159813e-11
 -1.94598494e-10 -5.62184732e-16  9.31719322e-16  3.16855334e-05
 -2.08307958e-06 -1.42260898e-08  8.64419332e-10]
	child 2 = [ 9.93268057e-19 -1.32779950e-12 -2.37248700e-13  4.93159813e-11
 -1.94598494e-10 -5.62184732e-16  9.31719322e-16  3.16855334e-05
 -2.05124889e-06 -1.39804256e-08  8.42318678e-10]


CROSSOVER:


	parent1 = [ 9.93268057e-19 -1.32779950e-12 -2.37248700e-13  4.93159813e-11
 -1.94598494e-10 -5.57513708e-16  9.41599325e-16  3.15542996e-05
 -2.04293792e-06 -1.39987468e-08  8.49633598e-10]
	parent2 = [ 9.93268057e-19 -1.32779950e-12 -2.37248700e-13  4.93159813e-11
 -1.94598494e-10 -5.57513708e-16  9.41599325e-16  3.15542996e-05
 -2.04293792e-06 -1.39987468e-08  8.49633598e-10]
	cutoff index = 10
	child 1 = [ 9.93268057e-19 -1.32779950e-12 -2.37248700e-13  4.93159813e-11
 -1.94598494e-10 -5.57513708e-16  9.41599325e-16  3.15542996e-05
 -2.04293792e-06 -1.39987468e-08  8.49633598e-10]
	child 2 = [ 9.93268057e-19 -1.32779950e-12 -2.37248700e-13  4.93159813e-11
 -1.94598494e-10 -5.57513708e-16  9.41599325e-16  3.15542996e-05
 -2.04293792e-06 -1.39987468e-08  8.49633598e-10]


CROSSOVER:


	parent1 = [ 9.93268057e-19 -1.32779950e-12 -2.37248700e-13  4.93159813e-11
 -1.94598494e-10 -5.62184732e-16  9.31719322e-16  3.16855334e-05
 -2.08307958e-06 -1.42260898e-08  8.64419332e-10]
	parent2 = [ 9.93268057e-19 -1.32779950e-12 -2.37248700e-13  4.93159813e-11
 -1.94598494e-10 -5.57513708e-16  9.41599325e-16  3.15542996e-05
 -2.04293792e-06 -1.39987468e-08  8.49633598e-10]
	cutoff index = 7
	child 1 = [ 9.93268057e-19 -1.32779950e-12 -2.37248700e-13  4.93159813e-11
 -1.94598494e-10 -5.62184732e-16  9.31719322e-16  3.15542996e-05
 -2.04293792e-06 -1.39987468e-08  8.49633598e-10]
	child 2 = [ 9.93268057e-19 -1.32779950e-12 -2.37248700e-13  4.93159813e-11
 -1.94598494e-10 -5.62184732e-16  9.31719322e-16  3.16855334e-05
 -2.08307958e-06 -1.42260898e-08  8.64419332e-10]


MUTATION: 

RECEIVED FOR MUTATTION: [[ 9.93268057e-19 -1.32779950e-12 -2.37248700e-13  4.93159813e-11
  -1.94598494e-10 -5.62184732e-16  9.31719322e-16  3.15542996e-05
  -2.04293792e-06 -1.39987468e-08  8.49633598e-10]
 [ 9.93268057e-19 -1.32779950e-12 -2.37248700e-13  4.93159813e-11
  -1.94598494e-10 -5.62184732e-16  9.31719322e-16  3.16855334e-05
  -2.05124889e-06 -1.39804256e-08  8.42318678e-10]
 [ 9.93268057e-19 -1.32779950e-12 -2.37248700e-13  4.93159813e-11
  -1.94598494e-10 -5.62184732e-16  9.31719322e-16  3.16855334e-05
  -2.08307958e-06 -1.42260898e-08  8.64419332e-10]
 [ 9.93268057e-19 -1.32779950e-12 -2.37248700e-13  4.93159813e-11
  -1.94598494e-10 -5.62184732e-16  9.31719322e-16  3.16855334e-05
  -2.05124889e-06 -1.39804256e-08  8.42318678e-10]
 [ 9.93268057e-19 -1.32779950e-12 -2.37248700e-13  4.93159813e-11
  -1.94598494e-10 -5.62184732e-16  9.31719322e-16  3.15542996e-05
  -2.04293792e-06 -1.39987468e-08  8.49633598e-10]
 [ 9.93268057e-19 -1.32779950e-12 -2.37248700e-13  4.93159813e-11
  -1.94598494e-10 -5.62184732e-16  9.31719322e-16  3.15542996e-05
  -2.04293792e-06 -1.39987468e-08  8.49633598e-10]
 [ 9.93268057e-19 -1.32779950e-12 -2.37248700e-13  4.93159813e-11
  -1.94598494e-10 -5.62184732e-16  9.31719322e-16  3.15542996e-05
  -2.04293792e-06 -1.39987468e-08  8.49633598e-10]
 [ 9.93268057e-19 -1.32779950e-12 -2.37248700e-13  4.93159813e-11
  -1.94598494e-10 -5.62184732e-16  9.31719322e-16  3.16855334e-05
  -2.08307958e-06 -1.42260898e-08  8.64419332e-10]]

Mutated feature:[[ 9.87399398e-19 -1.33440676e-12 -2.36908850e-13  4.91560417e-11
  -1.95687076e-10 -5.63561766e-16  9.31719322e-16  3.16229873e-05
  -2.04293792e-06 -1.40506393e-08  8.52058268e-10]
 [ 9.93695175e-19 -1.32853860e-12 -2.35867320e-13  4.94502397e-11
  -1.95559162e-10 -5.62641784e-16  9.31719322e-16  3.14138351e-05
  -2.05124889e-06 -1.39760925e-08  8.36724559e-10]
 [ 9.93838707e-19 -1.32779950e-12 -2.39204675e-13  4.89635793e-11
  -1.94806210e-10 -5.58779883e-16  9.23106530e-16  3.14259045e-05
  -2.08307958e-06 -1.43562458e-08  8.68136287e-10]
 [ 1.00044115e-18 -1.32779950e-12 -2.34905651e-13  4.93525285e-11
  -1.94598494e-10 -5.63049463e-16  9.33989230e-16  3.15224360e-05
  -2.04134089e-06 -1.40007269e-08  8.46297318e-10]
 [ 1.00111467e-18 -1.33989922e-12 -2.38235142e-13  4.90123602e-11
  -1.94819344e-10 -5.62908388e-16  9.22469664e-16  3.16962946e-05
  -2.04162285e-06 -1.40657037e-08  8.49633598e-10]
 [ 9.84200553e-19 -1.32365858e-12 -2.37088164e-13  4.96450543e-11
  -1.93448336e-10 -5.58577657e-16  9.31719322e-16  3.13417615e-05
  -2.04293792e-06 -1.39896870e-08  8.49633598e-10]
 [ 9.96004933e-19 -1.31863091e-12 -2.35480790e-13  4.96736254e-11
  -1.93524846e-10 -5.66343441e-16  9.37512721e-16  3.17793204e-05
  -2.04293792e-06 -1.40530888e-08  8.49100915e-10]
 [ 9.85947126e-19 -1.33186238e-12 -2.39101019e-13  4.95080401e-11
  -1.96130240e-10 -5.59670200e-16  9.33989434e-16  3.17789519e-05
  -2.09912692e-06 -1.41337769e-08  8.64419332e-10]]


sending vector for error: [ 9.87399398e-19 -1.33440676e-12 -2.36908850e-13  4.91560417e-11
 -1.95687076e-10 -5.63561766e-16  9.31719322e-16  3.16229873e-05
 -2.04293792e-06 -1.40506393e-08  8.52058268e-10]
received errors: 438231592891.675    198493137307.2483

sending vector for error: [ 9.93695175e-19 -1.32853860e-12 -2.35867320e-13  4.94502397e-11
 -1.95559162e-10 -5.62641784e-16  9.31719322e-16  3.14138351e-05
 -2.05124889e-06 -1.39760925e-08  8.36724559e-10]
received errors: 571233239804.6339    139775600016.30246

sending vector for error: [ 9.93838707e-19 -1.32779950e-12 -2.39204675e-13  4.89635793e-11
 -1.94806210e-10 -5.58779883e-16  9.23106530e-16  3.14259045e-05
 -2.08307958e-06 -1.43562458e-08  8.68136287e-10]
received errors: 446927171457.7328    115577911833.05081

sending vector for error: [ 1.00044115e-18 -1.32779950e-12 -2.34905651e-13  4.93525285e-11
 -1.94598494e-10 -5.63049463e-16  9.33989230e-16  3.15224360e-05
 -2.04134089e-06 -1.40007269e-08  8.46297318e-10]
received errors: 438297159095.76135    121640744538.59615

sending vector for error: [ 1.00111467e-18 -1.33989922e-12 -2.38235142e-13  4.90123602e-11
 -1.94819344e-10 -5.62908388e-16  9.22469664e-16  3.16962946e-05
 -2.04162285e-06 -1.40657037e-08  8.49633598e-10]
received errors: 438371121281.9675    169009039467.851

sending vector for error: [ 9.84200553e-19 -1.32365858e-12 -2.37088164e-13  4.96450543e-11
 -1.93448336e-10 -5.58577657e-16  9.31719322e-16  3.13417615e-05
 -2.04293792e-06 -1.39896870e-08  8.49633598e-10]
received errors: 427797113122.556    142431650099.7642

sending vector for error: [ 9.96004933e-19 -1.31863091e-12 -2.35480790e-13  4.96736254e-11
 -1.93524846e-10 -5.66343441e-16  9.37512721e-16  3.17793204e-05
 -2.04293792e-06 -1.40530888e-08  8.49100915e-10]
received errors: 445089318240.446    165208336550.48978

sending vector for error: [ 9.85947126e-19 -1.33186238e-12 -2.39101019e-13  4.95080401e-11
 -1.96130240e-10 -5.59670200e-16  9.33989434e-16  3.17789519e-05
 -2.09912692e-06 -1.41337769e-08  8.64419332e-10]
received errors: 525772102186.9362    110392286673.5876


CROSSOVER:


	parent1 = [ 9.84200553e-19 -1.32365858e-12 -2.37088164e-13  4.96450543e-11
 -1.93448336e-10 -5.58577657e-16  9.31719322e-16  3.13417615e-05
 -2.04293792e-06 -1.39896870e-08  8.49633598e-10]
	parent2 = [ 9.93838707e-19 -1.32779950e-12 -2.39204675e-13  4.89635793e-11
 -1.94806210e-10 -5.58779883e-16  9.23106530e-16  3.14259045e-05
 -2.08307958e-06 -1.43562458e-08  8.68136287e-10]
	cutoff index = 10
	child 1 = [ 9.84200553e-19 -1.32365858e-12 -2.37088164e-13  4.96450543e-11
 -1.93448336e-10 -5.58577657e-16  9.31719322e-16  3.13417615e-05
 -2.04293792e-06 -1.39896870e-08  8.68136287e-10]
	child 2 = [ 9.84200553e-19 -1.32365858e-12 -2.37088164e-13  4.96450543e-11
 -1.93448336e-10 -5.58577657e-16  9.31719322e-16  3.13417615e-05
 -2.04293792e-06 -1.39896870e-08  8.49633598e-10]


CROSSOVER:


	parent1 = [ 1.00044115e-18 -1.32779950e-12 -2.34905651e-13  4.93525285e-11
 -1.94598494e-10 -5.63049463e-16  9.33989230e-16  3.15224360e-05
 -2.04134089e-06 -1.40007269e-08  8.46297318e-10]
	parent2 = [ 1.00111467e-18 -1.33989922e-12 -2.38235142e-13  4.90123602e-11
 -1.94819344e-10 -5.62908388e-16  9.22469664e-16  3.16962946e-05
 -2.04162285e-06 -1.40657037e-08  8.49633598e-10]
	cutoff index = 8
	child 1 = [ 1.00044115e-18 -1.32779950e-12 -2.34905651e-13  4.93525285e-11
 -1.94598494e-10 -5.63049463e-16  9.33989230e-16  3.15224360e-05
 -2.04162285e-06 -1.40657037e-08  8.49633598e-10]
	child 2 = [ 1.00044115e-18 -1.32779950e-12 -2.34905651e-13  4.93525285e-11
 -1.94598494e-10 -5.63049463e-16  9.33989230e-16  3.15224360e-05
 -2.04134089e-06 -1.40007269e-08  8.46297318e-10]


CROSSOVER:


	parent1 = [ 1.00044115e-18 -1.32779950e-12 -2.34905651e-13  4.93525285e-11
 -1.94598494e-10 -5.63049463e-16  9.33989230e-16  3.15224360e-05
 -2.04134089e-06 -1.40007269e-08  8.46297318e-10]
	parent2 = [ 9.84200553e-19 -1.32365858e-12 -2.37088164e-13  4.96450543e-11
 -1.93448336e-10 -5.58577657e-16  9.31719322e-16  3.13417615e-05
 -2.04293792e-06 -1.39896870e-08  8.68136287e-10]
	cutoff index = 2
	child 1 = [ 1.00044115e-18 -1.32779950e-12 -2.37088164e-13  4.96450543e-11
 -1.93448336e-10 -5.58577657e-16  9.31719322e-16  3.13417615e-05
 -2.04293792e-06 -1.39896870e-08  8.68136287e-10]
	child 2 = [ 1.00044115e-18 -1.32779950e-12 -2.34905651e-13  4.93525285e-11
 -1.94598494e-10 -5.63049463e-16  9.33989230e-16  3.15224360e-05
 -2.04134089e-06 -1.40007269e-08  8.46297318e-10]


CROSSOVER:


	parent1 = [ 9.84200553e-19 -1.32365858e-12 -2.37088164e-13  4.96450543e-11
 -1.93448336e-10 -5.58577657e-16  9.31719322e-16  3.13417615e-05
 -2.04293792e-06 -1.39896870e-08  8.49633598e-10]
	parent2 = [ 1.00044115e-18 -1.32779950e-12 -2.37088164e-13  4.96450543e-11
 -1.93448336e-10 -5.58577657e-16  9.31719322e-16  3.13417615e-05
 -2.04293792e-06 -1.39896870e-08  8.68136287e-10]
	cutoff index = 0
	child 1 = [ 1.00044115e-18 -1.32779950e-12 -2.37088164e-13  4.96450543e-11
 -1.93448336e-10 -5.58577657e-16  9.31719322e-16  3.13417615e-05
 -2.04293792e-06 -1.39896870e-08  8.68136287e-10]
	child 2 = [ 9.84200553e-19 -1.32365858e-12 -2.37088164e-13  4.96450543e-11
 -1.93448336e-10 -5.58577657e-16  9.31719322e-16  3.13417615e-05
 -2.04293792e-06 -1.39896870e-08  8.49633598e-10]


MUTATION: 

RECEIVED FOR MUTATTION: [[ 1.00044115e-18 -1.32779950e-12 -2.37088164e-13  4.96450543e-11
  -1.93448336e-10 -5.58577657e-16  9.31719322e-16  3.13417615e-05
  -2.04293792e-06 -1.39896870e-08  8.68136287e-10]
 [ 9.84200553e-19 -1.32365858e-12 -2.37088164e-13  4.96450543e-11
  -1.93448336e-10 -5.58577657e-16  9.31719322e-16  3.13417615e-05
  -2.04293792e-06 -1.39896870e-08  8.49633598e-10]
 [ 1.00044115e-18 -1.32779950e-12 -2.34905651e-13  4.93525285e-11
  -1.94598494e-10 -5.63049463e-16  9.33989230e-16  3.15224360e-05
  -2.04162285e-06 -1.40657037e-08  8.49633598e-10]
 [ 1.00044115e-18 -1.32779950e-12 -2.34905651e-13  4.93525285e-11
  -1.94598494e-10 -5.63049463e-16  9.33989230e-16  3.15224360e-05
  -2.04134089e-06 -1.40007269e-08  8.46297318e-10]
 [ 1.00044115e-18 -1.32779950e-12 -2.37088164e-13  4.96450543e-11
  -1.93448336e-10 -5.58577657e-16  9.31719322e-16  3.13417615e-05
  -2.04293792e-06 -1.39896870e-08  8.68136287e-10]
 [ 1.00044115e-18 -1.32779950e-12 -2.34905651e-13  4.93525285e-11
  -1.94598494e-10 -5.63049463e-16  9.33989230e-16  3.15224360e-05
  -2.04134089e-06 -1.40007269e-08  8.46297318e-10]
 [ 1.00044115e-18 -1.32779950e-12 -2.37088164e-13  4.96450543e-11
  -1.93448336e-10 -5.58577657e-16  9.31719322e-16  3.13417615e-05
  -2.04293792e-06 -1.39896870e-08  8.68136287e-10]
 [ 9.84200553e-19 -1.32365858e-12 -2.37088164e-13  4.96450543e-11
  -1.93448336e-10 -5.58577657e-16  9.31719322e-16  3.13417615e-05
  -2.04293792e-06 -1.39896870e-08  8.49633598e-10]]

Mutated feature:[[ 1.00044115e-18 -1.32334567e-12 -2.38939860e-13  4.97105269e-11
  -1.95321026e-10 -5.63815363e-16  9.33774486e-16  3.12318235e-05
  -2.04714632e-06 -1.40185481e-08  8.70164097e-10]
 [ 9.87027533e-19 -1.32365858e-12 -2.37883282e-13  4.96450543e-11
  -1.93448336e-10 -5.58093385e-16  9.31709460e-16  3.11945190e-05
  -2.04293792e-06 -1.39896870e-08  8.49633598e-10]
 [ 1.00697477e-18 -1.33964319e-12 -2.35520200e-13  4.96493396e-11
  -1.96104721e-10 -5.61227063e-16  9.36665121e-16  3.12677790e-05
  -2.04162285e-06 -1.40890132e-08  8.45228690e-10]
 [ 1.00400511e-18 -1.33468819e-12 -2.36839681e-13  4.89107499e-11
  -1.94598494e-10 -5.67004330e-16  9.33989230e-16  3.15475915e-05
  -2.04054122e-06 -1.39250210e-08  8.42708151e-10]
 [ 1.00085299e-18 -1.31601293e-12 -2.35376097e-13  4.91684017e-11
  -1.93976840e-10 -5.62156733e-16  9.37041222e-16  3.14487885e-05
  -2.02865228e-06 -1.40149479e-08  8.60836608e-10]
 [ 1.00850844e-18 -1.32309311e-12 -2.32617671e-13  4.94703232e-11
  -1.93027835e-10 -5.62071405e-16  9.41201103e-16  3.12570782e-05
  -2.05375204e-06 -1.40249403e-08  8.53737067e-10]
 [ 1.00008716e-18 -1.32431347e-12 -2.34866613e-13  4.95888099e-11
  -1.94708265e-10 -5.59269519e-16  9.30737631e-16  3.14106105e-05
  -2.03024617e-06 -1.39667790e-08  8.65944806e-10]
 [ 9.76601268e-19 -1.31789029e-12 -2.37088164e-13  4.92959398e-11
  -1.91936608e-10 -5.61928121e-16  9.22791947e-16  3.10532974e-05
  -2.04293792e-06 -1.38654228e-08  8.50277438e-10]]


sending vector for error: [ 1.00044115e-18 -1.32334567e-12 -2.38939860e-13  4.97105269e-11
 -1.95321026e-10 -5.63815363e-16  9.33774486e-16  3.12318235e-05
 -2.04714632e-06 -1.40185481e-08  8.70164097e-10]
received errors: 531007658997.1281    629478318893.0837

sending vector for error: [ 9.87027533e-19 -1.32365858e-12 -2.37883282e-13  4.96450543e-11
 -1.93448336e-10 -5.58093385e-16  9.31709460e-16  3.11945190e-05
 -2.04293792e-06 -1.39896870e-08  8.49633598e-10]
received errors: 421796551793.04803    128350622760.55518

sending vector for error: [ 1.00697477e-18 -1.33964319e-12 -2.35520200e-13  4.96493396e-11
 -1.96104721e-10 -5.61227063e-16  9.36665121e-16  3.12677790e-05
 -2.04162285e-06 -1.40890132e-08  8.45228690e-10]
received errors: 440677141539.0675    90498854869.46992

sending vector for error: [ 1.00400511e-18 -1.33468819e-12 -2.36839681e-13  4.89107499e-11
 -1.94598494e-10 -5.67004330e-16  9.33989230e-16  3.15475915e-05
 -2.04054122e-06 -1.39250210e-08  8.42708151e-10]
received errors: 451800766678.16144    104369496737.91298

sending vector for error: [ 1.00085299e-18 -1.31601293e-12 -2.35376097e-13  4.91684017e-11
 -1.93976840e-10 -5.62156733e-16  9.37041222e-16  3.14487885e-05
 -2.02865228e-06 -1.40149479e-08  8.60836608e-10]
received errors: 537232779156.0659    647408808817.4012

sending vector for error: [ 1.00850844e-18 -1.32309311e-12 -2.32617671e-13  4.94703232e-11
 -1.93027835e-10 -5.62071405e-16  9.41201103e-16  3.12570782e-05
 -2.05375204e-06 -1.40249403e-08  8.53737067e-10]
received errors: 431798964600.4489    124004700577.0961

sending vector for error: [ 1.00008716e-18 -1.32431347e-12 -2.34866613e-13  4.95888099e-11
 -1.94708265e-10 -5.59269519e-16  9.30737631e-16  3.14106105e-05
 -2.03024617e-06 -1.39667790e-08  8.65944806e-10]
received errors: 628845157195.3488    897822445647.6416

sending vector for error: [ 9.76601268e-19 -1.31789029e-12 -2.37088164e-13  4.92959398e-11
 -1.91936608e-10 -5.61928121e-16  9.22791947e-16  3.10532974e-05
 -2.04293792e-06 -1.38654228e-08  8.50277438e-10]
received errors: 422565471176.1854    153720961307.7406


CROSSOVER:


	parent1 = [ 1.00697477e-18 -1.33964319e-12 -2.35520200e-13  4.96493396e-11
 -1.96104721e-10 -5.61227063e-16  9.36665121e-16  3.12677790e-05
 -2.04162285e-06 -1.40890132e-08  8.45228690e-10]
	parent2 = [ 1.00400511e-18 -1.33468819e-12 -2.36839681e-13  4.89107499e-11
 -1.94598494e-10 -5.67004330e-16  9.33989230e-16  3.15475915e-05
 -2.04054122e-06 -1.39250210e-08  8.42708151e-10]
	cutoff index = 3
	child 1 = [ 1.00697477e-18 -1.33964319e-12 -2.35520200e-13  4.89107499e-11
 -1.94598494e-10 -5.67004330e-16  9.33989230e-16  3.15475915e-05
 -2.04054122e-06 -1.39250210e-08  8.42708151e-10]
	child 2 = [ 1.00697477e-18 -1.33964319e-12 -2.35520200e-13  4.96493396e-11
 -1.96104721e-10 -5.61227063e-16  9.36665121e-16  3.12677790e-05
 -2.04162285e-06 -1.40890132e-08  8.45228690e-10]


CROSSOVER:


	parent1 = [ 1.00850844e-18 -1.32309311e-12 -2.32617671e-13  4.94703232e-11
 -1.93027835e-10 -5.62071405e-16  9.41201103e-16  3.12570782e-05
 -2.05375204e-06 -1.40249403e-08  8.53737067e-10]
	parent2 = [ 1.00850844e-18 -1.32309311e-12 -2.32617671e-13  4.94703232e-11
 -1.93027835e-10 -5.62071405e-16  9.41201103e-16  3.12570782e-05
 -2.05375204e-06 -1.40249403e-08  8.53737067e-10]
	cutoff index = 0
	child 1 = [ 1.00850844e-18 -1.32309311e-12 -2.32617671e-13  4.94703232e-11
 -1.93027835e-10 -5.62071405e-16  9.41201103e-16  3.12570782e-05
 -2.05375204e-06 -1.40249403e-08  8.53737067e-10]
	child 2 = [ 1.00850844e-18 -1.32309311e-12 -2.32617671e-13  4.94703232e-11
 -1.93027835e-10 -5.62071405e-16  9.41201103e-16  3.12570782e-05
 -2.05375204e-06 -1.40249403e-08  8.53737067e-10]


CROSSOVER:


	parent1 = [ 1.00697477e-18 -1.33964319e-12 -2.35520200e-13  4.96493396e-11
 -1.96104721e-10 -5.61227063e-16  9.36665121e-16  3.12677790e-05
 -2.04162285e-06 -1.40890132e-08  8.45228690e-10]
	parent2 = [ 1.00850844e-18 -1.32309311e-12 -2.32617671e-13  4.94703232e-11
 -1.93027835e-10 -5.62071405e-16  9.41201103e-16  3.12570782e-05
 -2.05375204e-06 -1.40249403e-08  8.53737067e-10]
	cutoff index = 2
	child 1 = [ 1.00697477e-18 -1.33964319e-12 -2.32617671e-13  4.94703232e-11
 -1.93027835e-10 -5.62071405e-16  9.41201103e-16  3.12570782e-05
 -2.05375204e-06 -1.40249403e-08  8.53737067e-10]
	child 2 = [ 1.00697477e-18 -1.33964319e-12 -2.35520200e-13  4.96493396e-11
 -1.96104721e-10 -5.61227063e-16  9.36665121e-16  3.12677790e-05
 -2.04162285e-06 -1.40890132e-08  8.45228690e-10]


CROSSOVER:


	parent1 = [ 1.00697477e-18 -1.33964319e-12 -2.35520200e-13  4.89107499e-11
 -1.94598494e-10 -5.67004330e-16  9.33989230e-16  3.15475915e-05
 -2.04054122e-06 -1.39250210e-08  8.42708151e-10]
	parent2 = [ 9.76601268e-19 -1.31789029e-12 -2.37088164e-13  4.92959398e-11
 -1.91936608e-10 -5.61928121e-16  9.22791947e-16  3.10532974e-05
 -2.04293792e-06 -1.38654228e-08  8.50277438e-10]
	cutoff index = 4
	child 1 = [ 1.00697477e-18 -1.33964319e-12 -2.35520200e-13  4.89107499e-11
 -1.91936608e-10 -5.61928121e-16  9.22791947e-16  3.10532974e-05
 -2.04293792e-06 -1.38654228e-08  8.50277438e-10]
	child 2 = [ 1.00697477e-18 -1.33964319e-12 -2.35520200e-13  4.89107499e-11
 -1.94598494e-10 -5.67004330e-16  9.33989230e-16  3.15475915e-05
 -2.04054122e-06 -1.39250210e-08  8.42708151e-10]


MUTATION: 

RECEIVED FOR MUTATTION: [[ 1.00697477e-18 -1.33964319e-12 -2.35520200e-13  4.89107499e-11
  -1.94598494e-10 -5.67004330e-16  9.33989230e-16  3.15475915e-05
  -2.04054122e-06 -1.39250210e-08  8.42708151e-10]
 [ 1.00697477e-18 -1.33964319e-12 -2.35520200e-13  4.96493396e-11
  -1.96104721e-10 -5.61227063e-16  9.36665121e-16  3.12677790e-05
  -2.04162285e-06 -1.40890132e-08  8.45228690e-10]
 [ 1.00697477e-18 -1.33964319e-12 -2.32617671e-13  4.94703232e-11
  -1.93027835e-10 -5.62071405e-16  9.41201103e-16  3.12570782e-05
  -2.05375204e-06 -1.40249403e-08  8.53737067e-10]
 [ 1.00697477e-18 -1.33964319e-12 -2.32617671e-13  4.94703232e-11
  -1.93027835e-10 -5.62071405e-16  9.41201103e-16  3.12570782e-05
  -2.05375204e-06 -1.40249403e-08  8.53737067e-10]
 [ 1.00697477e-18 -1.33964319e-12 -2.32617671e-13  4.94703232e-11
  -1.93027835e-10 -5.62071405e-16  9.41201103e-16  3.12570782e-05
  -2.05375204e-06 -1.40249403e-08  8.53737067e-10]
 [ 1.00697477e-18 -1.33964319e-12 -2.35520200e-13  4.96493396e-11
  -1.96104721e-10 -5.61227063e-16  9.36665121e-16  3.12677790e-05
  -2.04162285e-06 -1.40890132e-08  8.45228690e-10]
 [ 1.00697477e-18 -1.33964319e-12 -2.35520200e-13  4.89107499e-11
  -1.91936608e-10 -5.61928121e-16  9.22791947e-16  3.10532974e-05
  -2.04293792e-06 -1.38654228e-08  8.50277438e-10]
 [ 1.00697477e-18 -1.33964319e-12 -2.35520200e-13  4.89107499e-11
  -1.94598494e-10 -5.67004330e-16  9.33989230e-16  3.15475915e-05
  -2.04054122e-06 -1.39250210e-08  8.42708151e-10]]

Mutated feature:[[ 1.00697477e-18 -1.33466755e-12 -2.33414563e-13  4.89790091e-11
  -1.94598494e-10 -5.64811264e-16  9.39707561e-16  3.12984757e-05
  -2.03249849e-06 -1.40125772e-08  8.49313906e-10]
 [ 1.00684911e-18 -1.34304271e-12 -2.34197095e-13  4.96953235e-11
  -1.97130796e-10 -5.61227063e-16  9.27717596e-16  3.10615548e-05
  -2.04162285e-06 -1.40865804e-08  8.45228690e-10]
 [ 9.99524528e-19 -1.34340239e-12 -2.31657258e-13  4.92821420e-11
  -1.93415153e-10 -5.66937825e-16  9.41201103e-16  3.09913755e-05
  -2.07398089e-06 -1.39928182e-08  8.53737067e-10]
 [ 1.00579926e-18 -1.33964319e-12 -2.33798544e-13  4.91974364e-11
  -1.93027835e-10 -5.62043543e-16  9.46493641e-16  3.12910674e-05
  -2.04203987e-06 -1.40839750e-08  8.49315034e-10]
 [ 1.00697477e-18 -1.33689719e-12 -2.34384703e-13  4.90026620e-11
  -1.92837084e-10 -5.64912239e-16  9.43730439e-16  3.12570782e-05
  -2.04350814e-06 -1.39677967e-08  8.47488327e-10]
 [ 1.00697477e-18 -1.33872572e-12 -2.35404714e-13  4.94834086e-11
  -1.96041690e-10 -5.57707361e-16  9.36665121e-16  3.10668452e-05
  -2.04827460e-06 -1.40408315e-08  8.46320193e-10]
 [ 1.01435192e-18 -1.33767280e-12 -2.37346078e-13  4.87492684e-11
  -1.90800702e-10 -5.65719119e-16  9.22791947e-16  3.10125425e-05
  -2.02668872e-06 -1.37272262e-08  8.50277438e-10]
 [ 1.00697477e-18 -1.33964319e-12 -2.34787838e-13  4.88666836e-11
  -1.94598494e-10 -5.68706761e-16  9.37409707e-16  3.15512710e-05
  -2.04054122e-06 -1.40153778e-08  8.47927851e-10]]


sending vector for error: [ 1.00697477e-18 -1.33466755e-12 -2.33414563e-13  4.89790091e-11
 -1.94598494e-10 -5.64811264e-16  9.39707561e-16  3.12984757e-05
 -2.03249849e-06 -1.40125772e-08  8.49313906e-10]
received errors: 414734847958.1764    190684730981.45474

sending vector for error: [ 1.00684911e-18 -1.34304271e-12 -2.34197095e-13  4.96953235e-11
 -1.97130796e-10 -5.61227063e-16  9.27717596e-16  3.10615548e-05
 -2.04162285e-06 -1.40865804e-08  8.45228690e-10]
received errors: 443190257553.58075    92353472282.10304

sending vector for error: [ 9.99524528e-19 -1.34340239e-12 -2.31657258e-13  4.92821420e-11
 -1.93415153e-10 -5.66937825e-16  9.41201103e-16  3.09913755e-05
 -2.07398089e-06 -1.39928182e-08  8.53737067e-10]
received errors: 516143405605.0376    126939772369.71587

sending vector for error: [ 1.00579926e-18 -1.33964319e-12 -2.33798544e-13  4.91974364e-11
 -1.93027835e-10 -5.62043543e-16  9.46493641e-16  3.12910674e-05
 -2.04203987e-06 -1.40839750e-08  8.49315034e-10]
received errors: 420175324054.7248    115426963296.3995

sending vector for error: [ 1.00697477e-18 -1.33689719e-12 -2.34384703e-13  4.90026620e-11
 -1.92837084e-10 -5.64912239e-16  9.43730439e-16  3.12570782e-05
 -2.04350814e-06 -1.39677967e-08  8.47488327e-10]
received errors: 432163280411.1808    111427658484.14311

sending vector for error: [ 1.00697477e-18 -1.33872572e-12 -2.35404714e-13  4.94834086e-11
 -1.96041690e-10 -5.57707361e-16  9.36665121e-16  3.10668452e-05
 -2.04827460e-06 -1.40408315e-08  8.46320193e-10]
received errors: 459469785182.93445    96310818169.45517

sending vector for error: [ 1.01435192e-18 -1.33767280e-12 -2.37346078e-13  4.87492684e-11
 -1.90800702e-10 -5.65719119e-16  9.22791947e-16  3.10125425e-05
 -2.02668872e-06 -1.37272262e-08  8.50277438e-10]
received errors: 452984464279.3581    360199699097.2183

sending vector for error: [ 1.00697477e-18 -1.33964319e-12 -2.34787838e-13  4.88666836e-11
 -1.94598494e-10 -5.68706761e-16  9.37409707e-16  3.15512710e-05
 -2.04054122e-06 -1.40153778e-08  8.47927851e-10]
received errors: 433943122526.62054    144220442723.4933


CROSSOVER:


	parent1 = [ 1.00697477e-18 -1.33689719e-12 -2.34384703e-13  4.90026620e-11
 -1.92837084e-10 -5.64912239e-16  9.43730439e-16  3.12570782e-05
 -2.04350814e-06 -1.39677967e-08  8.47488327e-10]
	parent2 = [ 9.99524528e-19 -1.34340239e-12 -2.31657258e-13  4.92821420e-11
 -1.93415153e-10 -5.66937825e-16  9.41201103e-16  3.09913755e-05
 -2.07398089e-06 -1.39928182e-08  8.53737067e-10]
	cutoff index = 10
	child 1 = [ 1.00697477e-18 -1.33689719e-12 -2.34384703e-13  4.90026620e-11
 -1.92837084e-10 -5.64912239e-16  9.43730439e-16  3.12570782e-05
 -2.04350814e-06 -1.39677967e-08  8.53737067e-10]
	child 2 = [ 1.00697477e-18 -1.33689719e-12 -2.34384703e-13  4.90026620e-11
 -1.92837084e-10 -5.64912239e-16  9.43730439e-16  3.12570782e-05
 -2.04350814e-06 -1.39677967e-08  8.47488327e-10]


CROSSOVER:


	parent1 = [ 1.00697477e-18 -1.33466755e-12 -2.33414563e-13  4.89790091e-11
 -1.94598494e-10 -5.64811264e-16  9.39707561e-16  3.12984757e-05
 -2.03249849e-06 -1.40125772e-08  8.49313906e-10]
	parent2 = [ 1.00684911e-18 -1.34304271e-12 -2.34197095e-13  4.96953235e-11
 -1.97130796e-10 -5.61227063e-16  9.27717596e-16  3.10615548e-05
 -2.04162285e-06 -1.40865804e-08  8.45228690e-10]
	cutoff index = 6
	child 1 = [ 1.00697477e-18 -1.33466755e-12 -2.33414563e-13  4.89790091e-11
 -1.94598494e-10 -5.64811264e-16  9.27717596e-16  3.10615548e-05
 -2.04162285e-06 -1.40865804e-08  8.45228690e-10]
	child 2 = [ 1.00697477e-18 -1.33466755e-12 -2.33414563e-13  4.89790091e-11
 -1.94598494e-10 -5.64811264e-16  9.39707561e-16  3.12984757e-05
 -2.03249849e-06 -1.40125772e-08  8.49313906e-10]


CROSSOVER:


	parent1 = [ 1.00697477e-18 -1.33872572e-12 -2.35404714e-13  4.94834086e-11
 -1.96041690e-10 -5.57707361e-16  9.36665121e-16  3.10668452e-05
 -2.04827460e-06 -1.40408315e-08  8.46320193e-10]
	parent2 = [ 1.00697477e-18 -1.33466755e-12 -2.33414563e-13  4.89790091e-11
 -1.94598494e-10 -5.64811264e-16  9.27717596e-16  3.10615548e-05
 -2.04162285e-06 -1.40865804e-08  8.45228690e-10]
	cutoff index = 1
	child 1 = [ 1.00697477e-18 -1.33466755e-12 -2.33414563e-13  4.89790091e-11
 -1.94598494e-10 -5.64811264e-16  9.27717596e-16  3.10615548e-05
 -2.04162285e-06 -1.40865804e-08  8.45228690e-10]
	child 2 = [ 1.00697477e-18 -1.33872572e-12 -2.35404714e-13  4.94834086e-11
 -1.96041690e-10 -5.57707361e-16  9.36665121e-16  3.10668452e-05
 -2.04827460e-06 -1.40408315e-08  8.46320193e-10]


CROSSOVER:


	parent1 = [ 1.00579926e-18 -1.33964319e-12 -2.33798544e-13  4.91974364e-11
 -1.93027835e-10 -5.62043543e-16  9.46493641e-16  3.12910674e-05
 -2.04203987e-06 -1.40839750e-08  8.49315034e-10]
	parent2 = [ 1.00697477e-18 -1.33964319e-12 -2.34787838e-13  4.88666836e-11
 -1.94598494e-10 -5.68706761e-16  9.37409707e-16  3.15512710e-05
 -2.04054122e-06 -1.40153778e-08  8.47927851e-10]
	cutoff index = 10
	child 1 = [ 1.00579926e-18 -1.33964319e-12 -2.33798544e-13  4.91974364e-11
 -1.93027835e-10 -5.62043543e-16  9.46493641e-16  3.12910674e-05
 -2.04203987e-06 -1.40839750e-08  8.47927851e-10]
	child 2 = [ 1.00579926e-18 -1.33964319e-12 -2.33798544e-13  4.91974364e-11
 -1.93027835e-10 -5.62043543e-16  9.46493641e-16  3.12910674e-05
 -2.04203987e-06 -1.40839750e-08  8.49315034e-10]


MUTATION: 

RECEIVED FOR MUTATTION: [[ 1.00697477e-18 -1.33689719e-12 -2.34384703e-13  4.90026620e-11
  -1.92837084e-10 -5.64912239e-16  9.43730439e-16  3.12570782e-05
  -2.04350814e-06 -1.39677967e-08  8.53737067e-10]
 [ 1.00697477e-18 -1.33689719e-12 -2.34384703e-13  4.90026620e-11
  -1.92837084e-10 -5.64912239e-16  9.43730439e-16  3.12570782e-05
  -2.04350814e-06 -1.39677967e-08  8.47488327e-10]
 [ 1.00697477e-18 -1.33466755e-12 -2.33414563e-13  4.89790091e-11
  -1.94598494e-10 -5.64811264e-16  9.27717596e-16  3.10615548e-05
  -2.04162285e-06 -1.40865804e-08  8.45228690e-10]
 [ 1.00697477e-18 -1.33466755e-12 -2.33414563e-13  4.89790091e-11
  -1.94598494e-10 -5.64811264e-16  9.39707561e-16  3.12984757e-05
  -2.03249849e-06 -1.40125772e-08  8.49313906e-10]
 [ 1.00697477e-18 -1.33466755e-12 -2.33414563e-13  4.89790091e-11
  -1.94598494e-10 -5.64811264e-16  9.27717596e-16  3.10615548e-05
  -2.04162285e-06 -1.40865804e-08  8.45228690e-10]
 [ 1.00697477e-18 -1.33872572e-12 -2.35404714e-13  4.94834086e-11
  -1.96041690e-10 -5.57707361e-16  9.36665121e-16  3.10668452e-05
  -2.04827460e-06 -1.40408315e-08  8.46320193e-10]
 [ 1.00579926e-18 -1.33964319e-12 -2.33798544e-13  4.91974364e-11
  -1.93027835e-10 -5.62043543e-16  9.46493641e-16  3.12910674e-05
  -2.04203987e-06 -1.40839750e-08  8.47927851e-10]
 [ 1.00579926e-18 -1.33964319e-12 -2.33798544e-13  4.91974364e-11
  -1.93027835e-10 -5.62043543e-16  9.46493641e-16  3.12910674e-05
  -2.04203987e-06 -1.40839750e-08  8.49315034e-10]]

Mutated feature:[[ 1.01395215e-18 -1.33229257e-12 -2.34469142e-13  4.91028124e-11
  -1.90960346e-10 -5.67326096e-16  9.49143502e-16  3.14753256e-05
  -2.05477695e-06 -1.39492301e-08  8.61697352e-10]
 [ 9.98868719e-19 -1.33433692e-12 -2.35211995e-13  4.93002757e-11
  -1.92977884e-10 -5.61071676e-16  9.43730439e-16  3.11708220e-05
  -2.04350814e-06 -1.39388187e-08  8.43924384e-10]
 [ 1.01674781e-18 -1.34793772e-12 -2.32202782e-13  4.88037562e-11
  -1.94066549e-10 -5.60311140e-16  9.35224788e-16  3.07731954e-05
  -2.04162285e-06 -1.41154303e-08  8.45228690e-10]
 [ 1.00448162e-18 -1.33579589e-12 -2.32916222e-13  4.91212811e-11
  -1.95926830e-10 -5.60452943e-16  9.38901615e-16  3.15998184e-05
  -2.02815814e-06 -1.40796652e-08  8.42247358e-10]
 [ 1.00697477e-18 -1.33466755e-12 -2.35022159e-13  4.86878627e-11
  -1.94598494e-10 -5.64811264e-16  9.27717596e-16  3.07546899e-05
  -2.04162285e-06 -1.40060503e-08  8.46638580e-10]
 [ 9.97100579e-19 -1.33473061e-12 -2.37590687e-13  4.95449764e-11
  -1.96041690e-10 -5.60199258e-16  9.36199454e-16  3.07697187e-05
  -2.04827460e-06 -1.40245502e-08  8.46320193e-10]
 [ 1.00656340e-18 -1.33463542e-12 -2.33198028e-13  4.90092006e-11
  -1.91369362e-10 -5.62043543e-16  9.40837223e-16  3.12436040e-05
  -2.03489569e-06 -1.41712075e-08  8.54530511e-10]
 [ 1.00878442e-18 -1.35281955e-12 -2.34152084e-13  4.87669008e-11
  -1.94262154e-10 -5.58500190e-16  9.45346708e-16  3.13889951e-05
  -2.05426117e-06 -1.40839750e-08  8.46242554e-10]]


sending vector for error: [ 1.01395215e-18 -1.33229257e-12 -2.34469142e-13  4.91028124e-11
 -1.90960346e-10 -5.67326096e-16  9.49143502e-16  3.14753256e-05
 -2.05477695e-06 -1.39492301e-08  8.61697352e-10]
received errors: 470920486047.45685    333224882433.34717

sending vector for error: [ 9.98868719e-19 -1.33433692e-12 -2.35211995e-13  4.93002757e-11
 -1.92977884e-10 -5.61071676e-16  9.43730439e-16  3.11708220e-05
 -2.04350814e-06 -1.39388187e-08  8.43924384e-10]
received errors: 450580838711.6497    91737965835.87686

sending vector for error: [ 1.01674781e-18 -1.34793772e-12 -2.32202782e-13  4.88037562e-11
 -1.94066549e-10 -5.60311140e-16  9.35224788e-16  3.07731954e-05
 -2.04162285e-06 -1.41154303e-08  8.45228690e-10]
received errors: 455731931538.4678    108454075643.54857

sending vector for error: [ 1.00448162e-18 -1.33579589e-12 -2.32916222e-13  4.91212811e-11
 -1.95926830e-10 -5.60452943e-16  9.38901615e-16  3.15998184e-05
 -2.02815814e-06 -1.40796652e-08  8.42247358e-10]
received errors: 423667580744.006    124377707226.77792

sending vector for error: [ 1.00697477e-18 -1.33466755e-12 -2.35022159e-13  4.86878627e-11
 -1.94598494e-10 -5.64811264e-16  9.27717596e-16  3.07546899e-05
 -2.04162285e-06 -1.40060503e-08  8.46638580e-10]
received errors: 430771610539.05597    96217163581.82542

sending vector for error: [ 9.97100579e-19 -1.33473061e-12 -2.37590687e-13  4.95449764e-11
 -1.96041690e-10 -5.60199258e-16  9.36199454e-16  3.07697187e-05
 -2.04827460e-06 -1.40245502e-08  8.46320193e-10]
received errors: 468125350497.7005    110406682469.05879

sending vector for error: [ 1.00656340e-18 -1.33463542e-12 -2.33198028e-13  4.90092006e-11
 -1.91369362e-10 -5.62043543e-16  9.40837223e-16  3.12436040e-05
 -2.03489569e-06 -1.41712075e-08  8.54530511e-10]
received errors: 399422015053.6037    203454608083.029

sending vector for error: [ 1.00878442e-18 -1.35281955e-12 -2.34152084e-13  4.87669008e-11
 -1.94262154e-10 -5.58500190e-16  9.45346708e-16  3.13889951e-05
 -2.05426117e-06 -1.40839750e-08  8.46242554e-10]
received errors: 485431130450.8688    95934463656.3599


CROSSOVER:


	parent1 = [ 1.00697477e-18 -1.33466755e-12 -2.35022159e-13  4.86878627e-11
 -1.94598494e-10 -5.64811264e-16  9.27717596e-16  3.07546899e-05
 -2.04162285e-06 -1.40060503e-08  8.46638580e-10]
	parent2 = [ 1.00878442e-18 -1.35281955e-12 -2.34152084e-13  4.87669008e-11
 -1.94262154e-10 -5.58500190e-16  9.45346708e-16  3.13889951e-05
 -2.05426117e-06 -1.40839750e-08  8.46242554e-10]
	cutoff index = 5
	child 1 = [ 1.00697477e-18 -1.33466755e-12 -2.35022159e-13  4.86878627e-11
 -1.94598494e-10 -5.58500190e-16  9.45346708e-16  3.13889951e-05
 -2.05426117e-06 -1.40839750e-08  8.46242554e-10]
	child 2 = [ 1.00697477e-18 -1.33466755e-12 -2.35022159e-13  4.86878627e-11
 -1.94598494e-10 -5.64811264e-16  9.27717596e-16  3.07546899e-05
 -2.04162285e-06 -1.40060503e-08  8.46638580e-10]


CROSSOVER:


	parent1 = [ 1.01674781e-18 -1.34793772e-12 -2.32202782e-13  4.88037562e-11
 -1.94066549e-10 -5.60311140e-16  9.35224788e-16  3.07731954e-05
 -2.04162285e-06 -1.41154303e-08  8.45228690e-10]
	parent2 = [ 9.97100579e-19 -1.33473061e-12 -2.37590687e-13  4.95449764e-11
 -1.96041690e-10 -5.60199258e-16  9.36199454e-16  3.07697187e-05
 -2.04827460e-06 -1.40245502e-08  8.46320193e-10]
	cutoff index = 4
	child 1 = [ 1.01674781e-18 -1.34793772e-12 -2.32202782e-13  4.88037562e-11
 -1.96041690e-10 -5.60199258e-16  9.36199454e-16  3.07697187e-05
 -2.04827460e-06 -1.40245502e-08  8.46320193e-10]
	child 2 = [ 1.01674781e-18 -1.34793772e-12 -2.32202782e-13  4.88037562e-11
 -1.94066549e-10 -5.60311140e-16  9.35224788e-16  3.07731954e-05
 -2.04162285e-06 -1.41154303e-08  8.45228690e-10]


CROSSOVER:


	parent1 = [ 1.00697477e-18 -1.33466755e-12 -2.35022159e-13  4.86878627e-11
 -1.94598494e-10 -5.64811264e-16  9.27717596e-16  3.07546899e-05
 -2.04162285e-06 -1.40060503e-08  8.46638580e-10]
	parent2 = [ 1.00697477e-18 -1.33466755e-12 -2.35022159e-13  4.86878627e-11
 -1.94598494e-10 -5.64811264e-16  9.27717596e-16  3.07546899e-05
 -2.04162285e-06 -1.40060503e-08  8.46638580e-10]
	cutoff index = 3
	child 1 = [ 1.00697477e-18 -1.33466755e-12 -2.35022159e-13  4.86878627e-11
 -1.94598494e-10 -5.64811264e-16  9.27717596e-16  3.07546899e-05
 -2.04162285e-06 -1.40060503e-08  8.46638580e-10]
	child 2 = [ 1.00697477e-18 -1.33466755e-12 -2.35022159e-13  4.86878627e-11
 -1.94598494e-10 -5.64811264e-16  9.27717596e-16  3.07546899e-05
 -2.04162285e-06 -1.40060503e-08  8.46638580e-10]


CROSSOVER:


	parent1 = [ 1.01674781e-18 -1.34793772e-12 -2.32202782e-13  4.88037562e-11
 -1.96041690e-10 -5.60199258e-16  9.36199454e-16  3.07697187e-05
 -2.04827460e-06 -1.40245502e-08  8.46320193e-10]
	parent2 = [ 1.00448162e-18 -1.33579589e-12 -2.32916222e-13  4.91212811e-11
 -1.95926830e-10 -5.60452943e-16  9.38901615e-16  3.15998184e-05
 -2.02815814e-06 -1.40796652e-08  8.42247358e-10]
	cutoff index = 10
	child 1 = [ 1.01674781e-18 -1.34793772e-12 -2.32202782e-13  4.88037562e-11
 -1.96041690e-10 -5.60199258e-16  9.36199454e-16  3.07697187e-05
 -2.04827460e-06 -1.40245502e-08  8.42247358e-10]
	child 2 = [ 1.01674781e-18 -1.34793772e-12 -2.32202782e-13  4.88037562e-11
 -1.96041690e-10 -5.60199258e-16  9.36199454e-16  3.07697187e-05
 -2.04827460e-06 -1.40245502e-08  8.46320193e-10]


MUTATION: 

RECEIVED FOR MUTATTION: [[ 1.00697477e-18 -1.33466755e-12 -2.35022159e-13  4.86878627e-11
  -1.94598494e-10 -5.58500190e-16  9.45346708e-16  3.13889951e-05
  -2.05426117e-06 -1.40839750e-08  8.46242554e-10]
 [ 1.00697477e-18 -1.33466755e-12 -2.35022159e-13  4.86878627e-11
  -1.94598494e-10 -5.64811264e-16  9.27717596e-16  3.07546899e-05
  -2.04162285e-06 -1.40060503e-08  8.46638580e-10]
 [ 1.01674781e-18 -1.34793772e-12 -2.32202782e-13  4.88037562e-11
  -1.96041690e-10 -5.60199258e-16  9.36199454e-16  3.07697187e-05
  -2.04827460e-06 -1.40245502e-08  8.46320193e-10]
 [ 1.01674781e-18 -1.34793772e-12 -2.32202782e-13  4.88037562e-11
  -1.94066549e-10 -5.60311140e-16  9.35224788e-16  3.07731954e-05
  -2.04162285e-06 -1.41154303e-08  8.45228690e-10]
 [ 1.00697477e-18 -1.33466755e-12 -2.35022159e-13  4.86878627e-11
  -1.94598494e-10 -5.64811264e-16  9.27717596e-16  3.07546899e-05
  -2.04162285e-06 -1.40060503e-08  8.46638580e-10]
 [ 1.00697477e-18 -1.33466755e-12 -2.35022159e-13  4.86878627e-11
  -1.94598494e-10 -5.64811264e-16  9.27717596e-16  3.07546899e-05
  -2.04162285e-06 -1.40060503e-08  8.46638580e-10]
 [ 1.01674781e-18 -1.34793772e-12 -2.32202782e-13  4.88037562e-11
  -1.96041690e-10 -5.60199258e-16  9.36199454e-16  3.07697187e-05
  -2.04827460e-06 -1.40245502e-08  8.42247358e-10]
 [ 1.01674781e-18 -1.34793772e-12 -2.32202782e-13  4.88037562e-11
  -1.96041690e-10 -5.60199258e-16  9.36199454e-16  3.07697187e-05
  -2.04827460e-06 -1.40245502e-08  8.46320193e-10]]

Mutated feature:[[ 1.00804853e-18 -1.33466755e-12 -2.35611348e-13  4.82820471e-11
  -1.94395189e-10 -5.62225472e-16  9.43105012e-16  3.16842379e-05
  -2.05810482e-06 -1.40012875e-08  8.54286712e-10]
 [ 1.00350397e-18 -1.33127962e-12 -2.33802241e-13  4.87692734e-11
  -1.93509350e-10 -5.64811264e-16  9.27717596e-16  3.07546899e-05
  -2.05789443e-06 -1.40060503e-08  8.50502840e-10]
 [ 1.01266543e-18 -1.34793772e-12 -2.30892026e-13  4.84052751e-11
  -1.96041690e-10 -5.55220314e-16  9.33792653e-16  3.06429371e-05
  -2.06023085e-06 -1.41404416e-08  8.42414882e-10]
 [ 1.02212187e-18 -1.35309390e-12 -2.32989884e-13  4.86714494e-11
  -1.94936682e-10 -5.55168215e-16  9.33867968e-16  3.06652590e-05
  -2.04369864e-06 -1.40284662e-08  8.48642775e-10]
 [ 1.00697477e-18 -1.32690118e-12 -2.33979893e-13  4.86878627e-11
  -1.94598494e-10 -5.65502555e-16  9.33572404e-16  3.07238384e-05
  -2.05666018e-06 -1.41458402e-08  8.44998590e-10]
 [ 1.00932546e-18 -1.33466755e-12 -2.33324725e-13  4.89661453e-11
  -1.94049828e-10 -5.64811264e-16  9.31277512e-16  3.07546899e-05
  -2.02492845e-06 -1.39088578e-08  8.49508061e-10]
 [ 1.01437384e-18 -1.34793772e-12 -2.31083208e-13  4.84354852e-11
  -1.94568569e-10 -5.60199258e-16  9.38559071e-16  3.06034744e-05
  -2.04827460e-06 -1.39090496e-08  8.35161652e-10]
 [ 1.01615425e-18 -1.35327777e-12 -2.30763591e-13  4.88037562e-11
  -1.96041690e-10 -5.62775470e-16  9.39995772e-16  3.09570347e-05
  -2.04660177e-06 -1.41337636e-08  8.46320193e-10]]


sending vector for error: [ 1.00804853e-18 -1.33466755e-12 -2.35611348e-13  4.82820471e-11
 -1.94395189e-10 -5.62225472e-16  9.43105012e-16  3.16842379e-05
 -2.05810482e-06 -1.40012875e-08  8.54286712e-10]
received errors: 457220411129.76105    156661359106.87253

sending vector for error: [ 1.00350397e-18 -1.33127962e-12 -2.33802241e-13  4.87692734e-11
 -1.93509350e-10 -5.64811264e-16  9.27717596e-16  3.07546899e-05
 -2.05789443e-06 -1.40060503e-08  8.50502840e-10]
received errors: 473208050750.36914    113891061799.14136

sending vector for error: [ 1.01266543e-18 -1.34793772e-12 -2.30892026e-13  4.84052751e-11
 -1.96041690e-10 -5.55220314e-16  9.33792653e-16  3.06429371e-05
 -2.06023085e-06 -1.41404416e-08  8.42414882e-10]
received errors: 669804147900.6456    329929808765.3125

sending vector for error: [ 1.02212187e-18 -1.35309390e-12 -2.32989884e-13  4.86714494e-11
 -1.94936682e-10 -5.55168215e-16  9.33867968e-16  3.06652590e-05
 -2.04369864e-06 -1.40284662e-08  8.48642775e-10]
received errors: 425279952267.9779    99994878695.88367

sending vector for error: [ 1.00697477e-18 -1.32690118e-12 -2.33979893e-13  4.86878627e-11
 -1.94598494e-10 -5.65502555e-16  9.33572404e-16  3.07238384e-05
 -2.05666018e-06 -1.41458402e-08  8.44998590e-10]
received errors: 578432834764.4645    218550532962.7567

sending vector for error: [ 1.00932546e-18 -1.33466755e-12 -2.33324725e-13  4.89661453e-11
 -1.94049828e-10 -5.64811264e-16  9.31277512e-16  3.07546899e-05
 -2.02492845e-06 -1.39088578e-08  8.49508061e-10]
received errors: 390577135370.00336    209324859713.2057

sending vector for error: [ 1.01437384e-18 -1.34793772e-12 -2.31083208e-13  4.84354852e-11
 -1.94568569e-10 -5.60199258e-16  9.38559071e-16  3.06034744e-05
 -2.04827460e-06 -1.39090496e-08  8.35161652e-10]
received errors: 635339173713.7637    263586540153.0414

sending vector for error: [ 1.01615425e-18 -1.35327777e-12 -2.30763591e-13  4.88037562e-11
 -1.96041690e-10 -5.62775470e-16  9.39995772e-16  3.09570347e-05
 -2.04660177e-06 -1.41337636e-08  8.46320193e-10]
received errors: 466027020749.26337    106779510046.27579


CROSSOVER:


	parent1 = [ 1.00350397e-18 -1.33127962e-12 -2.33802241e-13  4.87692734e-11
 -1.93509350e-10 -5.64811264e-16  9.27717596e-16  3.07546899e-05
 -2.05789443e-06 -1.40060503e-08  8.50502840e-10]
	parent2 = [ 1.01615425e-18 -1.35327777e-12 -2.30763591e-13  4.88037562e-11
 -1.96041690e-10 -5.62775470e-16  9.39995772e-16  3.09570347e-05
 -2.04660177e-06 -1.41337636e-08  8.46320193e-10]
	cutoff index = 2
	child 1 = [ 1.00350397e-18 -1.33127962e-12 -2.30763591e-13  4.88037562e-11
 -1.96041690e-10 -5.62775470e-16  9.39995772e-16  3.09570347e-05
 -2.04660177e-06 -1.41337636e-08  8.46320193e-10]
	child 2 = [ 1.00350397e-18 -1.33127962e-12 -2.33802241e-13  4.87692734e-11
 -1.93509350e-10 -5.64811264e-16  9.27717596e-16  3.07546899e-05
 -2.05789443e-06 -1.40060503e-08  8.50502840e-10]


CROSSOVER:


	parent1 = [ 1.02212187e-18 -1.35309390e-12 -2.32989884e-13  4.86714494e-11
 -1.94936682e-10 -5.55168215e-16  9.33867968e-16  3.06652590e-05
 -2.04369864e-06 -1.40284662e-08  8.48642775e-10]
	parent2 = [ 1.02212187e-18 -1.35309390e-12 -2.32989884e-13  4.86714494e-11
 -1.94936682e-10 -5.55168215e-16  9.33867968e-16  3.06652590e-05
 -2.04369864e-06 -1.40284662e-08  8.48642775e-10]
	cutoff index = 5
	child 1 = [ 1.02212187e-18 -1.35309390e-12 -2.32989884e-13  4.86714494e-11
 -1.94936682e-10 -5.55168215e-16  9.33867968e-16  3.06652590e-05
 -2.04369864e-06 -1.40284662e-08  8.48642775e-10]
	child 2 = [ 1.02212187e-18 -1.35309390e-12 -2.32989884e-13  4.86714494e-11
 -1.94936682e-10 -5.55168215e-16  9.33867968e-16  3.06652590e-05
 -2.04369864e-06 -1.40284662e-08  8.48642775e-10]


CROSSOVER:


	parent1 = [ 1.00932546e-18 -1.33466755e-12 -2.33324725e-13  4.89661453e-11
 -1.94049828e-10 -5.64811264e-16  9.31277512e-16  3.07546899e-05
 -2.02492845e-06 -1.39088578e-08  8.49508061e-10]
	parent2 = [ 1.00804853e-18 -1.33466755e-12 -2.35611348e-13  4.82820471e-11
 -1.94395189e-10 -5.62225472e-16  9.43105012e-16  3.16842379e-05
 -2.05810482e-06 -1.40012875e-08  8.54286712e-10]
	cutoff index = 6
	child 1 = [ 1.00932546e-18 -1.33466755e-12 -2.33324725e-13  4.89661453e-11
 -1.94049828e-10 -5.64811264e-16  9.43105012e-16  3.16842379e-05
 -2.05810482e-06 -1.40012875e-08  8.54286712e-10]
	child 2 = [ 1.00932546e-18 -1.33466755e-12 -2.33324725e-13  4.89661453e-11
 -1.94049828e-10 -5.64811264e-16  9.31277512e-16  3.07546899e-05
 -2.02492845e-06 -1.39088578e-08  8.49508061e-10]


CROSSOVER:


	parent1 = [ 1.00350397e-18 -1.33127962e-12 -2.33802241e-13  4.87692734e-11
 -1.93509350e-10 -5.64811264e-16  9.27717596e-16  3.07546899e-05
 -2.05789443e-06 -1.40060503e-08  8.50502840e-10]
	parent2 = [ 1.00350397e-18 -1.33127962e-12 -2.30763591e-13  4.88037562e-11
 -1.96041690e-10 -5.62775470e-16  9.39995772e-16  3.09570347e-05
 -2.04660177e-06 -1.41337636e-08  8.46320193e-10]
	cutoff index = 0
	child 1 = [ 1.00350397e-18 -1.33127962e-12 -2.30763591e-13  4.88037562e-11
 -1.96041690e-10 -5.62775470e-16  9.39995772e-16  3.09570347e-05
 -2.04660177e-06 -1.41337636e-08  8.46320193e-10]
	child 2 = [ 1.00350397e-18 -1.33127962e-12 -2.33802241e-13  4.87692734e-11
 -1.93509350e-10 -5.64811264e-16  9.27717596e-16  3.07546899e-05
 -2.05789443e-06 -1.40060503e-08  8.50502840e-10]


MUTATION: 

RECEIVED FOR MUTATTION: [[ 1.00350397e-18 -1.33127962e-12 -2.30763591e-13  4.88037562e-11
  -1.96041690e-10 -5.62775470e-16  9.39995772e-16  3.09570347e-05
  -2.04660177e-06 -1.41337636e-08  8.46320193e-10]
 [ 1.00350397e-18 -1.33127962e-12 -2.33802241e-13  4.87692734e-11
  -1.93509350e-10 -5.64811264e-16  9.27717596e-16  3.07546899e-05
  -2.05789443e-06 -1.40060503e-08  8.50502840e-10]
 [ 1.02212187e-18 -1.35309390e-12 -2.32989884e-13  4.86714494e-11
  -1.94936682e-10 -5.55168215e-16  9.33867968e-16  3.06652590e-05
  -2.04369864e-06 -1.40284662e-08  8.48642775e-10]
 [ 1.02212187e-18 -1.35309390e-12 -2.32989884e-13  4.86714494e-11
  -1.94936682e-10 -5.55168215e-16  9.33867968e-16  3.06652590e-05
  -2.04369864e-06 -1.40284662e-08  8.48642775e-10]
 [ 1.00932546e-18 -1.33466755e-12 -2.33324725e-13  4.89661453e-11
  -1.94049828e-10 -5.64811264e-16  9.43105012e-16  3.16842379e-05
  -2.05810482e-06 -1.40012875e-08  8.54286712e-10]
 [ 1.00932546e-18 -1.33466755e-12 -2.33324725e-13  4.89661453e-11
  -1.94049828e-10 -5.64811264e-16  9.31277512e-16  3.07546899e-05
  -2.02492845e-06 -1.39088578e-08  8.49508061e-10]
 [ 1.00350397e-18 -1.33127962e-12 -2.30763591e-13  4.88037562e-11
  -1.96041690e-10 -5.62775470e-16  9.39995772e-16  3.09570347e-05
  -2.04660177e-06 -1.41337636e-08  8.46320193e-10]
 [ 1.00350397e-18 -1.33127962e-12 -2.33802241e-13  4.87692734e-11
  -1.93509350e-10 -5.64811264e-16  9.27717596e-16  3.07546899e-05
  -2.05789443e-06 -1.40060503e-08  8.50502840e-10]]

Mutated feature:[[ 1.00484527e-18 -1.33838794e-12 -2.28927486e-13  4.90878515e-11
  -1.94147858e-10 -5.66584305e-16  9.33920991e-16  3.09570347e-05
  -2.06072812e-06 -1.40862831e-08  8.46729054e-10]
 [ 1.00547221e-18 -1.32706420e-12 -2.34848068e-13  4.85415749e-11
  -1.92330972e-10 -5.64811264e-16  9.23473408e-16  3.04656516e-05
  -2.06475932e-06 -1.40060503e-08  8.50214667e-10]
 [ 1.02212187e-18 -1.35454118e-12 -2.33221767e-13  4.86714494e-11
  -1.94881197e-10 -5.55168215e-16  9.33867968e-16  3.07164401e-05
  -2.06151767e-06 -1.40397321e-08  8.54165065e-10]
 [ 1.01622781e-18 -1.35089902e-12 -2.34572255e-13  4.88923568e-11
  -1.95453003e-10 -5.60677042e-16  9.33867968e-16  3.06417308e-05
  -2.05780654e-06 -1.40284662e-08  8.48642775e-10]
 [ 1.00932546e-18 -1.32710979e-12 -2.34367931e-13  4.93249055e-11
  -1.93331043e-10 -5.64945814e-16  9.45392551e-16  3.19771512e-05
  -2.07803661e-06 -1.41404223e-08  8.57134590e-10]
 [ 1.01781984e-18 -1.34013001e-12 -2.33658245e-13  4.89661453e-11
  -1.93704445e-10 -5.65706615e-16  9.29226034e-16  3.10318852e-05
  -2.02975335e-06 -1.39728159e-08  8.54360437e-10]
 [ 1.00350397e-18 -1.34350721e-12 -2.28914029e-13  4.83458465e-11
  -1.97615379e-10 -5.63784590e-16  9.45586955e-16  3.09570347e-05
  -2.04660177e-06 -1.41351672e-08  8.42444946e-10]
 [ 1.00134657e-18 -1.32266290e-12 -2.36010610e-13  4.84722476e-11
  -1.93447080e-10 -5.65858022e-16  9.35173289e-16  3.06801057e-05
  -2.05789443e-06 -1.41444541e-08  8.55892529e-10]]


sending vector for error: [ 1.00484527e-18 -1.33838794e-12 -2.28927486e-13  4.90878515e-11
 -1.94147858e-10 -5.66584305e-16  9.33920991e-16  3.09570347e-05
 -2.06072812e-06 -1.40862831e-08  8.46729054e-10]
received errors: 545154451268.7576    160441276691.76047

sending vector for error: [ 1.00547221e-18 -1.32706420e-12 -2.34848068e-13  4.85415749e-11
 -1.92330972e-10 -5.64811264e-16  9.23473408e-16  3.04656516e-05
 -2.06475932e-06 -1.40060503e-08  8.50214667e-10]
received errors: 541483039771.5804    185113343619.90637

sending vector for error: [ 1.02212187e-18 -1.35454118e-12 -2.33221767e-13  4.86714494e-11
 -1.94881197e-10 -5.55168215e-16  9.33867968e-16  3.07164401e-05
 -2.06151767e-06 -1.40397321e-08  8.54165065e-10]
received errors: 457367379357.6831    112258034932.39188

sending vector for error: [ 1.01622781e-18 -1.35089902e-12 -2.34572255e-13  4.88923568e-11
 -1.95453003e-10 -5.60677042e-16  9.33867968e-16  3.06417308e-05
 -2.05780654e-06 -1.40284662e-08  8.48642775e-10]
received errors: 505268589031.9582    143651292634.33484

sending vector for error: [ 1.00932546e-18 -1.32710979e-12 -2.34367931e-13  4.93249055e-11
 -1.93331043e-10 -5.64945814e-16  9.45392551e-16  3.19771512e-05
 -2.07803661e-06 -1.41404223e-08  8.57134590e-10]
received errors: 495930236576.7996    101966418149.52159

sending vector for error: [ 1.01781984e-18 -1.34013001e-12 -2.33658245e-13  4.89661453e-11
 -1.93704445e-10 -5.65706615e-16  9.29226034e-16  3.10318852e-05
 -2.02975335e-06 -1.39728159e-08  8.54360437e-10]
received errors: 418721630389.155    301112475712.4468

sending vector for error: [ 1.00350397e-18 -1.34350721e-12 -2.28914029e-13  4.83458465e-11
 -1.97615379e-10 -5.63784590e-16  9.45586955e-16  3.09570347e-05
 -2.04660177e-06 -1.41351672e-08  8.42444946e-10]
received errors: 517852351380.23254    142818451266.0521

sending vector for error: [ 1.00134657e-18 -1.32266290e-12 -2.36010610e-13  4.84722476e-11
 -1.93447080e-10 -5.65858022e-16  9.35173289e-16  3.06801057e-05
 -2.05789443e-06 -1.41444541e-08  8.55892529e-10]
received errors: 435953600990.37994    109367217802.95972


CROSSOVER:


	parent1 = [ 1.01622781e-18 -1.35089902e-12 -2.34572255e-13  4.88923568e-11
 -1.95453003e-10 -5.60677042e-16  9.33867968e-16  3.06417308e-05
 -2.05780654e-06 -1.40284662e-08  8.48642775e-10]
	parent2 = [ 1.00134657e-18 -1.32266290e-12 -2.36010610e-13  4.84722476e-11
 -1.93447080e-10 -5.65858022e-16  9.35173289e-16  3.06801057e-05
 -2.05789443e-06 -1.41444541e-08  8.55892529e-10]
	cutoff index = 10
	child 1 = [ 1.01622781e-18 -1.35089902e-12 -2.34572255e-13  4.88923568e-11
 -1.95453003e-10 -5.60677042e-16  9.33867968e-16  3.06417308e-05
 -2.05780654e-06 -1.40284662e-08  8.55892529e-10]
	child 2 = [ 1.01622781e-18 -1.35089902e-12 -2.34572255e-13  4.88923568e-11
 -1.95453003e-10 -5.60677042e-16  9.33867968e-16  3.06417308e-05
 -2.05780654e-06 -1.40284662e-08  8.48642775e-10]


CROSSOVER:


	parent1 = [ 1.01622781e-18 -1.35089902e-12 -2.34572255e-13  4.88923568e-11
 -1.95453003e-10 -5.60677042e-16  9.33867968e-16  3.06417308e-05
 -2.05780654e-06 -1.40284662e-08  8.48642775e-10]
	parent2 = [ 1.02212187e-18 -1.35454118e-12 -2.33221767e-13  4.86714494e-11
 -1.94881197e-10 -5.55168215e-16  9.33867968e-16  3.07164401e-05
 -2.06151767e-06 -1.40397321e-08  8.54165065e-10]
	cutoff index = 9
	child 1 = [ 1.01622781e-18 -1.35089902e-12 -2.34572255e-13  4.88923568e-11
 -1.95453003e-10 -5.60677042e-16  9.33867968e-16  3.06417308e-05
 -2.05780654e-06 -1.40397321e-08  8.54165065e-10]
	child 2 = [ 1.01622781e-18 -1.35089902e-12 -2.34572255e-13  4.88923568e-11
 -1.95453003e-10 -5.60677042e-16  9.33867968e-16  3.06417308e-05
 -2.05780654e-06 -1.40284662e-08  8.48642775e-10]


CROSSOVER:


	parent1 = [ 1.01622781e-18 -1.35089902e-12 -2.34572255e-13  4.88923568e-11
 -1.95453003e-10 -5.60677042e-16  9.33867968e-16  3.06417308e-05
 -2.05780654e-06 -1.40284662e-08  8.55892529e-10]
	parent2 = [ 1.01622781e-18 -1.35089902e-12 -2.34572255e-13  4.88923568e-11
 -1.95453003e-10 -5.60677042e-16  9.33867968e-16  3.06417308e-05
 -2.05780654e-06 -1.40284662e-08  8.55892529e-10]
	cutoff index = 2
	child 1 = [ 1.01622781e-18 -1.35089902e-12 -2.34572255e-13  4.88923568e-11
 -1.95453003e-10 -5.60677042e-16  9.33867968e-16  3.06417308e-05
 -2.05780654e-06 -1.40284662e-08  8.55892529e-10]
	child 2 = [ 1.01622781e-18 -1.35089902e-12 -2.34572255e-13  4.88923568e-11
 -1.95453003e-10 -5.60677042e-16  9.33867968e-16  3.06417308e-05
 -2.05780654e-06 -1.40284662e-08  8.55892529e-10]


CROSSOVER:


	parent1 = [ 1.01622781e-18 -1.35089902e-12 -2.34572255e-13  4.88923568e-11
 -1.95453003e-10 -5.60677042e-16  9.33867968e-16  3.06417308e-05
 -2.05780654e-06 -1.40284662e-08  8.55892529e-10]
	parent2 = [ 1.01622781e-18 -1.35089902e-12 -2.34572255e-13  4.88923568e-11
 -1.95453003e-10 -5.60677042e-16  9.33867968e-16  3.06417308e-05
 -2.05780654e-06 -1.40397321e-08  8.54165065e-10]
	cutoff index = 0
	child 1 = [ 1.01622781e-18 -1.35089902e-12 -2.34572255e-13  4.88923568e-11
 -1.95453003e-10 -5.60677042e-16  9.33867968e-16  3.06417308e-05
 -2.05780654e-06 -1.40397321e-08  8.54165065e-10]
	child 2 = [ 1.01622781e-18 -1.35089902e-12 -2.34572255e-13  4.88923568e-11
 -1.95453003e-10 -5.60677042e-16  9.33867968e-16  3.06417308e-05
 -2.05780654e-06 -1.40284662e-08  8.55892529e-10]


MUTATION: 

RECEIVED FOR MUTATTION: [[ 1.01622781e-18 -1.35089902e-12 -2.34572255e-13  4.88923568e-11
  -1.95453003e-10 -5.60677042e-16  9.33867968e-16  3.06417308e-05
  -2.05780654e-06 -1.40284662e-08  8.55892529e-10]
 [ 1.01622781e-18 -1.35089902e-12 -2.34572255e-13  4.88923568e-11
  -1.95453003e-10 -5.60677042e-16  9.33867968e-16  3.06417308e-05
  -2.05780654e-06 -1.40284662e-08  8.48642775e-10]
 [ 1.01622781e-18 -1.35089902e-12 -2.34572255e-13  4.88923568e-11
  -1.95453003e-10 -5.60677042e-16  9.33867968e-16  3.06417308e-05
  -2.05780654e-06 -1.40397321e-08  8.54165065e-10]
 [ 1.01622781e-18 -1.35089902e-12 -2.34572255e-13  4.88923568e-11
  -1.95453003e-10 -5.60677042e-16  9.33867968e-16  3.06417308e-05
  -2.05780654e-06 -1.40284662e-08  8.48642775e-10]
 [ 1.01622781e-18 -1.35089902e-12 -2.34572255e-13  4.88923568e-11
  -1.95453003e-10 -5.60677042e-16  9.33867968e-16  3.06417308e-05
  -2.05780654e-06 -1.40284662e-08  8.55892529e-10]
 [ 1.01622781e-18 -1.35089902e-12 -2.34572255e-13  4.88923568e-11
  -1.95453003e-10 -5.60677042e-16  9.33867968e-16  3.06417308e-05
  -2.05780654e-06 -1.40284662e-08  8.55892529e-10]
 [ 1.01622781e-18 -1.35089902e-12 -2.34572255e-13  4.88923568e-11
  -1.95453003e-10 -5.60677042e-16  9.33867968e-16  3.06417308e-05
  -2.05780654e-06 -1.40397321e-08  8.54165065e-10]
 [ 1.01622781e-18 -1.35089902e-12 -2.34572255e-13  4.88923568e-11
  -1.95453003e-10 -5.60677042e-16  9.33867968e-16  3.06417308e-05
  -2.05780654e-06 -1.40284662e-08  8.55892529e-10]]

Mutated feature:[[ 1.02128231e-18 -1.35784259e-12 -2.34572255e-13  4.90672887e-11
  -1.93582397e-10 -5.55614837e-16  9.33867968e-16  3.03724339e-05
  -2.05547917e-06 -1.39802102e-08  8.51134867e-10]
 [ 1.01954050e-18 -1.35677313e-12 -2.34299115e-13  4.88923568e-11
  -1.94001692e-10 -5.58221401e-16  9.29235224e-16  3.04900711e-05
  -2.06044551e-06 -1.38912716e-08  8.43920382e-10]
 [ 1.01436325e-18 -1.35089902e-12 -2.32553241e-13  4.85654737e-11
  -1.96257757e-10 -5.59036624e-16  9.40091719e-16  3.06417308e-05
  -2.05045461e-06 -1.39837522e-08  8.51085551e-10]
 [ 1.02348943e-18 -1.35568700e-12 -2.34357854e-13  4.87112001e-11
  -1.94862845e-10 -5.56042228e-16  9.33867968e-16  3.06902521e-05
  -2.05376524e-06 -1.41571097e-08  8.56751332e-10]
 [ 1.01180518e-18 -1.34778014e-12 -2.32713341e-13  4.89370826e-11
  -1.94443129e-10 -5.61829927e-16  9.27623008e-16  3.09280736e-05
  -2.05474791e-06 -1.40374927e-08  8.55892529e-10]
 [ 1.01267820e-18 -1.34925774e-12 -2.34572255e-13  4.87098404e-11
  -1.95701378e-10 -5.60761988e-16  9.28667422e-16  3.07583923e-05
  -2.04194486e-06 -1.39229458e-08  8.50989176e-10]
 [ 1.01996870e-18 -1.36002621e-12 -2.34572255e-13  4.84066897e-11
  -1.95752133e-10 -5.65261287e-16  9.35942245e-16  3.03439420e-05
  -2.06165833e-06 -1.41449159e-08  8.54097383e-10]
 [ 1.01110186e-18 -1.34833235e-12 -2.34613125e-13  4.88338616e-11
  -1.96307960e-10 -5.64661941e-16  9.28292571e-16  3.07138051e-05
  -2.06324282e-06 -1.40006803e-08  8.55892529e-10]]

best fit vector:
[9.985192109192422e-19, -1.3369272257588082e-12, -2.3293378214869287e-13, 4.9021678635914174e-11, -1.972186462507963e-10, -5.499114296242744e-16, 9.34019664157137e-16, 3.175679107946995e-05, -2.0528971137585945e-06, -1.4136190970009084e-08, 8.431420994822284e-10]
error:    4.350448e+11    8.659693e+10