

MUTATION: 

RECEIVED FOR MUTATTION: [[ 1.05268818e-18 -1.30206415e-12 -2.35277463e-13  4.98616019e-11
  -2.01846914e-10 -5.51234728e-16  9.31568047e-16  3.16574517e-05
  -1.95649871e-06 -1.39707674e-08  8.12510253e-10]
 [ 1.05268818e-18 -1.30206415e-12 -2.35277463e-13  4.98616019e-11
  -2.01846914e-10 -5.51234728e-16  9.31568047e-16  3.16574517e-05
  -1.95649871e-06 -1.39707674e-08  8.12510253e-10]
 [ 1.05268818e-18 -1.30206415e-12 -2.35277463e-13  4.98616019e-11
  -2.01846914e-10 -5.51234728e-16  9.31568047e-16  3.16574517e-05
  -1.95649871e-06 -1.39707674e-08  8.12510253e-10]
 [ 1.05268818e-18 -1.30206415e-12 -2.35277463e-13  4.98616019e-11
  -2.01846914e-10 -5.51234728e-16  9.31568047e-16  3.16574517e-05
  -1.95649871e-06 -1.39707674e-08  8.12510253e-10]
 [ 1.05268818e-18 -1.30206415e-12 -2.35277463e-13  4.98616019e-11
  -2.01846914e-10 -5.51234728e-16  9.31568047e-16  3.16574517e-05
  -1.95649871e-06 -1.39707674e-08  8.12510253e-10]
 [ 1.05268818e-18 -1.30206415e-12 -2.35277463e-13  4.98616019e-11
  -2.01846914e-10 -5.51234728e-16  9.31568047e-16  3.16574517e-05
  -1.95649871e-06 -1.39707674e-08  8.12510253e-10]
 [ 1.05268818e-18 -1.30206415e-12 -2.35277463e-13  4.98616019e-11
  -2.01846914e-10 -5.51234728e-16  9.31568047e-16  3.16574517e-05
  -1.95649871e-06 -1.39707674e-08  8.12510253e-10]
 [ 1.05268818e-18 -1.30206415e-12 -2.35277463e-13  4.98616019e-11
  -2.01846914e-10 -5.51234728e-16  9.31568047e-16  3.16574517e-05
  -1.95649871e-06 -1.39707674e-08  8.12510253e-10]]

Mutated feature:[[ 1.05268818e-18 -1.30125456e-12 -2.35518783e-13  5.01445234e-11
  -2.00539802e-10 -5.50592277e-16  9.40777269e-16  3.17252332e-05
  -1.95172999e-06 -1.39882439e-08  8.05138874e-10]
 [ 1.06129618e-18 -1.29547803e-12 -2.35714354e-13  5.00312037e-11
  -2.03639382e-10 -5.47877214e-16  9.33320663e-16  3.16574517e-05
  -1.97106602e-06 -1.39707674e-08  8.14539898e-10]
 [ 1.05285419e-18 -1.29532197e-12 -2.33938982e-13  4.98616019e-11
  -2.03653424e-10 -5.47340753e-16  9.33602631e-16  3.17578720e-05
  -1.95842462e-06 -1.40726176e-08  8.10219221e-10]
 [ 1.05830543e-18 -1.29862288e-12 -2.35409908e-13  5.00964208e-11
  -2.01846914e-10 -5.49571959e-16  9.28356098e-16  3.18663356e-05
  -1.94107355e-06 -1.38905523e-08  8.10856651e-10]
 [ 1.05661140e-18 -1.30845895e-12 -2.35193467e-13  4.98469773e-11
  -2.03329465e-10 -5.50276253e-16  9.37969738e-16  3.16310317e-05
  -1.96753612e-06 -1.40727958e-08  8.19967167e-10]
 [ 1.05151098e-18 -1.31165401e-12 -2.35794944e-13  5.01026594e-11
  -2.00311941e-10 -5.46378225e-16  9.22610481e-16  3.19453429e-05
  -1.93755243e-06 -1.39707674e-08  8.17713108e-10]
 [ 1.06101072e-18 -1.29761718e-12 -2.35277463e-13  4.97579846e-11
  -2.00789469e-10 -5.47442354e-16  9.36325251e-16  3.18396314e-05
  -1.96627387e-06 -1.39707674e-08  8.07283129e-10]
 [ 1.06306065e-18 -1.31468472e-12 -2.37005893e-13  5.01826736e-11
  -2.03221929e-10 -5.49208882e-16  9.33474599e-16  3.17307915e-05
  -1.97416919e-06 -1.39564343e-08  8.06935124e-10]]



POPULATION: [[ 1.05268818e-18 -1.30206415e-12 -2.35277463e-13  4.98616019e-11
  -2.01846914e-10 -5.51234728e-16  9.31568047e-16  3.16574517e-05
  -1.95649871e-06 -1.39707674e-08  8.12510253e-10]
 [ 1.06129618e-18 -1.29547803e-12 -2.35714354e-13  5.00312037e-11
  -2.03639382e-10 -5.47877214e-16  9.33320663e-16  3.16574517e-05
  -1.97106602e-06 -1.39707674e-08  8.14539898e-10]
 [ 1.05285419e-18 -1.29532197e-12 -2.33938982e-13  4.98616019e-11
  -2.03653424e-10 -5.47340753e-16  9.33602631e-16  3.17578720e-05
  -1.95842462e-06 -1.40726176e-08  8.10219221e-10]
 [ 1.05830543e-18 -1.29862288e-12 -2.35409908e-13  5.00964208e-11
  -2.01846914e-10 -5.49571959e-16  9.28356098e-16  3.18663356e-05
  -1.94107355e-06 -1.38905523e-08  8.10856651e-10]
 [ 1.05661140e-18 -1.30845895e-12 -2.35193467e-13  4.98469773e-11
  -2.03329465e-10 -5.50276253e-16  9.37969738e-16  3.16310317e-05
  -1.96753612e-06 -1.40727958e-08  8.19967167e-10]
 [ 1.05151098e-18 -1.31165401e-12 -2.35794944e-13  5.01026594e-11
  -2.00311941e-10 -5.46378225e-16  9.22610481e-16  3.19453429e-05
  -1.93755243e-06 -1.39707674e-08  8.17713108e-10]
 [ 1.06101072e-18 -1.29761718e-12 -2.35277463e-13  4.97579846e-11
  -2.00789469e-10 -5.47442354e-16  9.36325251e-16  3.18396314e-05
  -1.96627387e-06 -1.39707674e-08  8.07283129e-10]
 [ 1.06306065e-18 -1.31468472e-12 -2.37005893e-13  5.01826736e-11
  -2.03221929e-10 -5.49208882e-16  9.33474599e-16  3.17307915e-05
  -1.97416919e-06 -1.39564343e-08  8.06935124e-10]]


sending vector for error: [ 1.05268818e-18 -1.30206415e-12 -2.35277463e-13  4.98616019e-11
 -2.01846914e-10 -5.51234728e-16  9.31568047e-16  3.16574517e-05
 -1.95649871e-06 -1.39707674e-08  8.12510253e-10]
received errors: 386756160333.3673    162647722410.31418

sending vector for error: [ 1.06129618e-18 -1.29547803e-12 -2.35714354e-13  5.00312037e-11
 -2.03639382e-10 -5.47877214e-16  9.33320663e-16  3.16574517e-05
 -1.97106602e-06 -1.39707674e-08  8.14539898e-10]
received errors: 399243280765.20703    100203844462.13422

sending vector for error: [ 1.05285419e-18 -1.29532197e-12 -2.33938982e-13  4.98616019e-11
 -2.03653424e-10 -5.47340753e-16  9.33602631e-16  3.17578720e-05
 -1.95842462e-06 -1.40726176e-08  8.10219221e-10]
received errors: 386944500555.0777    94815555834.0422

sending vector for error: [ 1.05830543e-18 -1.29862288e-12 -2.35409908e-13  5.00964208e-11
 -2.01846914e-10 -5.49571959e-16  9.28356098e-16  3.18663356e-05
 -1.94107355e-06 -1.38905523e-08  8.10856651e-10]
received errors: 438890636163.48346    386951958785.6395

sending vector for error: [ 1.05661140e-18 -1.30845895e-12 -2.35193467e-13  4.98469773e-11
 -2.03329465e-10 -5.50276253e-16  9.37969738e-16  3.16310317e-05
 -1.96753612e-06 -1.40727958e-08  8.19967167e-10]
received errors: 383683104948.39685    174592997031.80084

sending vector for error: [ 1.05151098e-18 -1.31165401e-12 -2.35794944e-13  5.01026594e-11
 -2.00311941e-10 -5.46378225e-16  9.22610481e-16  3.19453429e-05
 -1.93755243e-06 -1.39707674e-08  8.17713108e-10]
received errors: 525338734022.71716    690844411457.0338

sending vector for error: [ 1.06101072e-18 -1.29761718e-12 -2.35277463e-13  4.97579846e-11
 -2.00789469e-10 -5.47442354e-16  9.36325251e-16  3.18396314e-05
 -1.96627387e-06 -1.39707674e-08  8.07283129e-10]
received errors: 421425732009.7882    63102982550.71847

sending vector for error: [ 1.06306065e-18 -1.31468472e-12 -2.37005893e-13  5.01826736e-11
 -2.03221929e-10 -5.49208882e-16  9.33474599e-16  3.17307915e-05
 -1.97416919e-06 -1.39564343e-08  8.06935124e-10]
received errors: 455668957214.9164    55203141975.84005


CROSSOVER:


	parent1 = [ 1.06306065e-18 -1.31468472e-12 -2.37005893e-13  5.01826736e-11
 -2.03221929e-10 -5.49208882e-16  9.33474599e-16  3.17307915e-05
 -1.97416919e-06 -1.39564343e-08  8.06935124e-10]
	parent2 = [ 1.05285419e-18 -1.29532197e-12 -2.33938982e-13  4.98616019e-11
 -2.03653424e-10 -5.47340753e-16  9.33602631e-16  3.17578720e-05
 -1.95842462e-06 -1.40726176e-08  8.10219221e-10]
	cutoff index = 8
	child 1 = [ 1.06306065e-18 -1.31468472e-12 -2.37005893e-13  5.01826736e-11
 -2.03221929e-10 -5.49208882e-16  9.33474599e-16  3.17307915e-05
 -1.95842462e-06 -1.40726176e-08  8.10219221e-10]
	child 2 = [ 1.06306065e-18 -1.31468472e-12 -2.37005893e-13  5.01826736e-11
 -2.03221929e-10 -5.49208882e-16  9.33474599e-16  3.17307915e-05
 -1.97416919e-06 -1.39564343e-08  8.06935124e-10]


CROSSOVER:


	parent1 = [ 1.05268818e-18 -1.30206415e-12 -2.35277463e-13  4.98616019e-11
 -2.01846914e-10 -5.51234728e-16  9.31568047e-16  3.16574517e-05
 -1.95649871e-06 -1.39707674e-08  8.12510253e-10]
	parent2 = [ 1.06306065e-18 -1.31468472e-12 -2.37005893e-13  5.01826736e-11
 -2.03221929e-10 -5.49208882e-16  9.33474599e-16  3.17307915e-05
 -1.95842462e-06 -1.40726176e-08  8.10219221e-10]
	cutoff index = 7
	child 1 = [ 1.05268818e-18 -1.30206415e-12 -2.35277463e-13  4.98616019e-11
 -2.01846914e-10 -5.51234728e-16  9.31568047e-16  3.17307915e-05
 -1.95842462e-06 -1.40726176e-08  8.10219221e-10]
	child 2 = [ 1.05268818e-18 -1.30206415e-12 -2.35277463e-13  4.98616019e-11
 -2.01846914e-10 -5.51234728e-16  9.31568047e-16  3.16574517e-05
 -1.95649871e-06 -1.39707674e-08  8.12510253e-10]


CROSSOVER:


	parent1 = [ 1.06129618e-18 -1.29547803e-12 -2.35714354e-13  5.00312037e-11
 -2.03639382e-10 -5.47877214e-16  9.33320663e-16  3.16574517e-05
 -1.97106602e-06 -1.39707674e-08  8.14539898e-10]
	parent2 = [ 1.05268818e-18 -1.30206415e-12 -2.35277463e-13  4.98616019e-11
 -2.01846914e-10 -5.51234728e-16  9.31568047e-16  3.17307915e-05
 -1.95842462e-06 -1.40726176e-08  8.10219221e-10]
	cutoff index = 10
	child 1 = [ 1.06129618e-18 -1.29547803e-12 -2.35714354e-13  5.00312037e-11
 -2.03639382e-10 -5.47877214e-16  9.33320663e-16  3.16574517e-05
 -1.97106602e-06 -1.39707674e-08  8.10219221e-10]
	child 2 = [ 1.06129618e-18 -1.29547803e-12 -2.35714354e-13  5.00312037e-11
 -2.03639382e-10 -5.47877214e-16  9.33320663e-16  3.16574517e-05
 -1.97106602e-06 -1.39707674e-08  8.14539898e-10]


CROSSOVER:


	parent1 = [ 1.06129618e-18 -1.29547803e-12 -2.35714354e-13  5.00312037e-11
 -2.03639382e-10 -5.47877214e-16  9.33320663e-16  3.16574517e-05
 -1.97106602e-06 -1.39707674e-08  8.10219221e-10]
	parent2 = [ 1.06101072e-18 -1.29761718e-12 -2.35277463e-13  4.97579846e-11
 -2.00789469e-10 -5.47442354e-16  9.36325251e-16  3.18396314e-05
 -1.96627387e-06 -1.39707674e-08  8.07283129e-10]
	cutoff index = 4
	child 1 = [ 1.06129618e-18 -1.29547803e-12 -2.35714354e-13  5.00312037e-11
 -2.00789469e-10 -5.47442354e-16  9.36325251e-16  3.18396314e-05
 -1.96627387e-06 -1.39707674e-08  8.07283129e-10]
	child 2 = [ 1.06129618e-18 -1.29547803e-12 -2.35714354e-13  5.00312037e-11
 -2.03639382e-10 -5.47877214e-16  9.33320663e-16  3.16574517e-05
 -1.97106602e-06 -1.39707674e-08  8.10219221e-10]


MUTATION: 

RECEIVED FOR MUTATTION: [[ 1.06129618e-18 -1.29547803e-12 -2.35714354e-13  5.00312037e-11
  -2.03639382e-10 -5.47877214e-16  9.33320663e-16  3.16574517e-05
  -1.97106602e-06 -1.39707674e-08  8.10219221e-10]
 [ 1.06306065e-18 -1.31468472e-12 -2.37005893e-13  5.01826736e-11
  -2.03221929e-10 -5.49208882e-16  9.33474599e-16  3.17307915e-05
  -1.97416919e-06 -1.39564343e-08  8.06935124e-10]
 [ 1.06129618e-18 -1.29547803e-12 -2.35714354e-13  5.00312037e-11
  -2.03639382e-10 -5.47877214e-16  9.33320663e-16  3.16574517e-05
  -1.97106602e-06 -1.39707674e-08  8.10219221e-10]
 [ 1.05268818e-18 -1.30206415e-12 -2.35277463e-13  4.98616019e-11
  -2.01846914e-10 -5.51234728e-16  9.31568047e-16  3.16574517e-05
  -1.95649871e-06 -1.39707674e-08  8.12510253e-10]
 [ 1.06129618e-18 -1.29547803e-12 -2.35714354e-13  5.00312037e-11
  -2.03639382e-10 -5.47877214e-16  9.33320663e-16  3.16574517e-05
  -1.97106602e-06 -1.39707674e-08  8.10219221e-10]
 [ 1.06129618e-18 -1.29547803e-12 -2.35714354e-13  5.00312037e-11
  -2.03639382e-10 -5.47877214e-16  9.33320663e-16  3.16574517e-05
  -1.97106602e-06 -1.39707674e-08  8.14539898e-10]
 [ 1.06129618e-18 -1.29547803e-12 -2.35714354e-13  5.00312037e-11
  -2.00789469e-10 -5.47442354e-16  9.36325251e-16  3.18396314e-05
  -1.96627387e-06 -1.39707674e-08  8.07283129e-10]
 [ 1.06129618e-18 -1.29547803e-12 -2.35714354e-13  5.00312037e-11
  -2.03639382e-10 -5.47877214e-16  9.33320663e-16  3.16574517e-05
  -1.97106602e-06 -1.39707674e-08  8.10219221e-10]]

Mutated feature:[[ 1.05487422e-18 -1.30542900e-12 -2.35658318e-13  5.03132072e-11
  -2.05437913e-10 -5.47877214e-16  9.34989891e-16  3.16956003e-05
  -1.96081534e-06 -1.39515797e-08  8.02676570e-10]
 [ 1.05339055e-18 -1.31537970e-12 -2.38852086e-13  4.97635859e-11
  -2.03438305e-10 -5.51477093e-16  9.28396064e-16  3.18459112e-05
  -1.97416919e-06 -1.40782521e-08  8.11765728e-10]
 [ 1.06930798e-18 -1.30573050e-12 -2.34421438e-13  4.97076807e-11
  -2.02295644e-10 -5.42639556e-16  9.39873642e-16  3.15047178e-05
  -1.98386428e-06 -1.39641024e-08  8.04163527e-10]
 [ 1.05268818e-18 -1.30660641e-12 -2.33645816e-13  4.97381411e-11
  -2.00825823e-10 -5.50014257e-16  9.31568047e-16  3.16550356e-05
  -1.95827173e-06 -1.40491410e-08  8.07820067e-10]
 [ 1.05849739e-18 -1.30842325e-12 -2.33654416e-13  4.98298806e-11
  -2.04462730e-10 -5.51953796e-16  9.33503169e-16  3.19680766e-05
  -1.97085788e-06 -1.39209945e-08  8.10187748e-10]
 [ 1.06610251e-18 -1.30434648e-12 -2.34188868e-13  5.00873886e-11
  -2.03639382e-10 -5.47877214e-16  9.37645223e-16  3.18393059e-05
  -1.96612349e-06 -1.40644796e-08  8.13757539e-10]
 [ 1.05563668e-18 -1.30153571e-12 -2.36520719e-13  5.02763405e-11
  -2.00789469e-10 -5.49918708e-16  9.27758806e-16  3.17599786e-05
  -1.96609045e-06 -1.38515304e-08  8.14529299e-10]
 [ 1.05845801e-18 -1.30156554e-12 -2.36490424e-13  5.04352258e-11
  -2.05342686e-10 -5.44262636e-16  9.29743160e-16  3.19247732e-05
  -1.97106602e-06 -1.41025389e-08  8.14717485e-10]]


sending vector for error: [ 1.05487422e-18 -1.30542900e-12 -2.35658318e-13  5.03132072e-11
 -2.05437913e-10 -5.47877214e-16  9.34989891e-16  3.16956003e-05
 -1.96081534e-06 -1.39515797e-08  8.02676570e-10]
received errors: 433684971553.73175    51145871574.80952

sending vector for error: [ 1.05339055e-18 -1.31537970e-12 -2.38852086e-13  4.97635859e-11
 -2.03438305e-10 -5.51477093e-16  9.28396064e-16  3.18459112e-05
 -1.97416919e-06 -1.40782521e-08  8.11765728e-10]
received errors: 423070574297.7922    59832747333.679306

sending vector for error: [ 1.06930798e-18 -1.30573050e-12 -2.34421438e-13  4.97076807e-11
 -2.02295644e-10 -5.42639556e-16  9.39873642e-16  3.15047178e-05
 -1.98386428e-06 -1.39641024e-08  8.04163527e-10]
received errors: 570066660208.4669    142725556270.50006

sending vector for error: [ 1.05268818e-18 -1.30660641e-12 -2.33645816e-13  4.97381411e-11
 -2.00825823e-10 -5.50014257e-16  9.31568047e-16  3.16550356e-05
 -1.95827173e-06 -1.40491410e-08  8.07820067e-10]
received errors: 393733441919.7849    67552600709.0486

sending vector for error: [ 1.05849739e-18 -1.30842325e-12 -2.33654416e-13  4.98298806e-11
 -2.04462730e-10 -5.51953796e-16  9.33503169e-16  3.19680766e-05
 -1.97085788e-06 -1.39209945e-08  8.10187748e-10]
received errors: 423745977486.4794    89841390440.00308

sending vector for error: [ 1.06610251e-18 -1.30434648e-12 -2.34188868e-13  5.00873886e-11
 -2.03639382e-10 -5.47877214e-16  9.37645223e-16  3.18393059e-05
 -1.96612349e-06 -1.40644796e-08  8.13757539e-10]
received errors: 395237025635.6711    111058971115.32068

sending vector for error: [ 1.05563668e-18 -1.30153571e-12 -2.36520719e-13  5.02763405e-11
 -2.00789469e-10 -5.49918708e-16  9.27758806e-16  3.17599786e-05
 -1.96609045e-06 -1.38515304e-08  8.14529299e-10]
received errors: 413391178608.87683    190898493744.9292

sending vector for error: [ 1.05845801e-18 -1.30156554e-12 -2.36490424e-13  5.04352258e-11
 -2.05342686e-10 -5.44262636e-16  9.29743160e-16  3.19247732e-05
 -1.97106602e-06 -1.41025389e-08  8.14717485e-10]
received errors: 402363038866.0586    97200797394.39412


CROSSOVER:


	parent1 = [ 1.06610251e-18 -1.30434648e-12 -2.34188868e-13  5.00873886e-11
 -2.03639382e-10 -5.47877214e-16  9.37645223e-16  3.18393059e-05
 -1.96612349e-06 -1.40644796e-08  8.13757539e-10]
	parent2 = [ 1.06610251e-18 -1.30434648e-12 -2.34188868e-13  5.00873886e-11
 -2.03639382e-10 -5.47877214e-16  9.37645223e-16  3.18393059e-05
 -1.96612349e-06 -1.40644796e-08  8.13757539e-10]
	cutoff index = 10
	child 1 = [ 1.06610251e-18 -1.30434648e-12 -2.34188868e-13  5.00873886e-11
 -2.03639382e-10 -5.47877214e-16  9.37645223e-16  3.18393059e-05
 -1.96612349e-06 -1.40644796e-08  8.13757539e-10]
	child 2 = [ 1.06610251e-18 -1.30434648e-12 -2.34188868e-13  5.00873886e-11
 -2.03639382e-10 -5.47877214e-16  9.37645223e-16  3.18393059e-05
 -1.96612349e-06 -1.40644796e-08  8.13757539e-10]


CROSSOVER:


	parent1 = [ 1.05849739e-18 -1.30842325e-12 -2.33654416e-13  4.98298806e-11
 -2.04462730e-10 -5.51953796e-16  9.33503169e-16  3.19680766e-05
 -1.97085788e-06 -1.39209945e-08  8.10187748e-10]
	parent2 = [ 1.06610251e-18 -1.30434648e-12 -2.34188868e-13  5.00873886e-11
 -2.03639382e-10 -5.47877214e-16  9.37645223e-16  3.18393059e-05
 -1.96612349e-06 -1.40644796e-08  8.13757539e-10]
	cutoff index = 10
	child 1 = [ 1.05849739e-18 -1.30842325e-12 -2.33654416e-13  4.98298806e-11
 -2.04462730e-10 -5.51953796e-16  9.33503169e-16  3.19680766e-05
 -1.97085788e-06 -1.39209945e-08  8.13757539e-10]
	child 2 = [ 1.05849739e-18 -1.30842325e-12 -2.33654416e-13  4.98298806e-11
 -2.04462730e-10 -5.51953796e-16  9.33503169e-16  3.19680766e-05
 -1.97085788e-06 -1.39209945e-08  8.10187748e-10]


CROSSOVER:


	parent1 = [ 1.05845801e-18 -1.30156554e-12 -2.36490424e-13  5.04352258e-11
 -2.05342686e-10 -5.44262636e-16  9.29743160e-16  3.19247732e-05
 -1.97106602e-06 -1.41025389e-08  8.14717485e-10]
	parent2 = [ 1.05339055e-18 -1.31537970e-12 -2.38852086e-13  4.97635859e-11
 -2.03438305e-10 -5.51477093e-16  9.28396064e-16  3.18459112e-05
 -1.97416919e-06 -1.40782521e-08  8.11765728e-10]
	cutoff index = 1
	child 1 = [ 1.05845801e-18 -1.31537970e-12 -2.38852086e-13  4.97635859e-11
 -2.03438305e-10 -5.51477093e-16  9.28396064e-16  3.18459112e-05
 -1.97416919e-06 -1.40782521e-08  8.11765728e-10]
	child 2 = [ 1.05845801e-18 -1.30156554e-12 -2.36490424e-13  5.04352258e-11
 -2.05342686e-10 -5.44262636e-16  9.29743160e-16  3.19247732e-05
 -1.97106602e-06 -1.41025389e-08  8.14717485e-10]


CROSSOVER:


	parent1 = [ 1.05845801e-18 -1.30156554e-12 -2.36490424e-13  5.04352258e-11
 -2.05342686e-10 -5.44262636e-16  9.29743160e-16  3.19247732e-05
 -1.97106602e-06 -1.41025389e-08  8.14717485e-10]
	parent2 = [ 1.05845801e-18 -1.30156554e-12 -2.36490424e-13  5.04352258e-11
 -2.05342686e-10 -5.44262636e-16  9.29743160e-16  3.19247732e-05
 -1.97106602e-06 -1.41025389e-08  8.14717485e-10]
	cutoff index = 7
	child 1 = [ 1.05845801e-18 -1.30156554e-12 -2.36490424e-13  5.04352258e-11
 -2.05342686e-10 -5.44262636e-16  9.29743160e-16  3.19247732e-05
 -1.97106602e-06 -1.41025389e-08  8.14717485e-10]
	child 2 = [ 1.05845801e-18 -1.30156554e-12 -2.36490424e-13  5.04352258e-11
 -2.05342686e-10 -5.44262636e-16  9.29743160e-16  3.19247732e-05
 -1.97106602e-06 -1.41025389e-08  8.14717485e-10]


MUTATION: 

RECEIVED FOR MUTATTION: [[ 1.05849739e-18 -1.30842325e-12 -2.33654416e-13  4.98298806e-11
  -2.04462730e-10 -5.51953796e-16  9.33503169e-16  3.19680766e-05
  -1.97085788e-06 -1.39209945e-08  8.13757539e-10]
 [ 1.05849739e-18 -1.30842325e-12 -2.33654416e-13  4.98298806e-11
  -2.04462730e-10 -5.51953796e-16  9.33503169e-16  3.19680766e-05
  -1.97085788e-06 -1.39209945e-08  8.13757539e-10]
 [ 1.05849739e-18 -1.30842325e-12 -2.33654416e-13  4.98298806e-11
  -2.04462730e-10 -5.51953796e-16  9.33503169e-16  3.19680766e-05
  -1.97085788e-06 -1.39209945e-08  8.13757539e-10]
 [ 1.05849739e-18 -1.30842325e-12 -2.33654416e-13  4.98298806e-11
  -2.04462730e-10 -5.51953796e-16  9.33503169e-16  3.19680766e-05
  -1.97085788e-06 -1.39209945e-08  8.10187748e-10]
 [ 1.05845801e-18 -1.31537970e-12 -2.38852086e-13  4.97635859e-11
  -2.03438305e-10 -5.51477093e-16  9.28396064e-16  3.18459112e-05
  -1.97416919e-06 -1.40782521e-08  8.11765728e-10]
 [ 1.05845801e-18 -1.30156554e-12 -2.36490424e-13  5.04352258e-11
  -2.05342686e-10 -5.44262636e-16  9.29743160e-16  3.19247732e-05
  -1.97106602e-06 -1.41025389e-08  8.14717485e-10]
 [ 1.05845801e-18 -1.30156554e-12 -2.36490424e-13  5.04352258e-11
  -2.05342686e-10 -5.44262636e-16  9.29743160e-16  3.19247732e-05
  -1.97106602e-06 -1.41025389e-08  8.14717485e-10]
 [ 1.05845801e-18 -1.30156554e-12 -2.36490424e-13  5.04352258e-11
  -2.05342686e-10 -5.44262636e-16  9.29743160e-16  3.19247732e-05
  -1.97106602e-06 -1.41025389e-08  8.14717485e-10]]

Mutated feature:[[ 1.05933617e-18 -1.30936621e-12 -2.32120009e-13  4.94136499e-11
  -2.04479107e-10 -5.51969525e-16  9.31474116e-16  3.19680766e-05
  -1.96208111e-06 -1.39547541e-08  8.06753124e-10]
 [ 1.06596232e-18 -1.31194049e-12 -2.32645283e-13  4.96598351e-11
  -2.06319951e-10 -5.54267033e-16  9.33503169e-16  3.22784454e-05
  -1.95204061e-06 -1.39209945e-08  8.19259785e-10]
 [ 1.05849739e-18 -1.30478289e-12 -2.34149610e-13  4.94062087e-11
  -2.03790670e-10 -5.52742194e-16  9.33503169e-16  3.21715542e-05
  -1.97085788e-06 -1.39209945e-08  8.18187464e-10]
 [ 1.05089328e-18 -1.30652195e-12 -2.33823923e-13  5.02335942e-11
  -2.04462730e-10 -5.55755704e-16  9.38671713e-16  3.16606277e-05
  -1.98999000e-06 -1.37940528e-08  8.12909896e-10]
 [ 1.05845801e-18 -1.32681175e-12 -2.38852086e-13  4.93663843e-11
  -2.04852338e-10 -5.52106367e-16  9.21028891e-16  3.20273156e-05
  -1.95672373e-06 -1.40150447e-08  8.11765728e-10]
 [ 1.06446434e-18 -1.31014268e-12 -2.35750651e-13  5.08842158e-11
  -2.04222116e-10 -5.46707385e-16  9.21208305e-16  3.20740386e-05
  -1.97563822e-06 -1.42206846e-08  8.12217084e-10]
 [ 1.05910561e-18 -1.30156554e-12 -2.36874421e-13  5.05116847e-11
  -2.06908541e-10 -5.44912598e-16  9.27270645e-16  3.21820837e-05
  -1.98825443e-06 -1.42028986e-08  8.13130016e-10]
 [ 1.06562610e-18 -1.29945681e-12 -2.36490424e-13  5.00836396e-11
  -2.05927106e-10 -5.47164531e-16  9.33292680e-16  3.22111181e-05
  -1.97984922e-06 -1.41918204e-08  8.21162793e-10]]


sending vector for error: [ 1.05933617e-18 -1.30936621e-12 -2.32120009e-13  4.94136499e-11
 -2.04479107e-10 -5.51969525e-16  9.31474116e-16  3.19680766e-05
 -1.96208111e-06 -1.39547541e-08  8.06753124e-10]
received errors: 415555221557.996    83396364403.24843

sending vector for error: [ 1.06596232e-18 -1.31194049e-12 -2.32645283e-13  4.96598351e-11
 -2.06319951e-10 -5.54267033e-16  9.33503169e-16  3.22784454e-05
 -1.95204061e-06 -1.39209945e-08  8.19259785e-10]
received errors: 544322002914.14026    652699093003.7656

sending vector for error: [ 1.05849739e-18 -1.30478289e-12 -2.34149610e-13  4.94062087e-11
 -2.03790670e-10 -5.52742194e-16  9.33503169e-16  3.21715542e-05
 -1.97085788e-06 -1.39209945e-08  8.18187464e-10]
received errors: 448955213606.6994    283998944556.8131

sending vector for error: [ 1.05089328e-18 -1.30652195e-12 -2.33823923e-13  5.02335942e-11
 -2.04462730e-10 -5.55755704e-16  9.38671713e-16  3.16606277e-05
 -1.98999000e-06 -1.37940528e-08  8.12909896e-10]
received errors: 462521039765.24524    60326921393.23772

sending vector for error: [ 1.05845801e-18 -1.32681175e-12 -2.38852086e-13  4.93663843e-11
 -2.04852338e-10 -5.52106367e-16  9.21028891e-16  3.20273156e-05
 -1.95672373e-06 -1.40150447e-08  8.11765728e-10]
received errors: 406530611300.1504    191480568780.36752

sending vector for error: [ 1.06446434e-18 -1.31014268e-12 -2.35750651e-13  5.08842158e-11
 -2.04222116e-10 -5.46707385e-16  9.21208305e-16  3.20740386e-05
 -1.97563822e-06 -1.42206846e-08  8.12217084e-10]
received errors: 430816460151.3004    55513107572.52867

sending vector for error: [ 1.05910561e-18 -1.30156554e-12 -2.36874421e-13  5.05116847e-11
 -2.06908541e-10 -5.44912598e-16  9.27270645e-16  3.21820837e-05
 -1.98825443e-06 -1.42028986e-08  8.13130016e-10]
received errors: 476062930392.5202    58567909266.395546

sending vector for error: [ 1.06562610e-18 -1.29945681e-12 -2.36490424e-13  5.00836396e-11
 -2.05927106e-10 -5.47164531e-16  9.33292680e-16  3.22111181e-05
 -1.97984922e-06 -1.41918204e-08  8.21162793e-10]
received errors: 412580793292.7374    147808590863.1463


CROSSOVER:


	parent1 = [ 1.06562610e-18 -1.29945681e-12 -2.36490424e-13  5.00836396e-11
 -2.05927106e-10 -5.47164531e-16  9.33292680e-16  3.22111181e-05
 -1.97984922e-06 -1.41918204e-08  8.21162793e-10]
	parent2 = [ 1.05910561e-18 -1.30156554e-12 -2.36874421e-13  5.05116847e-11
 -2.06908541e-10 -5.44912598e-16  9.27270645e-16  3.21820837e-05
 -1.98825443e-06 -1.42028986e-08  8.13130016e-10]
	cutoff index = 10
	child 1 = [ 1.06562610e-18 -1.29945681e-12 -2.36490424e-13  5.00836396e-11
 -2.05927106e-10 -5.47164531e-16  9.33292680e-16  3.22111181e-05
 -1.97984922e-06 -1.41918204e-08  8.13130016e-10]
	child 2 = [ 1.06562610e-18 -1.29945681e-12 -2.36490424e-13  5.00836396e-11
 -2.05927106e-10 -5.47164531e-16  9.33292680e-16  3.22111181e-05
 -1.97984922e-06 -1.41918204e-08  8.21162793e-10]


CROSSOVER:


	parent1 = [ 1.06446434e-18 -1.31014268e-12 -2.35750651e-13  5.08842158e-11
 -2.04222116e-10 -5.46707385e-16  9.21208305e-16  3.20740386e-05
 -1.97563822e-06 -1.42206846e-08  8.12217084e-10]
	parent2 = [ 1.06446434e-18 -1.31014268e-12 -2.35750651e-13  5.08842158e-11
 -2.04222116e-10 -5.46707385e-16  9.21208305e-16  3.20740386e-05
 -1.97563822e-06 -1.42206846e-08  8.12217084e-10]
	cutoff index = 2
	child 1 = [ 1.06446434e-18 -1.31014268e-12 -2.35750651e-13  5.08842158e-11
 -2.04222116e-10 -5.46707385e-16  9.21208305e-16  3.20740386e-05
 -1.97563822e-06 -1.42206846e-08  8.12217084e-10]
	child 2 = [ 1.06446434e-18 -1.31014268e-12 -2.35750651e-13  5.08842158e-11
 -2.04222116e-10 -5.46707385e-16  9.21208305e-16  3.20740386e-05
 -1.97563822e-06 -1.42206846e-08  8.12217084e-10]


CROSSOVER:


	parent1 = [ 1.06562610e-18 -1.29945681e-12 -2.36490424e-13  5.00836396e-11
 -2.05927106e-10 -5.47164531e-16  9.33292680e-16  3.22111181e-05
 -1.97984922e-06 -1.41918204e-08  8.21162793e-10]
	parent2 = [ 1.06562610e-18 -1.29945681e-12 -2.36490424e-13  5.00836396e-11
 -2.05927106e-10 -5.47164531e-16  9.33292680e-16  3.22111181e-05
 -1.97984922e-06 -1.41918204e-08  8.13130016e-10]
	cutoff index = 4
	child 1 = [ 1.06562610e-18 -1.29945681e-12 -2.36490424e-13  5.00836396e-11
 -2.05927106e-10 -5.47164531e-16  9.33292680e-16  3.22111181e-05
 -1.97984922e-06 -1.41918204e-08  8.13130016e-10]
	child 2 = [ 1.06562610e-18 -1.29945681e-12 -2.36490424e-13  5.00836396e-11
 -2.05927106e-10 -5.47164531e-16  9.33292680e-16  3.22111181e-05
 -1.97984922e-06 -1.41918204e-08  8.21162793e-10]


CROSSOVER:


	parent1 = [ 1.05849739e-18 -1.30478289e-12 -2.34149610e-13  4.94062087e-11
 -2.03790670e-10 -5.52742194e-16  9.33503169e-16  3.21715542e-05
 -1.97085788e-06 -1.39209945e-08  8.18187464e-10]
	parent2 = [ 1.06562610e-18 -1.29945681e-12 -2.36490424e-13  5.00836396e-11
 -2.05927106e-10 -5.47164531e-16  9.33292680e-16  3.22111181e-05
 -1.97984922e-06 -1.41918204e-08  8.13130016e-10]
	cutoff index = 3
	child 1 = [ 1.05849739e-18 -1.30478289e-12 -2.34149610e-13  5.00836396e-11
 -2.05927106e-10 -5.47164531e-16  9.33292680e-16  3.22111181e-05
 -1.97984922e-06 -1.41918204e-08  8.13130016e-10]
	child 2 = [ 1.05849739e-18 -1.30478289e-12 -2.34149610e-13  4.94062087e-11
 -2.03790670e-10 -5.52742194e-16  9.33503169e-16  3.21715542e-05
 -1.97085788e-06 -1.39209945e-08  8.18187464e-10]


MUTATION: 

RECEIVED FOR MUTATTION: [[ 1.05849739e-18 -1.30478289e-12 -2.34149610e-13  5.00836396e-11
  -2.05927106e-10 -5.47164531e-16  9.33292680e-16  3.22111181e-05
  -1.97984922e-06 -1.41918204e-08  8.13130016e-10]
 [ 1.06562610e-18 -1.29945681e-12 -2.36490424e-13  5.00836396e-11
  -2.05927106e-10 -5.47164531e-16  9.33292680e-16  3.22111181e-05
  -1.97984922e-06 -1.41918204e-08  8.21162793e-10]
 [ 1.06446434e-18 -1.31014268e-12 -2.35750651e-13  5.08842158e-11
  -2.04222116e-10 -5.46707385e-16  9.21208305e-16  3.20740386e-05
  -1.97563822e-06 -1.42206846e-08  8.12217084e-10]
 [ 1.06446434e-18 -1.31014268e-12 -2.35750651e-13  5.08842158e-11
  -2.04222116e-10 -5.46707385e-16  9.21208305e-16  3.20740386e-05
  -1.97563822e-06 -1.42206846e-08  8.12217084e-10]
 [ 1.05849739e-18 -1.30478289e-12 -2.34149610e-13  5.00836396e-11
  -2.05927106e-10 -5.47164531e-16  9.33292680e-16  3.22111181e-05
  -1.97984922e-06 -1.41918204e-08  8.13130016e-10]
 [ 1.06562610e-18 -1.29945681e-12 -2.36490424e-13  5.00836396e-11
  -2.05927106e-10 -5.47164531e-16  9.33292680e-16  3.22111181e-05
  -1.97984922e-06 -1.41918204e-08  8.21162793e-10]
 [ 1.05849739e-18 -1.30478289e-12 -2.34149610e-13  5.00836396e-11
  -2.05927106e-10 -5.47164531e-16  9.33292680e-16  3.22111181e-05
  -1.97984922e-06 -1.41918204e-08  8.13130016e-10]
 [ 1.05849739e-18 -1.30478289e-12 -2.34149610e-13  4.94062087e-11
  -2.03790670e-10 -5.52742194e-16  9.33503169e-16  3.21715542e-05
  -1.97085788e-06 -1.39209945e-08  8.18187464e-10]]

Mutated feature:[[ 1.06041868e-18 -1.29652913e-12 -2.36253516e-13  4.99220647e-11
  -2.07430079e-10 -5.47164531e-16  9.39014486e-16  3.19387929e-05
  -1.97980501e-06 -1.41918204e-08  8.18478224e-10]
 [ 1.07363883e-18 -1.29945681e-12 -2.36002055e-13  5.02179000e-11
  -2.04080684e-10 -5.50231833e-16  9.36810148e-16  3.19306425e-05
  -1.98532639e-06 -1.41387159e-08  8.13357937e-10]
 [ 1.05523224e-18 -1.31973568e-12 -2.37633687e-13  5.07352301e-11
  -2.03731848e-10 -5.50930648e-16  9.21208305e-16  3.18031786e-05
  -1.97160917e-06 -1.42206846e-08  8.05336308e-10]
 [ 1.06325978e-18 -1.30357577e-12 -2.35101817e-13  5.04398931e-11
  -2.04222116e-10 -5.42723333e-16  9.26778675e-16  3.20482052e-05
  -1.96923784e-06 -1.42483830e-08  8.10040635e-10]
 [ 1.06432475e-18 -1.30213019e-12 -2.34638922e-13  5.05026604e-11
  -2.06283223e-10 -5.42034274e-16  9.37869177e-16  3.22792617e-05
  -1.99838901e-06 -1.41698321e-08  8.15073404e-10]
 [ 1.06143597e-18 -1.29257338e-12 -2.35312213e-13  4.99357731e-11
  -2.05991658e-10 -5.44712824e-16  9.33326948e-16  3.22106988e-05
  -1.97582060e-06 -1.41493961e-08  8.14077282e-10]
 [ 1.06228342e-18 -1.31327378e-12 -2.32974671e-13  5.05163577e-11
  -2.06819202e-10 -5.48799659e-16  9.39021277e-16  3.23860270e-05
  -1.96310258e-06 -1.40692067e-08  8.10512875e-10]
 [ 1.04832402e-18 -1.30100482e-12 -2.34089095e-13  4.96941851e-11
  -2.03455445e-10 -5.51539730e-16  9.38610725e-16  3.24147312e-05
  -1.98360104e-06 -1.40227553e-08  8.10353663e-10]]


sending vector for error: [ 1.06041868e-18 -1.29652913e-12 -2.36253516e-13  4.99220647e-11
 -2.07430079e-10 -5.47164531e-16  9.39014486e-16  3.19387929e-05
 -1.97980501e-06 -1.41918204e-08  8.18478224e-10]
received errors: 405807029946.0974    81167275371.15839

sending vector for error: [ 1.07363883e-18 -1.29945681e-12 -2.36002055e-13  5.02179000e-11
 -2.04080684e-10 -5.50231833e-16  9.36810148e-16  3.19306425e-05
 -1.98532639e-06 -1.41387159e-08  8.13357937e-10]
received errors: 460165727451.73096    58615062476.27614

sending vector for error: [ 1.05523224e-18 -1.31973568e-12 -2.37633687e-13  5.07352301e-11
 -2.03731848e-10 -5.50930648e-16  9.21208305e-16  3.18031786e-05
 -1.97160917e-06 -1.42206846e-08  8.05336308e-10]
received errors: 496259734280.8335    86811487914.45413

sending vector for error: [ 1.06325978e-18 -1.30357577e-12 -2.35101817e-13  5.04398931e-11
 -2.04222116e-10 -5.42723333e-16  9.26778675e-16  3.20482052e-05
 -1.96923784e-06 -1.42483830e-08  8.10040635e-10]
received errors: 423694095156.36395    53760205020.06645

sending vector for error: [ 1.06432475e-18 -1.30213019e-12 -2.34638922e-13  5.05026604e-11
 -2.06283223e-10 -5.42034274e-16  9.37869177e-16  3.22792617e-05
 -1.99838901e-06 -1.41698321e-08  8.15073404e-10]
received errors: 501287946956.25116    63640419691.80629

sending vector for error: [ 1.06143597e-18 -1.29257338e-12 -2.35312213e-13  4.99357731e-11
 -2.05991658e-10 -5.44712824e-16  9.33326948e-16  3.22106988e-05
 -1.97582060e-06 -1.41493961e-08  8.14077282e-10]
received errors: 421253700749.56665    83301190464.15607

sending vector for error: [ 1.06228342e-18 -1.31327378e-12 -2.32974671e-13  5.05163577e-11
 -2.06819202e-10 -5.48799659e-16  9.39021277e-16  3.23860270e-05
 -1.96310258e-06 -1.40692067e-08  8.10512875e-10]
received errors: 423855551351.1309    151977391450.79184

sending vector for error: [ 1.04832402e-18 -1.30100482e-12 -2.34089095e-13  4.96941851e-11
 -2.03455445e-10 -5.51539730e-16  9.38610725e-16  3.24147312e-05
 -1.98360104e-06 -1.40227553e-08  8.10353663e-10]
received errors: 465588732467.09357    60139271114.38397


CROSSOVER:


	parent1 = [ 1.06143597e-18 -1.29257338e-12 -2.35312213e-13  4.99357731e-11
 -2.05991658e-10 -5.44712824e-16  9.33326948e-16  3.22106988e-05
 -1.97582060e-06 -1.41493961e-08  8.14077282e-10]
	parent2 = [ 1.06228342e-18 -1.31327378e-12 -2.32974671e-13  5.05163577e-11
 -2.06819202e-10 -5.48799659e-16  9.39021277e-16  3.23860270e-05
 -1.96310258e-06 -1.40692067e-08  8.10512875e-10]
	cutoff index = 5
	child 1 = [ 1.06143597e-18 -1.29257338e-12 -2.35312213e-13  4.99357731e-11
 -2.05991658e-10 -5.48799659e-16  9.39021277e-16  3.23860270e-05
 -1.96310258e-06 -1.40692067e-08  8.10512875e-10]
	child 2 = [ 1.06143597e-18 -1.29257338e-12 -2.35312213e-13  4.99357731e-11
 -2.05991658e-10 -5.44712824e-16  9.33326948e-16  3.22106988e-05
 -1.97582060e-06 -1.41493961e-08  8.14077282e-10]


CROSSOVER:


	parent1 = [ 1.06143597e-18 -1.29257338e-12 -2.35312213e-13  4.99357731e-11
 -2.05991658e-10 -5.44712824e-16  9.33326948e-16  3.22106988e-05
 -1.97582060e-06 -1.41493961e-08  8.14077282e-10]
	parent2 = [ 1.06041868e-18 -1.29652913e-12 -2.36253516e-13  4.99220647e-11
 -2.07430079e-10 -5.47164531e-16  9.39014486e-16  3.19387929e-05
 -1.97980501e-06 -1.41918204e-08  8.18478224e-10]
	cutoff index = 6
	child 1 = [ 1.06143597e-18 -1.29257338e-12 -2.35312213e-13  4.99357731e-11
 -2.05991658e-10 -5.44712824e-16  9.39014486e-16  3.19387929e-05
 -1.97980501e-06 -1.41918204e-08  8.18478224e-10]
	child 2 = [ 1.06143597e-18 -1.29257338e-12 -2.35312213e-13  4.99357731e-11
 -2.05991658e-10 -5.44712824e-16  9.33326948e-16  3.22106988e-05
 -1.97582060e-06 -1.41493961e-08  8.14077282e-10]


CROSSOVER:


	parent1 = [ 1.06325978e-18 -1.30357577e-12 -2.35101817e-13  5.04398931e-11
 -2.04222116e-10 -5.42723333e-16  9.26778675e-16  3.20482052e-05
 -1.96923784e-06 -1.42483830e-08  8.10040635e-10]
	parent2 = [ 1.07363883e-18 -1.29945681e-12 -2.36002055e-13  5.02179000e-11
 -2.04080684e-10 -5.50231833e-16  9.36810148e-16  3.19306425e-05
 -1.98532639e-06 -1.41387159e-08  8.13357937e-10]
	cutoff index = 2
	child 1 = [ 1.06325978e-18 -1.30357577e-12 -2.36002055e-13  5.02179000e-11
 -2.04080684e-10 -5.50231833e-16  9.36810148e-16  3.19306425e-05
 -1.98532639e-06 -1.41387159e-08  8.13357937e-10]
	child 2 = [ 1.06325978e-18 -1.30357577e-12 -2.35101817e-13  5.04398931e-11
 -2.04222116e-10 -5.42723333e-16  9.26778675e-16  3.20482052e-05
 -1.96923784e-06 -1.42483830e-08  8.10040635e-10]


CROSSOVER:


	parent1 = [ 1.06143597e-18 -1.29257338e-12 -2.35312213e-13  4.99357731e-11
 -2.05991658e-10 -5.44712824e-16  9.39014486e-16  3.19387929e-05
 -1.97980501e-06 -1.41918204e-08  8.18478224e-10]
	parent2 = [ 1.06143597e-18 -1.29257338e-12 -2.35312213e-13  4.99357731e-11
 -2.05991658e-10 -5.44712824e-16  9.33326948e-16  3.22106988e-05
 -1.97582060e-06 -1.41493961e-08  8.14077282e-10]
	cutoff index = 8
	child 1 = [ 1.06143597e-18 -1.29257338e-12 -2.35312213e-13  4.99357731e-11
 -2.05991658e-10 -5.44712824e-16  9.39014486e-16  3.19387929e-05
 -1.97582060e-06 -1.41493961e-08  8.14077282e-10]
	child 2 = [ 1.06143597e-18 -1.29257338e-12 -2.35312213e-13  4.99357731e-11
 -2.05991658e-10 -5.44712824e-16  9.39014486e-16  3.19387929e-05
 -1.97980501e-06 -1.41918204e-08  8.18478224e-10]


MUTATION: 

RECEIVED FOR MUTATTION: [[ 1.06143597e-18 -1.29257338e-12 -2.35312213e-13  4.99357731e-11
  -2.05991658e-10 -5.48799659e-16  9.39021277e-16  3.23860270e-05
  -1.96310258e-06 -1.40692067e-08  8.10512875e-10]
 [ 1.06143597e-18 -1.29257338e-12 -2.35312213e-13  4.99357731e-11
  -2.05991658e-10 -5.44712824e-16  9.39014486e-16  3.19387929e-05
  -1.97582060e-06 -1.41493961e-08  8.14077282e-10]
 [ 1.06143597e-18 -1.29257338e-12 -2.35312213e-13  4.99357731e-11
  -2.05991658e-10 -5.44712824e-16  9.39014486e-16  3.19387929e-05
  -1.97980501e-06 -1.41918204e-08  8.18478224e-10]
 [ 1.06143597e-18 -1.29257338e-12 -2.35312213e-13  4.99357731e-11
  -2.05991658e-10 -5.44712824e-16  9.39014486e-16  3.19387929e-05
  -1.97582060e-06 -1.41493961e-08  8.14077282e-10]
 [ 1.06325978e-18 -1.30357577e-12 -2.36002055e-13  5.02179000e-11
  -2.04080684e-10 -5.50231833e-16  9.36810148e-16  3.19306425e-05
  -1.98532639e-06 -1.41387159e-08  8.13357937e-10]
 [ 1.06325978e-18 -1.30357577e-12 -2.35101817e-13  5.04398931e-11
  -2.04222116e-10 -5.42723333e-16  9.26778675e-16  3.20482052e-05
  -1.96923784e-06 -1.42483830e-08  8.10040635e-10]
 [ 1.06143597e-18 -1.29257338e-12 -2.35312213e-13  4.99357731e-11
  -2.05991658e-10 -5.44712824e-16  9.39014486e-16  3.19387929e-05
  -1.97582060e-06 -1.41493961e-08  8.14077282e-10]
 [ 1.06143597e-18 -1.29257338e-12 -2.35312213e-13  4.99357731e-11
  -2.05991658e-10 -5.44712824e-16  9.39014486e-16  3.19387929e-05
  -1.97980501e-06 -1.41918204e-08  8.18478224e-10]]

Mutated feature:[[ 1.06268227e-18 -1.29233349e-12 -2.35312213e-13  4.98454771e-11
  -2.04288747e-10 -5.50503272e-16  9.45999562e-16  3.21039772e-05
  -1.98053474e-06 -1.40244962e-08  8.08237879e-10]
 [ 1.06986306e-18 -1.30204849e-12 -2.34899576e-13  4.97865138e-11
  -2.04073502e-10 -5.44712824e-16  9.41713410e-16  3.19686785e-05
  -1.97582060e-06 -1.42370007e-08  8.12540643e-10]
 [ 1.06256803e-18 -1.29817764e-12 -2.33764737e-13  4.98231852e-11
  -2.05691068e-10 -5.48867916e-16  9.47032881e-16  3.18343594e-05
  -1.98647302e-06 -1.43168346e-08  8.16179370e-10]
 [ 1.06010980e-18 -1.29257338e-12 -2.37521706e-13  5.02957038e-11
  -2.05991658e-10 -5.41894412e-16  9.39014486e-16  3.22542150e-05
  -1.98552390e-06 -1.41589267e-08  8.18152026e-10]
 [ 1.05801933e-18 -1.29425888e-12 -2.36002055e-13  5.06902414e-11
  -2.02505656e-10 -5.50211267e-16  9.46054743e-16  3.16678301e-05
  -1.98897812e-06 -1.40807316e-08  8.13357937e-10]
 [ 1.06681817e-18 -1.29793777e-12 -2.34389710e-13  5.07995418e-11
  -2.04880555e-10 -5.39580526e-16  9.20702069e-16  3.18267391e-05
  -1.98159127e-06 -1.43267236e-08  8.05588974e-10]
 [ 1.05661924e-18 -1.29257338e-12 -2.33527336e-13  4.94863779e-11
  -2.07985789e-10 -5.44160750e-16  9.39014486e-16  3.20637552e-05
  -1.99392554e-06 -1.42137680e-08  8.08354443e-10]
 [ 1.06724003e-18 -1.29716031e-12 -2.36462391e-13  4.95614703e-11
  -2.06394712e-10 -5.44465869e-16  9.41151597e-16  3.16752361e-05
  -1.96639407e-06 -1.41338297e-08  8.13402062e-10]]


sending vector for error: [ 1.06268227e-18 -1.29233349e-12 -2.35312213e-13  4.98454771e-11
 -2.04288747e-10 -5.50503272e-16  9.45999562e-16  3.21039772e-05
 -1.98053474e-06 -1.40244962e-08  8.08237879e-10]
received errors: 471607875709.47217    53140505952.662224

sending vector for error: [ 1.06986306e-18 -1.30204849e-12 -2.34899576e-13  4.97865138e-11
 -2.04073502e-10 -5.44712824e-16  9.41713410e-16  3.19686785e-05
 -1.97582060e-06 -1.42370007e-08  8.12540643e-10]
received errors: 431006517146.30725    55174376084.752075

sending vector for error: [ 1.06256803e-18 -1.29817764e-12 -2.33764737e-13  4.98231852e-11
 -2.05691068e-10 -5.48867916e-16  9.47032881e-16  3.18343594e-05
 -1.98647302e-06 -1.43168346e-08  8.16179370e-10]
received errors: 460853030940.9912    70090083023.1727

sending vector for error: [ 1.06010980e-18 -1.29257338e-12 -2.37521706e-13  5.02957038e-11
 -2.05991658e-10 -5.41894412e-16  9.39014486e-16  3.22542150e-05
 -1.98552390e-06 -1.41589267e-08  8.18152026e-10]
received errors: 429264648921.30145    87669975951.99805

sending vector for error: [ 1.05801933e-18 -1.29425888e-12 -2.36002055e-13  5.06902414e-11
 -2.02505656e-10 -5.50211267e-16  9.46054743e-16  3.16678301e-05
 -1.98897812e-06 -1.40807316e-08  8.13357937e-10]
received errors: 482655664266.1256    74282497578.58194

sending vector for error: [ 1.06681817e-18 -1.29793777e-12 -2.34389710e-13  5.07995418e-11
 -2.04880555e-10 -5.39580526e-16  9.20702069e-16  3.18267391e-05
 -1.98159127e-06 -1.43267236e-08  8.05588974e-10]
received errors: 591690737017.1488    181491736683.1702

sending vector for error: [ 1.05661924e-18 -1.29257338e-12 -2.33527336e-13  4.94863779e-11
 -2.07985789e-10 -5.44160750e-16  9.39014486e-16  3.20637552e-05
 -1.99392554e-06 -1.42137680e-08  8.08354443e-10]
received errors: 591957286638.8444    147210596211.44867

sending vector for error: [ 1.06724003e-18 -1.29716031e-12 -2.36462391e-13  4.95614703e-11
 -2.06394712e-10 -5.44465869e-16  9.41151597e-16  3.16752361e-05
 -1.96639407e-06 -1.41338297e-08  8.13402062e-10]
received errors: 389255441371.13324    75765421842.17966


CROSSOVER:


	parent1 = [ 1.06268227e-18 -1.29233349e-12 -2.35312213e-13  4.98454771e-11
 -2.04288747e-10 -5.50503272e-16  9.45999562e-16  3.21039772e-05
 -1.98053474e-06 -1.40244962e-08  8.08237879e-10]
	parent2 = [ 1.06010980e-18 -1.29257338e-12 -2.37521706e-13  5.02957038e-11
 -2.05991658e-10 -5.41894412e-16  9.39014486e-16  3.22542150e-05
 -1.98552390e-06 -1.41589267e-08  8.18152026e-10]
	cutoff index = 1
	child 1 = [ 1.06268227e-18 -1.29257338e-12 -2.37521706e-13  5.02957038e-11
 -2.05991658e-10 -5.41894412e-16  9.39014486e-16  3.22542150e-05
 -1.98552390e-06 -1.41589267e-08  8.18152026e-10]
	child 2 = [ 1.06268227e-18 -1.29233349e-12 -2.35312213e-13  4.98454771e-11
 -2.04288747e-10 -5.50503272e-16  9.45999562e-16  3.21039772e-05
 -1.98053474e-06 -1.40244962e-08  8.08237879e-10]


CROSSOVER:


	parent1 = [ 1.06256803e-18 -1.29817764e-12 -2.33764737e-13  4.98231852e-11
 -2.05691068e-10 -5.48867916e-16  9.47032881e-16  3.18343594e-05
 -1.98647302e-06 -1.43168346e-08  8.16179370e-10]
	parent2 = [ 1.06724003e-18 -1.29716031e-12 -2.36462391e-13  4.95614703e-11
 -2.06394712e-10 -5.44465869e-16  9.41151597e-16  3.16752361e-05
 -1.96639407e-06 -1.41338297e-08  8.13402062e-10]
	cutoff index = 3
	child 1 = [ 1.06256803e-18 -1.29817764e-12 -2.33764737e-13  4.95614703e-11
 -2.06394712e-10 -5.44465869e-16  9.41151597e-16  3.16752361e-05
 -1.96639407e-06 -1.41338297e-08  8.13402062e-10]
	child 2 = [ 1.06256803e-18 -1.29817764e-12 -2.33764737e-13  4.98231852e-11
 -2.05691068e-10 -5.48867916e-16  9.47032881e-16  3.18343594e-05
 -1.98647302e-06 -1.43168346e-08  8.16179370e-10]


CROSSOVER:


	parent1 = [ 1.06268227e-18 -1.29233349e-12 -2.35312213e-13  4.98454771e-11
 -2.04288747e-10 -5.50503272e-16  9.45999562e-16  3.21039772e-05
 -1.98053474e-06 -1.40244962e-08  8.08237879e-10]
	parent2 = [ 1.06256803e-18 -1.29817764e-12 -2.33764737e-13  4.95614703e-11
 -2.06394712e-10 -5.44465869e-16  9.41151597e-16  3.16752361e-05
 -1.96639407e-06 -1.41338297e-08  8.13402062e-10]
	cutoff index = 6
	child 1 = [ 1.06268227e-18 -1.29233349e-12 -2.35312213e-13  4.98454771e-11
 -2.04288747e-10 -5.50503272e-16  9.41151597e-16  3.16752361e-05
 -1.96639407e-06 -1.41338297e-08  8.13402062e-10]
	child 2 = [ 1.06268227e-18 -1.29233349e-12 -2.35312213e-13  4.98454771e-11
 -2.04288747e-10 -5.50503272e-16  9.45999562e-16  3.21039772e-05
 -1.98053474e-06 -1.40244962e-08  8.08237879e-10]


CROSSOVER:


	parent1 = [ 1.06268227e-18 -1.29233349e-12 -2.35312213e-13  4.98454771e-11
 -2.04288747e-10 -5.50503272e-16  9.45999562e-16  3.21039772e-05
 -1.98053474e-06 -1.40244962e-08  8.08237879e-10]
	parent2 = [ 1.05801933e-18 -1.29425888e-12 -2.36002055e-13  5.06902414e-11
 -2.02505656e-10 -5.50211267e-16  9.46054743e-16  3.16678301e-05
 -1.98897812e-06 -1.40807316e-08  8.13357937e-10]
	cutoff index = 3
	child 1 = [ 1.06268227e-18 -1.29233349e-12 -2.35312213e-13  5.06902414e-11
 -2.02505656e-10 -5.50211267e-16  9.46054743e-16  3.16678301e-05
 -1.98897812e-06 -1.40807316e-08  8.13357937e-10]
	child 2 = [ 1.06268227e-18 -1.29233349e-12 -2.35312213e-13  4.98454771e-11
 -2.04288747e-10 -5.50503272e-16  9.45999562e-16  3.21039772e-05
 -1.98053474e-06 -1.40244962e-08  8.08237879e-10]


MUTATION: 

RECEIVED FOR MUTATTION: [[ 1.06268227e-18 -1.29257338e-12 -2.37521706e-13  5.02957038e-11
  -2.05991658e-10 -5.41894412e-16  9.39014486e-16  3.22542150e-05
  -1.98552390e-06 -1.41589267e-08  8.18152026e-10]
 [ 1.06268227e-18 -1.29233349e-12 -2.35312213e-13  4.98454771e-11
  -2.04288747e-10 -5.50503272e-16  9.45999562e-16  3.21039772e-05
  -1.98053474e-06 -1.40244962e-08  8.08237879e-10]
 [ 1.06268227e-18 -1.29233349e-12 -2.35312213e-13  4.98454771e-11
  -2.04288747e-10 -5.50503272e-16  9.41151597e-16  3.16752361e-05
  -1.96639407e-06 -1.41338297e-08  8.13402062e-10]
 [ 1.06256803e-18 -1.29817764e-12 -2.33764737e-13  4.98231852e-11
  -2.05691068e-10 -5.48867916e-16  9.47032881e-16  3.18343594e-05
  -1.98647302e-06 -1.43168346e-08  8.16179370e-10]
 [ 1.06268227e-18 -1.29233349e-12 -2.35312213e-13  4.98454771e-11
  -2.04288747e-10 -5.50503272e-16  9.41151597e-16  3.16752361e-05
  -1.96639407e-06 -1.41338297e-08  8.13402062e-10]
 [ 1.06268227e-18 -1.29233349e-12 -2.35312213e-13  4.98454771e-11
  -2.04288747e-10 -5.50503272e-16  9.45999562e-16  3.21039772e-05
  -1.98053474e-06 -1.40244962e-08  8.08237879e-10]
 [ 1.06268227e-18 -1.29233349e-12 -2.35312213e-13  5.06902414e-11
  -2.02505656e-10 -5.50211267e-16  9.46054743e-16  3.16678301e-05
  -1.98897812e-06 -1.40807316e-08  8.13357937e-10]
 [ 1.06268227e-18 -1.29233349e-12 -2.35312213e-13  4.98454771e-11
  -2.04288747e-10 -5.50503272e-16  9.45999562e-16  3.21039772e-05
  -1.98053474e-06 -1.40244962e-08  8.08237879e-10]]

Mutated feature:[[ 1.05646682e-18 -1.29131304e-12 -2.37022569e-13  5.05012575e-11
  -2.03995458e-10 -5.37602157e-16  9.44222253e-16  3.21752988e-05
  -1.98552390e-06 -1.41507623e-08  8.22856824e-10]
 [ 1.05795317e-18 -1.28328004e-12 -2.37219641e-13  5.01975024e-11
  -2.04378344e-10 -5.55862524e-16  9.51614776e-16  3.21933359e-05
  -1.98635978e-06 -1.41170158e-08  8.15155306e-10]
 [ 1.06297825e-18 -1.29230150e-12 -2.37585796e-13  4.94810865e-11
  -2.04061768e-10 -5.48456051e-16  9.37889611e-16  3.19713720e-05
  -1.96639407e-06 -1.41338297e-08  8.05387451e-10]
 [ 1.06392406e-18 -1.31096910e-12 -2.33764737e-13  5.01947809e-11
  -2.05972734e-10 -5.51716553e-16  9.46934828e-16  3.18343594e-05
  -1.98272407e-06 -1.42795093e-08  8.20078292e-10]
 [ 1.05836859e-18 -1.29304794e-12 -2.33063619e-13  5.00177208e-11
  -2.02901925e-10 -5.46953891e-16  9.47142054e-16  3.18553256e-05
  -1.95278933e-06 -1.40883280e-08  8.16561317e-10]
 [ 1.06009756e-18 -1.29168499e-12 -2.34420034e-13  4.98454771e-11
  -2.04191678e-10 -5.47321352e-16  9.45999562e-16  3.19240400e-05
  -1.97563641e-06 -1.39412094e-08  8.07797620e-10]
 [ 1.06267895e-18 -1.28643330e-12 -2.36419901e-13  5.05572340e-11
  -2.01309268e-10 -5.45730220e-16  9.46854595e-16  3.16678301e-05
  -2.00445740e-06 -1.40807316e-08  8.13202805e-10]
 [ 1.05516620e-18 -1.29330966e-12 -2.34401251e-13  5.02435570e-11
  -2.03471689e-10 -5.50456389e-16  9.52988095e-16  3.20824129e-05
  -1.96522898e-06 -1.40619930e-08  8.00828362e-10]]


sending vector for error: [ 1.05646682e-18 -1.29131304e-12 -2.37022569e-13  5.05012575e-11
 -2.03995458e-10 -5.37602157e-16  9.44222253e-16  3.21752988e-05
 -1.98552390e-06 -1.41507623e-08  8.22856824e-10]
received errors: 419580652316.2556    149594976153.6114

sending vector for error: [ 1.05795317e-18 -1.28328004e-12 -2.37219641e-13  5.01975024e-11
 -2.04378344e-10 -5.55862524e-16  9.51614776e-16  3.21933359e-05
 -1.98635978e-06 -1.41170158e-08  8.15155306e-10]
received errors: 445801345788.23224    61706477436.08842

sending vector for error: [ 1.06297825e-18 -1.29230150e-12 -2.37585796e-13  4.94810865e-11
 -2.04061768e-10 -5.48456051e-16  9.37889611e-16  3.19713720e-05
 -1.96639407e-06 -1.41338297e-08  8.05387451e-10]
received errors: 444610384644.388    51071871854.499954

sending vector for error: [ 1.06392406e-18 -1.31096910e-12 -2.33764737e-13  5.01947809e-11
 -2.05972734e-10 -5.51716553e-16  9.46934828e-16  3.18343594e-05
 -1.98272407e-06 -1.42795093e-08  8.20078292e-10]
received errors: 405503344935.1108    66017569625.41758

sending vector for error: [ 1.05836859e-18 -1.29304794e-12 -2.33063619e-13  5.00177208e-11
 -2.02901925e-10 -5.46953891e-16  9.47142054e-16  3.18553256e-05
 -1.95278933e-06 -1.40883280e-08  8.16561317e-10]
received errors: 402632692273.13074    282109496010.1684

sending vector for error: [ 1.06009756e-18 -1.29168499e-12 -2.34420034e-13  4.98454771e-11
 -2.04191678e-10 -5.47321352e-16  9.45999562e-16  3.19240400e-05
 -1.97563641e-06 -1.39412094e-08  8.07797620e-10]
received errors: 450208951332.5355    55191798090.43468

sending vector for error: [ 1.06267895e-18 -1.28643330e-12 -2.36419901e-13  5.05572340e-11
 -2.01309268e-10 -5.45730220e-16  9.46854595e-16  3.16678301e-05
 -2.00445740e-06 -1.40807316e-08  8.13202805e-10]
received errors: 596006715542.3691    163970976481.90802

sending vector for error: [ 1.05516620e-18 -1.29330966e-12 -2.34401251e-13  5.02435570e-11
 -2.03471689e-10 -5.50456389e-16  9.52988095e-16  3.20824129e-05
 -1.96522898e-06 -1.40619930e-08  8.00828362e-10]
received errors: 474807452859.5817    52431446882.231735


CROSSOVER:


	parent1 = [ 1.06009756e-18 -1.29168499e-12 -2.34420034e-13  4.98454771e-11
 -2.04191678e-10 -5.47321352e-16  9.45999562e-16  3.19240400e-05
 -1.97563641e-06 -1.39412094e-08  8.07797620e-10]
	parent2 = [ 1.05836859e-18 -1.29304794e-12 -2.33063619e-13  5.00177208e-11
 -2.02901925e-10 -5.46953891e-16  9.47142054e-16  3.18553256e-05
 -1.95278933e-06 -1.40883280e-08  8.16561317e-10]
	cutoff index = 7
	child 1 = [ 1.06009756e-18 -1.29168499e-12 -2.34420034e-13  4.98454771e-11
 -2.04191678e-10 -5.47321352e-16  9.45999562e-16  3.18553256e-05
 -1.95278933e-06 -1.40883280e-08  8.16561317e-10]
	child 2 = [ 1.06009756e-18 -1.29168499e-12 -2.34420034e-13  4.98454771e-11
 -2.04191678e-10 -5.47321352e-16  9.45999562e-16  3.19240400e-05
 -1.97563641e-06 -1.39412094e-08  8.07797620e-10]


CROSSOVER:


	parent1 = [ 1.06297825e-18 -1.29230150e-12 -2.37585796e-13  4.94810865e-11
 -2.04061768e-10 -5.48456051e-16  9.37889611e-16  3.19713720e-05
 -1.96639407e-06 -1.41338297e-08  8.05387451e-10]
	parent2 = [ 1.05646682e-18 -1.29131304e-12 -2.37022569e-13  5.05012575e-11
 -2.03995458e-10 -5.37602157e-16  9.44222253e-16  3.21752988e-05
 -1.98552390e-06 -1.41507623e-08  8.22856824e-10]
	cutoff index = 3
	child 1 = [ 1.06297825e-18 -1.29230150e-12 -2.37585796e-13  5.05012575e-11
 -2.03995458e-10 -5.37602157e-16  9.44222253e-16  3.21752988e-05
 -1.98552390e-06 -1.41507623e-08  8.22856824e-10]
	child 2 = [ 1.06297825e-18 -1.29230150e-12 -2.37585796e-13  4.94810865e-11
 -2.04061768e-10 -5.48456051e-16  9.37889611e-16  3.19713720e-05
 -1.96639407e-06 -1.41338297e-08  8.05387451e-10]


CROSSOVER:


	parent1 = [ 1.06297825e-18 -1.29230150e-12 -2.37585796e-13  4.94810865e-11
 -2.04061768e-10 -5.48456051e-16  9.37889611e-16  3.19713720e-05
 -1.96639407e-06 -1.41338297e-08  8.05387451e-10]
	parent2 = [ 1.06297825e-18 -1.29230150e-12 -2.37585796e-13  5.05012575e-11
 -2.03995458e-10 -5.37602157e-16  9.44222253e-16  3.21752988e-05
 -1.98552390e-06 -1.41507623e-08  8.22856824e-10]
	cutoff index = 10
	child 1 = [ 1.06297825e-18 -1.29230150e-12 -2.37585796e-13  4.94810865e-11
 -2.04061768e-10 -5.48456051e-16  9.37889611e-16  3.19713720e-05
 -1.96639407e-06 -1.41338297e-08  8.22856824e-10]
	child 2 = [ 1.06297825e-18 -1.29230150e-12 -2.37585796e-13  4.94810865e-11
 -2.04061768e-10 -5.48456051e-16  9.37889611e-16  3.19713720e-05
 -1.96639407e-06 -1.41338297e-08  8.05387451e-10]


CROSSOVER:


	parent1 = [ 1.06009756e-18 -1.29168499e-12 -2.34420034e-13  4.98454771e-11
 -2.04191678e-10 -5.47321352e-16  9.45999562e-16  3.18553256e-05
 -1.95278933e-06 -1.40883280e-08  8.16561317e-10]
	parent2 = [ 1.06297825e-18 -1.29230150e-12 -2.37585796e-13  4.94810865e-11
 -2.04061768e-10 -5.48456051e-16  9.37889611e-16  3.19713720e-05
 -1.96639407e-06 -1.41338297e-08  8.22856824e-10]
	cutoff index = 5
	child 1 = [ 1.06009756e-18 -1.29168499e-12 -2.34420034e-13  4.98454771e-11
 -2.04191678e-10 -5.48456051e-16  9.37889611e-16  3.19713720e-05
 -1.96639407e-06 -1.41338297e-08  8.22856824e-10]
	child 2 = [ 1.06009756e-18 -1.29168499e-12 -2.34420034e-13  4.98454771e-11
 -2.04191678e-10 -5.47321352e-16  9.45999562e-16  3.18553256e-05
 -1.95278933e-06 -1.40883280e-08  8.16561317e-10]


MUTATION: 

RECEIVED FOR MUTATTION: [[ 1.06009756e-18 -1.29168499e-12 -2.34420034e-13  4.98454771e-11
  -2.04191678e-10 -5.47321352e-16  9.45999562e-16  3.18553256e-05
  -1.95278933e-06 -1.40883280e-08  8.16561317e-10]
 [ 1.06009756e-18 -1.29168499e-12 -2.34420034e-13  4.98454771e-11
  -2.04191678e-10 -5.47321352e-16  9.45999562e-16  3.19240400e-05
  -1.97563641e-06 -1.39412094e-08  8.07797620e-10]
 [ 1.06009756e-18 -1.29168499e-12 -2.34420034e-13  4.98454771e-11
  -2.04191678e-10 -5.48456051e-16  9.37889611e-16  3.19713720e-05
  -1.96639407e-06 -1.41338297e-08  8.22856824e-10]
 [ 1.06297825e-18 -1.29230150e-12 -2.37585796e-13  4.94810865e-11
  -2.04061768e-10 -5.48456051e-16  9.37889611e-16  3.19713720e-05
  -1.96639407e-06 -1.41338297e-08  8.05387451e-10]
 [ 1.06009756e-18 -1.29168499e-12 -2.34420034e-13  4.98454771e-11
  -2.04191678e-10 -5.48456051e-16  9.37889611e-16  3.19713720e-05
  -1.96639407e-06 -1.41338297e-08  8.22856824e-10]
 [ 1.06297825e-18 -1.29230150e-12 -2.37585796e-13  4.94810865e-11
  -2.04061768e-10 -5.48456051e-16  9.37889611e-16  3.19713720e-05
  -1.96639407e-06 -1.41338297e-08  8.05387451e-10]
 [ 1.06009756e-18 -1.29168499e-12 -2.34420034e-13  4.98454771e-11
  -2.04191678e-10 -5.48456051e-16  9.37889611e-16  3.19713720e-05
  -1.96639407e-06 -1.41338297e-08  8.22856824e-10]
 [ 1.06009756e-18 -1.29168499e-12 -2.34420034e-13  4.98454771e-11
  -2.04191678e-10 -5.47321352e-16  9.45999562e-16  3.18553256e-05
  -1.95278933e-06 -1.40883280e-08  8.16561317e-10]]

Mutated feature:[[ 1.06499020e-18 -1.30059633e-12 -2.35361728e-13  5.00780768e-11
  -2.04029935e-10 -5.46160658e-16  9.54961934e-16  3.20066414e-05
  -1.96647233e-06 -1.42088032e-08  8.20679740e-10]
 [ 1.06009756e-18 -1.29049646e-12 -2.36253639e-13  4.97214689e-11
  -2.02718361e-10 -5.47859760e-16  9.45999562e-16  3.20958280e-05
  -1.97127720e-06 -1.40630093e-08  8.05496644e-10]
 [ 1.05161904e-18 -1.29168499e-12 -2.35823089e-13  4.94469132e-11
  -2.03685029e-10 -5.47087781e-16  9.37889611e-16  3.18298951e-05
  -1.96550884e-06 -1.42490990e-08  8.22856824e-10]
 [ 1.06191143e-18 -1.30189108e-12 -2.38292143e-13  4.92913536e-11
  -2.05168581e-10 -5.49844984e-16  9.29878954e-16  3.19934607e-05
  -1.98149603e-06 -1.42221088e-08  8.06076548e-10]
 [ 1.06841997e-18 -1.29429200e-12 -2.32384688e-13  4.98454771e-11
  -2.02581593e-10 -5.46975933e-16  9.43889614e-16  3.20262386e-05
  -1.97912272e-06 -1.41338297e-08  8.25300826e-10]
 [ 1.06297825e-18 -1.28794124e-12 -2.38061036e-13  4.98765339e-11
  -2.05236472e-10 -5.44283960e-16  9.33195408e-16  3.20528046e-05
  -1.97281928e-06 -1.41513380e-08  8.01596349e-10]
 [ 1.05603353e-18 -1.28470251e-12 -2.36218506e-13  4.99962925e-11
  -2.03512843e-10 -5.48127665e-16  9.34711641e-16  3.17574375e-05
  -1.96639407e-06 -1.42575465e-08  8.23900788e-10]
 [ 1.05829420e-18 -1.29748981e-12 -2.33707483e-13  5.02107669e-11
  -2.02331817e-10 -5.47321352e-16  9.45319158e-16  3.15885467e-05
  -1.96290127e-06 -1.39921014e-08  8.23857897e-10]]


sending vector for error: [ 1.06499020e-18 -1.30059633e-12 -2.35361728e-13  5.00780768e-11
 -2.04029935e-10 -5.46160658e-16  9.54961934e-16  3.20066414e-05
 -1.96647233e-06 -1.42088032e-08  8.20679740e-10]
received errors: 395873099246.82385    210422942312.87543

sending vector for error: [ 1.06009756e-18 -1.29049646e-12 -2.36253639e-13  4.97214689e-11
 -2.02718361e-10 -5.47859760e-16  9.45999562e-16  3.20958280e-05
 -1.97127720e-06 -1.40630093e-08  8.05496644e-10]
received errors: 457243147568.9421    50664304881.04875

sending vector for error: [ 1.05161904e-18 -1.29168499e-12 -2.35823089e-13  4.94469132e-11
 -2.03685029e-10 -5.47087781e-16  9.37889611e-16  3.18298951e-05
 -1.96550884e-06 -1.42490990e-08  8.22856824e-10]
received errors: 382114870645.73956    215949541820.13156

sending vector for error: [ 1.06191143e-18 -1.30189108e-12 -2.38292143e-13  4.92913536e-11
 -2.05168581e-10 -5.49844984e-16  9.29878954e-16  3.19934607e-05
 -1.98149603e-06 -1.42221088e-08  8.06076548e-10]
received errors: 541997626197.0145    109955565082.7843

sending vector for error: [ 1.06841997e-18 -1.29429200e-12 -2.32384688e-13  4.98454771e-11
 -2.02581593e-10 -5.46975933e-16  9.43889614e-16  3.20262386e-05
 -1.97912272e-06 -1.41338297e-08  8.25300826e-10]
received errors: 416309367493.73145    235163190117.58203

sending vector for error: [ 1.06297825e-18 -1.28794124e-12 -2.38061036e-13  4.98765339e-11
 -2.05236472e-10 -5.44283960e-16  9.33195408e-16  3.20528046e-05
 -1.97281928e-06 -1.41513380e-08  8.01596349e-10]
received errors: 526839592183.4915    89319933016.9569

sending vector for error: [ 1.05603353e-18 -1.28470251e-12 -2.36218506e-13  4.99962925e-11
 -2.03512843e-10 -5.48127665e-16  9.34711641e-16  3.17574375e-05
 -1.96639407e-06 -1.42575465e-08  8.23900788e-10]
received errors: 377268084954.79944    212804751914.48193

sending vector for error: [ 1.05829420e-18 -1.29748981e-12 -2.33707483e-13  5.02107669e-11
 -2.02331817e-10 -5.47321352e-16  9.45319158e-16  3.15885467e-05
 -1.96290127e-06 -1.39921014e-08  8.23857897e-10]
received errors: 422308593437.7385    365026031212.00696


CROSSOVER:


	parent1 = [ 1.05603353e-18 -1.28470251e-12 -2.36218506e-13  4.99962925e-11
 -2.03512843e-10 -5.48127665e-16  9.34711641e-16  3.17574375e-05
 -1.96639407e-06 -1.42575465e-08  8.23900788e-10]
	parent2 = [ 1.05829420e-18 -1.29748981e-12 -2.33707483e-13  5.02107669e-11
 -2.02331817e-10 -5.47321352e-16  9.45319158e-16  3.15885467e-05
 -1.96290127e-06 -1.39921014e-08  8.23857897e-10]
	cutoff index = 6
	child 1 = [ 1.05603353e-18 -1.28470251e-12 -2.36218506e-13  4.99962925e-11
 -2.03512843e-10 -5.48127665e-16  9.45319158e-16  3.15885467e-05
 -1.96290127e-06 -1.39921014e-08  8.23857897e-10]
	child 2 = [ 1.05603353e-18 -1.28470251e-12 -2.36218506e-13  4.99962925e-11
 -2.03512843e-10 -5.48127665e-16  9.34711641e-16  3.17574375e-05
 -1.96639407e-06 -1.42575465e-08  8.23900788e-10]


CROSSOVER:


	parent1 = [ 1.06499020e-18 -1.30059633e-12 -2.35361728e-13  5.00780768e-11
 -2.04029935e-10 -5.46160658e-16  9.54961934e-16  3.20066414e-05
 -1.96647233e-06 -1.42088032e-08  8.20679740e-10]
	parent2 = [ 1.05603353e-18 -1.28470251e-12 -2.36218506e-13  4.99962925e-11
 -2.03512843e-10 -5.48127665e-16  9.45319158e-16  3.15885467e-05
 -1.96290127e-06 -1.39921014e-08  8.23857897e-10]
	cutoff index = 3
	child 1 = [ 1.06499020e-18 -1.30059633e-12 -2.35361728e-13  4.99962925e-11
 -2.03512843e-10 -5.48127665e-16  9.45319158e-16  3.15885467e-05
 -1.96290127e-06 -1.39921014e-08  8.23857897e-10]
	child 2 = [ 1.06499020e-18 -1.30059633e-12 -2.35361728e-13  5.00780768e-11
 -2.04029935e-10 -5.46160658e-16  9.54961934e-16  3.20066414e-05
 -1.96647233e-06 -1.42088032e-08  8.20679740e-10]


CROSSOVER:


	parent1 = [ 1.05161904e-18 -1.29168499e-12 -2.35823089e-13  4.94469132e-11
 -2.03685029e-10 -5.47087781e-16  9.37889611e-16  3.18298951e-05
 -1.96550884e-06 -1.42490990e-08  8.22856824e-10]
	parent2 = [ 1.06499020e-18 -1.30059633e-12 -2.35361728e-13  5.00780768e-11
 -2.04029935e-10 -5.46160658e-16  9.54961934e-16  3.20066414e-05
 -1.96647233e-06 -1.42088032e-08  8.20679740e-10]
	cutoff index = 8
	child 1 = [ 1.05161904e-18 -1.29168499e-12 -2.35823089e-13  4.94469132e-11
 -2.03685029e-10 -5.47087781e-16  9.37889611e-16  3.18298951e-05
 -1.96647233e-06 -1.42088032e-08  8.20679740e-10]
	child 2 = [ 1.05161904e-18 -1.29168499e-12 -2.35823089e-13  4.94469132e-11
 -2.03685029e-10 -5.47087781e-16  9.37889611e-16  3.18298951e-05
 -1.96550884e-06 -1.42490990e-08  8.22856824e-10]


CROSSOVER:


	parent1 = [ 1.06009756e-18 -1.29049646e-12 -2.36253639e-13  4.97214689e-11
 -2.02718361e-10 -5.47859760e-16  9.45999562e-16  3.20958280e-05
 -1.97127720e-06 -1.40630093e-08  8.05496644e-10]
	parent2 = [ 1.05161904e-18 -1.29168499e-12 -2.35823089e-13  4.94469132e-11
 -2.03685029e-10 -5.47087781e-16  9.37889611e-16  3.18298951e-05
 -1.96647233e-06 -1.42088032e-08  8.20679740e-10]
	cutoff index = 2
	child 1 = [ 1.06009756e-18 -1.29049646e-12 -2.35823089e-13  4.94469132e-11
 -2.03685029e-10 -5.47087781e-16  9.37889611e-16  3.18298951e-05
 -1.96647233e-06 -1.42088032e-08  8.20679740e-10]
	child 2 = [ 1.06009756e-18 -1.29049646e-12 -2.36253639e-13  4.97214689e-11
 -2.02718361e-10 -5.47859760e-16  9.45999562e-16  3.20958280e-05
 -1.97127720e-06 -1.40630093e-08  8.05496644e-10]


MUTATION: 

RECEIVED FOR MUTATTION: [[ 1.06499020e-18 -1.30059633e-12 -2.35361728e-13  4.99962925e-11
  -2.03512843e-10 -5.48127665e-16  9.45319158e-16  3.15885467e-05
  -1.96290127e-06 -1.39921014e-08  8.23857897e-10]
 [ 1.05603353e-18 -1.28470251e-12 -2.36218506e-13  4.99962925e-11
  -2.03512843e-10 -5.48127665e-16  9.34711641e-16  3.17574375e-05
  -1.96639407e-06 -1.42575465e-08  8.23900788e-10]
 [ 1.06499020e-18 -1.30059633e-12 -2.35361728e-13  4.99962925e-11
  -2.03512843e-10 -5.48127665e-16  9.45319158e-16  3.15885467e-05
  -1.96290127e-06 -1.39921014e-08  8.23857897e-10]
 [ 1.06009756e-18 -1.29049646e-12 -2.35823089e-13  4.94469132e-11
  -2.03685029e-10 -5.47087781e-16  9.37889611e-16  3.18298951e-05
  -1.96647233e-06 -1.42088032e-08  8.20679740e-10]
 [ 1.06009756e-18 -1.29049646e-12 -2.35823089e-13  4.94469132e-11
  -2.03685029e-10 -5.47087781e-16  9.37889611e-16  3.18298951e-05
  -1.96647233e-06 -1.42088032e-08  8.20679740e-10]
 [ 1.05161904e-18 -1.29168499e-12 -2.35823089e-13  4.94469132e-11
  -2.03685029e-10 -5.47087781e-16  9.37889611e-16  3.18298951e-05
  -1.96550884e-06 -1.42490990e-08  8.22856824e-10]
 [ 1.06009756e-18 -1.29049646e-12 -2.35823089e-13  4.94469132e-11
  -2.03685029e-10 -5.47087781e-16  9.37889611e-16  3.18298951e-05
  -1.96647233e-06 -1.42088032e-08  8.20679740e-10]
 [ 1.06009756e-18 -1.29049646e-12 -2.36253639e-13  4.97214689e-11
  -2.02718361e-10 -5.47859760e-16  9.45999562e-16  3.20958280e-05
  -1.97127720e-06 -1.40630093e-08  8.05496644e-10]]

Mutated feature:[[ 1.06667187e-18 -1.28836364e-12 -2.35580682e-13  4.95519252e-11
  -2.02493053e-10 -5.53542679e-16  9.44329601e-16  3.13594921e-05
  -1.95317376e-06 -1.40907504e-08  8.26731329e-10]
 [ 1.05603353e-18 -1.27360989e-12 -2.34857189e-13  4.97823659e-11
  -2.01729106e-10 -5.50785621e-16  9.37737495e-16  3.18733614e-05
  -1.96839457e-06 -1.43390944e-08  8.19773265e-10]
 [ 1.06141588e-18 -1.30059633e-12 -2.33342421e-13  4.97947654e-11
  -2.03111707e-10 -5.45413750e-16  9.40390771e-16  3.18613961e-05
  -1.95985051e-06 -1.38882987e-08  8.17358315e-10]
 [ 1.06938185e-18 -1.29236220e-12 -2.35863958e-13  4.92351389e-11
  -2.01663037e-10 -5.41965315e-16  9.37889611e-16  3.16397398e-05
  -1.95919958e-06 -1.42507457e-08  8.28091031e-10]
 [ 1.06036854e-18 -1.28184718e-12 -2.34440994e-13  4.97713265e-11
  -2.04201372e-10 -5.42586350e-16  9.34879897e-16  3.15367916e-05
  -1.96218714e-06 -1.43286611e-08  8.20679740e-10]
 [ 1.04881390e-18 -1.28128324e-12 -2.34514506e-13  4.95446565e-11
  -2.02640295e-10 -5.46559149e-16  9.36459585e-16  3.18298951e-05
  -1.94912299e-06 -1.42798070e-08  8.29433280e-10]
 [ 1.06009756e-18 -1.27872057e-12 -2.33547711e-13  4.98135559e-11
  -2.05130000e-10 -5.49465574e-16  9.32270456e-16  3.15594182e-05
  -1.97972998e-06 -1.42827708e-08  8.28118750e-10]
 [ 1.06661430e-18 -1.30297498e-12 -2.34708077e-13  4.93547054e-11
  -2.03472196e-10 -5.48453019e-16  9.53538248e-16  3.22637694e-05
  -1.95305815e-06 -1.40488384e-08  7.99118652e-10]]


sending vector for error: [ 1.06667187e-18 -1.28836364e-12 -2.35580682e-13  4.95519252e-11
 -2.02493053e-10 -5.53542679e-16  9.44329601e-16  3.13594921e-05
 -1.95317376e-06 -1.40907504e-08  8.26731329e-10]
received errors: 421115026242.85583    465032937305.7622

sending vector for error: [ 1.05603353e-18 -1.27360989e-12 -2.34857189e-13  4.97823659e-11
 -2.01729106e-10 -5.50785621e-16  9.37737495e-16  3.18733614e-05
 -1.96839457e-06 -1.43390944e-08  8.19773265e-10]
received errors: 372541772118.25885    107556795218.73361

sending vector for error: [ 1.06141588e-18 -1.30059633e-12 -2.33342421e-13  4.97947654e-11
 -2.03111707e-10 -5.45413750e-16  9.40390771e-16  3.18613961e-05
 -1.95985051e-06 -1.38882987e-08  8.17358315e-10]
received errors: 440566167136.0919    342687049343.10724

sending vector for error: [ 1.06938185e-18 -1.29236220e-12 -2.35863958e-13  4.92351389e-11
 -2.01663037e-10 -5.41965315e-16  9.37889611e-16  3.16397398e-05
 -1.95919958e-06 -1.42507457e-08  8.28091031e-10]
received errors: 408857125854.66473    399741213566.18475

sending vector for error: [ 1.06036854e-18 -1.28184718e-12 -2.34440994e-13  4.97713265e-11
 -2.04201372e-10 -5.42586350e-16  9.34879897e-16  3.15367916e-05
 -1.96218714e-06 -1.43286611e-08  8.20679740e-10]
received errors: 350525115868.14435    123142275831.91342

sending vector for error: [ 1.04881390e-18 -1.28128324e-12 -2.34514506e-13  4.95446565e-11
 -2.02640295e-10 -5.46559149e-16  9.36459585e-16  3.18298951e-05
 -1.94912299e-06 -1.42798070e-08  8.29433280e-10]
received errors: 489944136063.874    663984631411.4661

sending vector for error: [ 1.06009756e-18 -1.27872057e-12 -2.33547711e-13  4.98135559e-11
 -2.05130000e-10 -5.49465574e-16  9.32270456e-16  3.15594182e-05
 -1.97972998e-06 -1.42827708e-08  8.28118750e-10]
received errors: 366505201505.9324    142809701995.80975

sending vector for error: [ 1.06661430e-18 -1.30297498e-12 -2.34708077e-13  4.93547054e-11
 -2.03472196e-10 -5.48453019e-16  9.53538248e-16  3.22637694e-05
 -1.95305815e-06 -1.40488384e-08  7.99118652e-10]
received errors: 432745250746.84955    53602418569.27527


CROSSOVER:


	parent1 = [ 1.06036854e-18 -1.28184718e-12 -2.34440994e-13  4.97713265e-11
 -2.04201372e-10 -5.42586350e-16  9.34879897e-16  3.15367916e-05
 -1.96218714e-06 -1.43286611e-08  8.20679740e-10]
	parent2 = [ 1.06938185e-18 -1.29236220e-12 -2.35863958e-13  4.92351389e-11
 -2.01663037e-10 -5.41965315e-16  9.37889611e-16  3.16397398e-05
 -1.95919958e-06 -1.42507457e-08  8.28091031e-10]
	cutoff index = 6
	child 1 = [ 1.06036854e-18 -1.28184718e-12 -2.34440994e-13  4.97713265e-11
 -2.04201372e-10 -5.42586350e-16  9.37889611e-16  3.16397398e-05
 -1.95919958e-06 -1.42507457e-08  8.28091031e-10]
	child 2 = [ 1.06036854e-18 -1.28184718e-12 -2.34440994e-13  4.97713265e-11
 -2.04201372e-10 -5.42586350e-16  9.34879897e-16  3.15367916e-05
 -1.96218714e-06 -1.43286611e-08  8.20679740e-10]


CROSSOVER:


	parent1 = [ 1.06661430e-18 -1.30297498e-12 -2.34708077e-13  4.93547054e-11
 -2.03472196e-10 -5.48453019e-16  9.53538248e-16  3.22637694e-05
 -1.95305815e-06 -1.40488384e-08  7.99118652e-10]
	parent2 = [ 1.06667187e-18 -1.28836364e-12 -2.35580682e-13  4.95519252e-11
 -2.02493053e-10 -5.53542679e-16  9.44329601e-16  3.13594921e-05
 -1.95317376e-06 -1.40907504e-08  8.26731329e-10]
	cutoff index = 2
	child 1 = [ 1.06661430e-18 -1.30297498e-12 -2.35580682e-13  4.95519252e-11
 -2.02493053e-10 -5.53542679e-16  9.44329601e-16  3.13594921e-05
 -1.95317376e-06 -1.40907504e-08  8.26731329e-10]
	child 2 = [ 1.06661430e-18 -1.30297498e-12 -2.34708077e-13  4.93547054e-11
 -2.03472196e-10 -5.48453019e-16  9.53538248e-16  3.22637694e-05
 -1.95305815e-06 -1.40488384e-08  7.99118652e-10]


CROSSOVER:


	parent1 = [ 1.05603353e-18 -1.27360989e-12 -2.34857189e-13  4.97823659e-11
 -2.01729106e-10 -5.50785621e-16  9.37737495e-16  3.18733614e-05
 -1.96839457e-06 -1.43390944e-08  8.19773265e-10]
	parent2 = [ 1.06661430e-18 -1.30297498e-12 -2.34708077e-13  4.93547054e-11
 -2.03472196e-10 -5.48453019e-16  9.53538248e-16  3.22637694e-05
 -1.95305815e-06 -1.40488384e-08  7.99118652e-10]
	cutoff index = 2
	child 1 = [ 1.05603353e-18 -1.27360989e-12 -2.34708077e-13  4.93547054e-11
 -2.03472196e-10 -5.48453019e-16  9.53538248e-16  3.22637694e-05
 -1.95305815e-06 -1.40488384e-08  7.99118652e-10]
	child 2 = [ 1.05603353e-18 -1.27360989e-12 -2.34857189e-13  4.97823659e-11
 -2.01729106e-10 -5.50785621e-16  9.37737495e-16  3.18733614e-05
 -1.96839457e-06 -1.43390944e-08  8.19773265e-10]


CROSSOVER:


	parent1 = [ 1.06661430e-18 -1.30297498e-12 -2.35580682e-13  4.95519252e-11
 -2.02493053e-10 -5.53542679e-16  9.44329601e-16  3.13594921e-05
 -1.95317376e-06 -1.40907504e-08  8.26731329e-10]
	parent2 = [ 1.06036854e-18 -1.28184718e-12 -2.34440994e-13  4.97713265e-11
 -2.04201372e-10 -5.42586350e-16  9.34879897e-16  3.15367916e-05
 -1.96218714e-06 -1.43286611e-08  8.20679740e-10]
	cutoff index = 3
	child 1 = [ 1.06661430e-18 -1.30297498e-12 -2.35580682e-13  4.97713265e-11
 -2.04201372e-10 -5.42586350e-16  9.34879897e-16  3.15367916e-05
 -1.96218714e-06 -1.43286611e-08  8.20679740e-10]
	child 2 = [ 1.06661430e-18 -1.30297498e-12 -2.35580682e-13  4.95519252e-11
 -2.02493053e-10 -5.53542679e-16  9.44329601e-16  3.13594921e-05
 -1.95317376e-06 -1.40907504e-08  8.26731329e-10]


MUTATION: 

RECEIVED FOR MUTATTION: [[ 1.06036854e-18 -1.28184718e-12 -2.34440994e-13  4.97713265e-11
  -2.04201372e-10 -5.42586350e-16  9.37889611e-16  3.16397398e-05
  -1.95919958e-06 -1.42507457e-08  8.28091031e-10]
 [ 1.06661430e-18 -1.30297498e-12 -2.35580682e-13  4.97713265e-11
  -2.04201372e-10 -5.42586350e-16  9.34879897e-16  3.15367916e-05
  -1.96218714e-06 -1.43286611e-08  8.20679740e-10]
 [ 1.06661430e-18 -1.30297498e-12 -2.35580682e-13  4.95519252e-11
  -2.02493053e-10 -5.53542679e-16  9.44329601e-16  3.13594921e-05
  -1.95317376e-06 -1.40907504e-08  8.26731329e-10]
 [ 1.05603353e-18 -1.27360989e-12 -2.34708077e-13  4.93547054e-11
  -2.03472196e-10 -5.48453019e-16  9.53538248e-16  3.22637694e-05
  -1.95305815e-06 -1.40488384e-08  7.99118652e-10]
 [ 1.05603353e-18 -1.27360989e-12 -2.34708077e-13  4.93547054e-11
  -2.03472196e-10 -5.48453019e-16  9.53538248e-16  3.22637694e-05
  -1.95305815e-06 -1.40488384e-08  7.99118652e-10]
 [ 1.05603353e-18 -1.27360989e-12 -2.34857189e-13  4.97823659e-11
  -2.01729106e-10 -5.50785621e-16  9.37737495e-16  3.18733614e-05
  -1.96839457e-06 -1.43390944e-08  8.19773265e-10]
 [ 1.06661430e-18 -1.30297498e-12 -2.35580682e-13  4.97713265e-11
  -2.04201372e-10 -5.42586350e-16  9.34879897e-16  3.15367916e-05
  -1.96218714e-06 -1.43286611e-08  8.20679740e-10]
 [ 1.06661430e-18 -1.30297498e-12 -2.35580682e-13  4.95519252e-11
  -2.02493053e-10 -5.53542679e-16  9.44329601e-16  3.13594921e-05
  -1.95317376e-06 -1.40907504e-08  8.26731329e-10]]

Mutated feature:[[ 1.06857525e-18 -1.28184718e-12 -2.36467773e-13  5.01672544e-11
  -2.04911270e-10 -5.46489711e-16  9.37700294e-16  3.18840016e-05
  -1.95370892e-06 -1.42436366e-08  8.31507668e-10]
 [ 1.06044059e-18 -1.29416060e-12 -2.33805311e-13  5.01935303e-11
  -2.04148738e-10 -5.47126852e-16  9.26959995e-16  3.18290418e-05
  -1.94633771e-06 -1.43286611e-08  8.15788910e-10]
 [ 1.05650598e-18 -1.30297498e-12 -2.35719149e-13  4.95598320e-11
  -2.02438739e-10 -5.58334273e-16  9.45915040e-16  3.13705759e-05
  -1.94310782e-06 -1.42206647e-08  8.26731329e-10]
 [ 1.05177936e-18 -1.28469019e-12 -2.35704378e-13  4.92469482e-11
  -2.04105266e-10 -5.51155756e-16  9.53325547e-16  3.21350059e-05
  -1.95305815e-06 -1.41660130e-08  8.01647770e-10]
 [ 1.05044662e-18 -1.28263908e-12 -2.33559815e-13  4.88787798e-11
  -2.01652520e-10 -5.46869433e-16  9.46234121e-16  3.24884270e-05
  -1.94888493e-06 -1.40444584e-08  8.02019695e-10]
 [ 1.06630299e-18 -1.26218480e-12 -2.36519775e-13  4.98032808e-11
  -2.02945900e-10 -5.54327576e-16  9.38336261e-16  3.15589179e-05
  -1.95283933e-06 -1.44597369e-08  8.14921178e-10]
 [ 1.06887340e-18 -1.30297498e-12 -2.36680754e-13  4.96552029e-11
  -2.03453002e-10 -5.42586350e-16  9.31668001e-16  3.16946402e-05
  -1.96631105e-06 -1.43082436e-08  8.16633149e-10]
 [ 1.06661430e-18 -1.29754206e-12 -2.34635060e-13  4.91287373e-11
  -2.00533383e-10 -5.52220329e-16  9.40574496e-16  3.13080691e-05
  -1.95689831e-06 -1.39755249e-08  8.32034384e-10]]


sending vector for error: [ 1.06857525e-18 -1.28184718e-12 -2.36467773e-13  5.01672544e-11
 -2.04911270e-10 -5.46489711e-16  9.37700294e-16  3.18840016e-05
 -1.95370892e-06 -1.42436366e-08  8.31507668e-10]
received errors: 520254759398.6332    727510814716.3278

sending vector for error: [ 1.06044059e-18 -1.29416060e-12 -2.33805311e-13  5.01935303e-11
 -2.04148738e-10 -5.47126852e-16  9.26959995e-16  3.18290418e-05
 -1.94633771e-06 -1.43286611e-08  8.15788910e-10]
received errors: 360379733659.7088    199650394678.47205

sending vector for error: [ 1.05650598e-18 -1.30297498e-12 -2.35719149e-13  4.95598320e-11
 -2.02438739e-10 -5.58334273e-16  9.45915040e-16  3.13705759e-05
 -1.94310782e-06 -1.42206647e-08  8.26731329e-10]
received errors: 421905676740.59125    526848979680.20575

sending vector for error: [ 1.05177936e-18 -1.28469019e-12 -2.35704378e-13  4.92469482e-11
 -2.04105266e-10 -5.51155756e-16  9.53325547e-16  3.21350059e-05
 -1.95305815e-06 -1.41660130e-08  8.01647770e-10]
received errors: 420069318933.8873    49974221451.727295

sending vector for error: [ 1.05044662e-18 -1.28263908e-12 -2.33559815e-13  4.88787798e-11
 -2.01652520e-10 -5.46869433e-16  9.46234121e-16  3.24884270e-05
 -1.94888493e-06 -1.40444584e-08  8.02019695e-10]
received errors: 422688349037.5453    130652203859.64267

sending vector for error: [ 1.06630299e-18 -1.26218480e-12 -2.36519775e-13  4.98032808e-11
 -2.02945900e-10 -5.54327576e-16  9.38336261e-16  3.15589179e-05
 -1.95283933e-06 -1.44597369e-08  8.14921178e-10]
received errors: 345897149335.14526    69410348798.48398

sending vector for error: [ 1.06887340e-18 -1.30297498e-12 -2.36680754e-13  4.96552029e-11
 -2.03453002e-10 -5.42586350e-16  9.31668001e-16  3.16946402e-05
 -1.96631105e-06 -1.43082436e-08  8.16633149e-10]
received errors: 374259830284.9496    75715508471.2802

sending vector for error: [ 1.06661430e-18 -1.29754206e-12 -2.34635060e-13  4.91287373e-11
 -2.00533383e-10 -5.52220329e-16  9.40574496e-16  3.13080691e-05
 -1.95689831e-06 -1.39755249e-08  8.32034384e-10]
received errors: 507663641608.3953    706209226177.0253


CROSSOVER:


	parent1 = [ 1.06887340e-18 -1.30297498e-12 -2.36680754e-13  4.96552029e-11
 -2.03453002e-10 -5.42586350e-16  9.31668001e-16  3.16946402e-05
 -1.96631105e-06 -1.43082436e-08  8.16633149e-10]
	parent2 = [ 1.06044059e-18 -1.29416060e-12 -2.33805311e-13  5.01935303e-11
 -2.04148738e-10 -5.47126852e-16  9.26959995e-16  3.18290418e-05
 -1.94633771e-06 -1.43286611e-08  8.15788910e-10]
	cutoff index = 5
	child 1 = [ 1.06887340e-18 -1.30297498e-12 -2.36680754e-13  4.96552029e-11
 -2.03453002e-10 -5.47126852e-16  9.26959995e-16  3.18290418e-05
 -1.94633771e-06 -1.43286611e-08  8.15788910e-10]
	child 2 = [ 1.06887340e-18 -1.30297498e-12 -2.36680754e-13  4.96552029e-11
 -2.03453002e-10 -5.42586350e-16  9.31668001e-16  3.16946402e-05
 -1.96631105e-06 -1.43082436e-08  8.16633149e-10]


CROSSOVER:


	parent1 = [ 1.06630299e-18 -1.26218480e-12 -2.36519775e-13  4.98032808e-11
 -2.02945900e-10 -5.54327576e-16  9.38336261e-16  3.15589179e-05
 -1.95283933e-06 -1.44597369e-08  8.14921178e-10]
	parent2 = [ 1.06887340e-18 -1.30297498e-12 -2.36680754e-13  4.96552029e-11
 -2.03453002e-10 -5.42586350e-16  9.31668001e-16  3.16946402e-05
 -1.96631105e-06 -1.43082436e-08  8.16633149e-10]
	cutoff index = 0
	child 1 = [ 1.06887340e-18 -1.30297498e-12 -2.36680754e-13  4.96552029e-11
 -2.03453002e-10 -5.42586350e-16  9.31668001e-16  3.16946402e-05
 -1.96631105e-06 -1.43082436e-08  8.16633149e-10]
	child 2 = [ 1.06630299e-18 -1.26218480e-12 -2.36519775e-13  4.98032808e-11
 -2.02945900e-10 -5.54327576e-16  9.38336261e-16  3.15589179e-05
 -1.95283933e-06 -1.44597369e-08  8.14921178e-10]


CROSSOVER:


	parent1 = [ 1.06887340e-18 -1.30297498e-12 -2.36680754e-13  4.96552029e-11
 -2.03453002e-10 -5.42586350e-16  9.31668001e-16  3.16946402e-05
 -1.96631105e-06 -1.43082436e-08  8.16633149e-10]
	parent2 = [ 1.06630299e-18 -1.26218480e-12 -2.36519775e-13  4.98032808e-11
 -2.02945900e-10 -5.54327576e-16  9.38336261e-16  3.15589179e-05
 -1.95283933e-06 -1.44597369e-08  8.14921178e-10]
	cutoff index = 4
	child 1 = [ 1.06887340e-18 -1.30297498e-12 -2.36680754e-13  4.96552029e-11
 -2.02945900e-10 -5.54327576e-16  9.38336261e-16  3.15589179e-05
 -1.95283933e-06 -1.44597369e-08  8.14921178e-10]
	child 2 = [ 1.06887340e-18 -1.30297498e-12 -2.36680754e-13  4.96552029e-11
 -2.03453002e-10 -5.42586350e-16  9.31668001e-16  3.16946402e-05
 -1.96631105e-06 -1.43082436e-08  8.16633149e-10]


CROSSOVER:


	parent1 = [ 1.05177936e-18 -1.28469019e-12 -2.35704378e-13  4.92469482e-11
 -2.04105266e-10 -5.51155756e-16  9.53325547e-16  3.21350059e-05
 -1.95305815e-06 -1.41660130e-08  8.01647770e-10]
	parent2 = [ 1.06887340e-18 -1.30297498e-12 -2.36680754e-13  4.96552029e-11
 -2.03453002e-10 -5.47126852e-16  9.26959995e-16  3.18290418e-05
 -1.94633771e-06 -1.43286611e-08  8.15788910e-10]
	cutoff index = 10
	child 1 = [ 1.05177936e-18 -1.28469019e-12 -2.35704378e-13  4.92469482e-11
 -2.04105266e-10 -5.51155756e-16  9.53325547e-16  3.21350059e-05
 -1.95305815e-06 -1.41660130e-08  8.15788910e-10]
	child 2 = [ 1.05177936e-18 -1.28469019e-12 -2.35704378e-13  4.92469482e-11
 -2.04105266e-10 -5.51155756e-16  9.53325547e-16  3.21350059e-05
 -1.95305815e-06 -1.41660130e-08  8.01647770e-10]


MUTATION: 

RECEIVED FOR MUTATTION: [[ 1.05177936e-18 -1.28469019e-12 -2.35704378e-13  4.92469482e-11
  -2.04105266e-10 -5.51155756e-16  9.53325547e-16  3.21350059e-05
  -1.95305815e-06 -1.41660130e-08  8.15788910e-10]
 [ 1.06887340e-18 -1.30297498e-12 -2.36680754e-13  4.96552029e-11
  -2.03453002e-10 -5.42586350e-16  9.31668001e-16  3.16946402e-05
  -1.96631105e-06 -1.43082436e-08  8.16633149e-10]
 [ 1.06887340e-18 -1.30297498e-12 -2.36680754e-13  4.96552029e-11
  -2.03453002e-10 -5.42586350e-16  9.31668001e-16  3.16946402e-05
  -1.96631105e-06 -1.43082436e-08  8.16633149e-10]
 [ 1.06887340e-18 -1.30297498e-12 -2.36680754e-13  4.96552029e-11
  -2.02945900e-10 -5.54327576e-16  9.38336261e-16  3.15589179e-05
  -1.95283933e-06 -1.44597369e-08  8.14921178e-10]
 [ 1.06887340e-18 -1.30297498e-12 -2.36680754e-13  4.96552029e-11
  -2.02945900e-10 -5.54327576e-16  9.38336261e-16  3.15589179e-05
  -1.95283933e-06 -1.44597369e-08  8.14921178e-10]
 [ 1.06887340e-18 -1.30297498e-12 -2.36680754e-13  4.96552029e-11
  -2.03453002e-10 -5.42586350e-16  9.31668001e-16  3.16946402e-05
  -1.96631105e-06 -1.43082436e-08  8.16633149e-10]
 [ 1.05177936e-18 -1.28469019e-12 -2.35704378e-13  4.92469482e-11
  -2.04105266e-10 -5.51155756e-16  9.53325547e-16  3.21350059e-05
  -1.95305815e-06 -1.41660130e-08  8.15788910e-10]
 [ 1.05177936e-18 -1.28469019e-12 -2.35704378e-13  4.92469482e-11
  -2.04105266e-10 -5.51155756e-16  9.53325547e-16  3.21350059e-05
  -1.95305815e-06 -1.41660130e-08  8.01647770e-10]]

Mutated feature:[[ 1.05864994e-18 -1.29535403e-12 -2.36926809e-13  4.90810762e-11
  -2.04592904e-10 -5.46802761e-16  9.48400762e-16  3.22501115e-05
  -1.95322594e-06 -1.41660130e-08  8.20032926e-10]
 [ 1.06887340e-18 -1.29515321e-12 -2.35310557e-13  4.93788912e-11
  -2.03552340e-10 -5.42586350e-16  9.31668001e-16  3.18415313e-05
  -1.94678240e-06 -1.43173429e-08  8.08898064e-10]
 [ 1.05895618e-18 -1.30166325e-12 -2.34627354e-13  4.97012494e-11
  -2.01488182e-10 -5.46594572e-16  9.37903004e-16  3.13801576e-05
  -1.95639349e-06 -1.42295967e-08  8.13862881e-10]
 [ 1.07884954e-18 -1.29483191e-12 -2.38429203e-13  4.95008020e-11
  -2.04176309e-10 -5.53947726e-16  9.32823629e-16  3.15812326e-05
  -1.95776008e-06 -1.45964063e-08  8.14921178e-10]
 [ 1.07636321e-18 -1.29285505e-12 -2.38964575e-13  5.01496045e-11
  -2.01273384e-10 -5.55566915e-16  9.36449329e-16  3.15937477e-05
  -1.96721845e-06 -1.44597369e-08  8.19308115e-10]
 [ 1.07738122e-18 -1.30893161e-12 -2.36680754e-13  4.91684013e-11
  -2.03453002e-10 -5.47653200e-16  9.31056567e-16  3.18721763e-05
  -1.95483754e-06 -1.41843884e-08  8.08866985e-10]
 [ 1.05297414e-18 -1.27366585e-12 -2.35704378e-13  4.94662121e-11
  -2.06029359e-10 -5.50302925e-16  9.44866305e-16  3.20168891e-05
  -1.94602354e-06 -1.41431479e-08  8.21460020e-10]
 [ 1.05531224e-18 -1.28469019e-12 -2.35778817e-13  4.92327898e-11
  -2.02190209e-10 -5.54900504e-16  9.47477071e-16  3.22467437e-05
  -1.93841131e-06 -1.42558653e-08  8.06271225e-10]]


sending vector for error: [ 1.05864994e-18 -1.29535403e-12 -2.36926809e-13  4.90810762e-11
 -2.04592904e-10 -5.46802761e-16  9.48400762e-16  3.22501115e-05
 -1.95322594e-06 -1.41660130e-08  8.20032926e-10]
received errors: 459646542766.21814    450028272622.48975

sending vector for error: [ 1.06887340e-18 -1.29515321e-12 -2.35310557e-13  4.93788912e-11
 -2.03552340e-10 -5.42586350e-16  9.31668001e-16  3.18415313e-05
 -1.94678240e-06 -1.43173429e-08  8.08898064e-10]
received errors: 362676643198.935    85828339643.95958

sending vector for error: [ 1.05895618e-18 -1.30166325e-12 -2.34627354e-13  4.97012494e-11
 -2.01488182e-10 -5.46594572e-16  9.37903004e-16  3.13801576e-05
 -1.95639349e-06 -1.42295967e-08  8.13862881e-10]
received errors: 356609490428.69763    77234115468.12332

sending vector for error: [ 1.07884954e-18 -1.29483191e-12 -2.38429203e-13  4.95008020e-11
 -2.04176309e-10 -5.53947726e-16  9.32823629e-16  3.15812326e-05
 -1.95776008e-06 -1.45964063e-08  8.14921178e-10]
received errors: 370942622967.8037    55561563952.87016

sending vector for error: [ 1.07636321e-18 -1.29285505e-12 -2.38964575e-13  5.01496045e-11
 -2.01273384e-10 -5.55566915e-16  9.36449329e-16  3.15937477e-05
 -1.96721845e-06 -1.44597369e-08  8.19308115e-10]
received errors: 364885091423.67804    64354993697.987625

sending vector for error: [ 1.07738122e-18 -1.30893161e-12 -2.36680754e-13  4.91684013e-11
 -2.03453002e-10 -5.47653200e-16  9.31056567e-16  3.18721763e-05
 -1.95483754e-06 -1.41843884e-08  8.08866985e-10]
received errors: 383711582011.4924    80636505283.33014

sending vector for error: [ 1.05297414e-18 -1.27366585e-12 -2.35704378e-13  4.94662121e-11
 -2.06029359e-10 -5.50302925e-16  9.44866305e-16  3.20168891e-05
 -1.94602354e-06 -1.41431479e-08  8.21460020e-10]
received errors: 477158149014.05615    563246808968.0739

sending vector for error: [ 1.05531224e-18 -1.28469019e-12 -2.35778817e-13  4.92327898e-11
 -2.02190209e-10 -5.54900504e-16  9.47477071e-16  3.22467437e-05
 -1.93841131e-06 -1.42558653e-08  8.06271225e-10]
received errors: 381663415802.41516    170909935314.41202


CROSSOVER:


	parent1 = [ 1.05864994e-18 -1.29535403e-12 -2.36926809e-13  4.90810762e-11
 -2.04592904e-10 -5.46802761e-16  9.48400762e-16  3.22501115e-05
 -1.95322594e-06 -1.41660130e-08  8.20032926e-10]
	parent2 = [ 1.07884954e-18 -1.29483191e-12 -2.38429203e-13  4.95008020e-11
 -2.04176309e-10 -5.53947726e-16  9.32823629e-16  3.15812326e-05
 -1.95776008e-06 -1.45964063e-08  8.14921178e-10]
	cutoff index = 8
	child 1 = [ 1.05864994e-18 -1.29535403e-12 -2.36926809e-13  4.90810762e-11
 -2.04592904e-10 -5.46802761e-16  9.48400762e-16  3.22501115e-05
 -1.95776008e-06 -1.45964063e-08  8.14921178e-10]
	child 2 = [ 1.05864994e-18 -1.29535403e-12 -2.36926809e-13  4.90810762e-11
 -2.04592904e-10 -5.46802761e-16  9.48400762e-16  3.22501115e-05
 -1.95322594e-06 -1.41660130e-08  8.20032926e-10]


CROSSOVER:


	parent1 = [ 1.06887340e-18 -1.29515321e-12 -2.35310557e-13  4.93788912e-11
 -2.03552340e-10 -5.42586350e-16  9.31668001e-16  3.18415313e-05
 -1.94678240e-06 -1.43173429e-08  8.08898064e-10]
	parent2 = [ 1.05531224e-18 -1.28469019e-12 -2.35778817e-13  4.92327898e-11
 -2.02190209e-10 -5.54900504e-16  9.47477071e-16  3.22467437e-05
 -1.93841131e-06 -1.42558653e-08  8.06271225e-10]
	cutoff index = 7
	child 1 = [ 1.06887340e-18 -1.29515321e-12 -2.35310557e-13  4.93788912e-11
 -2.03552340e-10 -5.42586350e-16  9.31668001e-16  3.22467437e-05
 -1.93841131e-06 -1.42558653e-08  8.06271225e-10]
	child 2 = [ 1.06887340e-18 -1.29515321e-12 -2.35310557e-13  4.93788912e-11
 -2.03552340e-10 -5.42586350e-16  9.31668001e-16  3.18415313e-05
 -1.94678240e-06 -1.43173429e-08  8.08898064e-10]


CROSSOVER:


	parent1 = [ 1.07738122e-18 -1.30893161e-12 -2.36680754e-13  4.91684013e-11
 -2.03453002e-10 -5.47653200e-16  9.31056567e-16  3.18721763e-05
 -1.95483754e-06 -1.41843884e-08  8.08866985e-10]
	parent2 = [ 1.05895618e-18 -1.30166325e-12 -2.34627354e-13  4.97012494e-11
 -2.01488182e-10 -5.46594572e-16  9.37903004e-16  3.13801576e-05
 -1.95639349e-06 -1.42295967e-08  8.13862881e-10]
	cutoff index = 2
	child 1 = [ 1.07738122e-18 -1.30893161e-12 -2.34627354e-13  4.97012494e-11
 -2.01488182e-10 -5.46594572e-16  9.37903004e-16  3.13801576e-05
 -1.95639349e-06 -1.42295967e-08  8.13862881e-10]
	child 2 = [ 1.07738122e-18 -1.30893161e-12 -2.36680754e-13  4.91684013e-11
 -2.03453002e-10 -5.47653200e-16  9.31056567e-16  3.18721763e-05
 -1.95483754e-06 -1.41843884e-08  8.08866985e-10]


CROSSOVER:


	parent1 = [ 1.07738122e-18 -1.30893161e-12 -2.34627354e-13  4.97012494e-11
 -2.01488182e-10 -5.46594572e-16  9.37903004e-16  3.13801576e-05
 -1.95639349e-06 -1.42295967e-08  8.13862881e-10]
	parent2 = [ 1.06887340e-18 -1.29515321e-12 -2.35310557e-13  4.93788912e-11
 -2.03552340e-10 -5.42586350e-16  9.31668001e-16  3.18415313e-05
 -1.94678240e-06 -1.43173429e-08  8.08898064e-10]
	cutoff index = 3
	child 1 = [ 1.07738122e-18 -1.30893161e-12 -2.34627354e-13  4.93788912e-11
 -2.03552340e-10 -5.42586350e-16  9.31668001e-16  3.18415313e-05
 -1.94678240e-06 -1.43173429e-08  8.08898064e-10]
	child 2 = [ 1.07738122e-18 -1.30893161e-12 -2.34627354e-13  4.97012494e-11
 -2.01488182e-10 -5.46594572e-16  9.37903004e-16  3.13801576e-05
 -1.95639349e-06 -1.42295967e-08  8.13862881e-10]


MUTATION: 

RECEIVED FOR MUTATTION: [[ 1.05864994e-18 -1.29535403e-12 -2.36926809e-13  4.90810762e-11
  -2.04592904e-10 -5.46802761e-16  9.48400762e-16  3.22501115e-05
  -1.95776008e-06 -1.45964063e-08  8.14921178e-10]
 [ 1.05864994e-18 -1.29535403e-12 -2.36926809e-13  4.90810762e-11
  -2.04592904e-10 -5.46802761e-16  9.48400762e-16  3.22501115e-05
  -1.95322594e-06 -1.41660130e-08  8.20032926e-10]
 [ 1.06887340e-18 -1.29515321e-12 -2.35310557e-13  4.93788912e-11
  -2.03552340e-10 -5.42586350e-16  9.31668001e-16  3.22467437e-05
  -1.93841131e-06 -1.42558653e-08  8.06271225e-10]
 [ 1.07738122e-18 -1.30893161e-12 -2.34627354e-13  4.93788912e-11
  -2.03552340e-10 -5.42586350e-16  9.31668001e-16  3.18415313e-05
  -1.94678240e-06 -1.43173429e-08  8.08898064e-10]
 [ 1.07738122e-18 -1.30893161e-12 -2.34627354e-13  4.97012494e-11
  -2.01488182e-10 -5.46594572e-16  9.37903004e-16  3.13801576e-05
  -1.95639349e-06 -1.42295967e-08  8.13862881e-10]
 [ 1.07738122e-18 -1.30893161e-12 -2.36680754e-13  4.91684013e-11
  -2.03453002e-10 -5.47653200e-16  9.31056567e-16  3.18721763e-05
  -1.95483754e-06 -1.41843884e-08  8.08866985e-10]
 [ 1.07738122e-18 -1.30893161e-12 -2.34627354e-13  4.93788912e-11
  -2.03552340e-10 -5.42586350e-16  9.31668001e-16  3.18415313e-05
  -1.94678240e-06 -1.43173429e-08  8.08898064e-10]
 [ 1.07738122e-18 -1.30893161e-12 -2.34627354e-13  4.97012494e-11
  -2.01488182e-10 -5.46594572e-16  9.37903004e-16  3.13801576e-05
  -1.95639349e-06 -1.42295967e-08  8.13862881e-10]]

Mutated feature:[[ 1.05753003e-18 -1.30789785e-12 -2.37928992e-13  4.90308880e-11
  -2.02962389e-10 -5.46458225e-16  9.43307317e-16  3.22501115e-05
  -1.95935096e-06 -1.46165559e-08  8.19111917e-10]
 [ 1.05680196e-18 -1.30044603e-12 -2.36041059e-13  4.87781268e-11
  -2.06508221e-10 -5.51119341e-16  9.48937560e-16  3.24893082e-05
  -1.96085750e-06 -1.42086808e-08  8.24197127e-10]
 [ 1.07903126e-18 -1.30390845e-12 -2.35188298e-13  4.92018907e-11
  -2.02716870e-10 -5.43345793e-16  9.22494548e-16  3.25202863e-05
  -1.92134606e-06 -1.41329388e-08  8.04132200e-10]
 [ 1.07278488e-18 -1.29963731e-12 -2.36351965e-13  4.97324459e-11
  -2.02973440e-10 -5.43871063e-16  9.31668001e-16  3.19043119e-05
  -1.94678240e-06 -1.42619485e-08  8.16211949e-10]
 [ 1.07659411e-18 -1.29590389e-12 -2.33757563e-13  4.95287823e-11
  -2.00889979e-10 -5.50933907e-16  9.35595084e-16  3.11127125e-05
  -1.95230959e-06 -1.42266565e-08  8.20235674e-10]
 [ 1.07738122e-18 -1.30458687e-12 -2.34710435e-13  4.95877011e-11
  -2.03453002e-10 -5.48771910e-16  9.24037432e-16  3.19317617e-05
  -1.94053903e-06 -1.42909964e-08  8.15676598e-10]
 [ 1.08473385e-18 -1.30375155e-12 -2.35324024e-13  4.96660315e-11
  -2.02298704e-10 -5.47096382e-16  9.36964861e-16  3.15496338e-05
  -1.94778425e-06 -1.43869187e-08  8.09480098e-10]
 [ 1.08425995e-18 -1.31950405e-12 -2.36932481e-13  5.00601464e-11
  -2.00316020e-10 -5.43027865e-16  9.38606315e-16  3.14379079e-05
  -1.96302964e-06 -1.41281361e-08  8.13857440e-10]]

best fit vector:
[1.0688733981072095e-18, -1.3029749760831499e-12, -2.366807543939877e-13, 4.965520285172385e-11, -2.0294590003980175e-10, -5.543275764606061e-16, 9.383362607478163e-16, 3.155891791555562e-05, -1.952839328294766e-06, -1.4459736875654621e-08, 8.149211778691027e-10]
error:    3.458971e+11    6.941035e+10