

MUTATION: 

RECEIVED FOR MUTATTION: [[ 9.98519211e-19 -1.33692723e-12 -2.32933782e-13  4.90216786e-11
  -1.97218646e-10 -5.49911430e-16  9.34019664e-16  3.17567911e-05
  -2.05289711e-06 -1.41361910e-08  8.43142099e-10]
 [ 9.98519211e-19 -1.33692723e-12 -2.32933782e-13  4.90216786e-11
  -1.97218646e-10 -5.49911430e-16  9.34019664e-16  3.17567911e-05
  -2.05289711e-06 -1.41361910e-08  8.43142099e-10]
 [ 9.98519211e-19 -1.33692723e-12 -2.32933782e-13  4.90216786e-11
  -1.97218646e-10 -5.49911430e-16  9.34019664e-16  3.17567911e-05
  -2.05289711e-06 -1.41361910e-08  8.43142099e-10]
 [ 9.98519211e-19 -1.33692723e-12 -2.32933782e-13  4.90216786e-11
  -1.97218646e-10 -5.49911430e-16  9.34019664e-16  3.17567911e-05
  -2.05289711e-06 -1.41361910e-08  8.43142099e-10]
 [ 9.98519211e-19 -1.33692723e-12 -2.32933782e-13  4.90216786e-11
  -1.97218646e-10 -5.49911430e-16  9.34019664e-16  3.17567911e-05
  -2.05289711e-06 -1.41361910e-08  8.43142099e-10]
 [ 9.98519211e-19 -1.33692723e-12 -2.32933782e-13  4.90216786e-11
  -1.97218646e-10 -5.49911430e-16  9.34019664e-16  3.17567911e-05
  -2.05289711e-06 -1.41361910e-08  8.43142099e-10]
 [ 9.98519211e-19 -1.33692723e-12 -2.32933782e-13  4.90216786e-11
  -1.97218646e-10 -5.49911430e-16  9.34019664e-16  3.17567911e-05
  -2.05289711e-06 -1.41361910e-08  8.43142099e-10]
 [ 9.98519211e-19 -1.33692723e-12 -2.32933782e-13  4.90216786e-11
  -1.97218646e-10 -5.49911430e-16  9.34019664e-16  3.17567911e-05
  -2.05289711e-06 -1.41361910e-08  8.43142099e-10]]

Mutated feature:[[ 9.98519211e-19 -1.33736692e-12 -2.34101273e-13  4.90216786e-11
  -1.97218646e-10 -5.52204575e-16  9.26770902e-16  3.16070261e-05
  -2.04820171e-06 -1.40385415e-08  8.35489908e-10]
 [ 1.00805502e-18 -1.33692723e-12 -2.32933782e-13  4.90435052e-11
  -1.96700600e-10 -5.45049821e-16  9.35967995e-16  3.18123975e-05
  -2.05289711e-06 -1.42505786e-08  8.38162618e-10]
 [ 9.98519211e-19 -1.32645314e-12 -2.31265974e-13  4.93575379e-11
  -1.95304965e-10 -5.50513238e-16  9.35747307e-16  3.17567911e-05
  -2.03508331e-06 -1.41405692e-08  8.42760784e-10]
 [ 9.93289824e-19 -1.34006439e-12 -2.32914125e-13  4.90151661e-11
  -1.97389625e-10 -5.54348792e-16  9.25852036e-16  3.14956697e-05
  -2.05289711e-06 -1.40347837e-08  8.43792166e-10]
 [ 9.96365133e-19 -1.34356335e-12 -2.31572401e-13  4.90216786e-11
  -1.95590271e-10 -5.54176555e-16  9.33633820e-16  3.16962862e-05
  -2.05289711e-06 -1.41361910e-08  8.49757441e-10]
 [ 1.00763865e-18 -1.33692723e-12 -2.33377685e-13  4.90216786e-11
  -1.98177959e-10 -5.46132234e-16  9.30041247e-16  3.14572243e-05
  -2.04440590e-06 -1.41361910e-08  8.43263759e-10]
 [ 9.93679438e-19 -1.34822710e-12 -2.31075567e-13  4.90216786e-11
  -1.95554648e-10 -5.50175637e-16  9.41051802e-16  3.17567911e-05
  -2.03691904e-06 -1.42373460e-08  8.35569047e-10]
 [ 9.91697630e-19 -1.32823995e-12 -2.33738261e-13  4.85366355e-11
  -1.95371401e-10 -5.53112074e-16  9.41851401e-16  3.17567911e-05
  -2.05775353e-06 -1.42285014e-08  8.36615673e-10]]



POPULATION: [[ 9.98519211e-19 -1.33692723e-12 -2.32933782e-13  4.90216786e-11
  -1.97218646e-10 -5.49911430e-16  9.34019664e-16  3.17567911e-05
  -2.05289711e-06 -1.41361910e-08  8.43142099e-10]
 [ 1.00805502e-18 -1.33692723e-12 -2.32933782e-13  4.90435052e-11
  -1.96700600e-10 -5.45049821e-16  9.35967995e-16  3.18123975e-05
  -2.05289711e-06 -1.42505786e-08  8.38162618e-10]
 [ 9.98519211e-19 -1.32645314e-12 -2.31265974e-13  4.93575379e-11
  -1.95304965e-10 -5.50513238e-16  9.35747307e-16  3.17567911e-05
  -2.03508331e-06 -1.41405692e-08  8.42760784e-10]
 [ 9.93289824e-19 -1.34006439e-12 -2.32914125e-13  4.90151661e-11
  -1.97389625e-10 -5.54348792e-16  9.25852036e-16  3.14956697e-05
  -2.05289711e-06 -1.40347837e-08  8.43792166e-10]
 [ 9.96365133e-19 -1.34356335e-12 -2.31572401e-13  4.90216786e-11
  -1.95590271e-10 -5.54176555e-16  9.33633820e-16  3.16962862e-05
  -2.05289711e-06 -1.41361910e-08  8.49757441e-10]
 [ 1.00763865e-18 -1.33692723e-12 -2.33377685e-13  4.90216786e-11
  -1.98177959e-10 -5.46132234e-16  9.30041247e-16  3.14572243e-05
  -2.04440590e-06 -1.41361910e-08  8.43263759e-10]
 [ 9.93679438e-19 -1.34822710e-12 -2.31075567e-13  4.90216786e-11
  -1.95554648e-10 -5.50175637e-16  9.41051802e-16  3.17567911e-05
  -2.03691904e-06 -1.42373460e-08  8.35569047e-10]
 [ 9.91697630e-19 -1.32823995e-12 -2.33738261e-13  4.85366355e-11
  -1.95371401e-10 -5.53112074e-16  9.41851401e-16  3.17567911e-05
  -2.05775353e-06 -1.42285014e-08  8.36615673e-10]]


sending vector for error: [ 9.98519211e-19 -1.33692723e-12 -2.32933782e-13  4.90216786e-11
 -1.97218646e-10 -5.49911430e-16  9.34019664e-16  3.17567911e-05
 -2.05289711e-06 -1.41361910e-08  8.43142099e-10]
received errors: 503794444936.29285    90981103224.80139

sending vector for error: [ 1.00805502e-18 -1.33692723e-12 -2.32933782e-13  4.90435052e-11
 -1.96700600e-10 -5.45049821e-16  9.35967995e-16  3.18123975e-05
 -2.05289711e-06 -1.42505786e-08  8.38162618e-10]
received errors: 585602083060.8689    153492972794.73898

sending vector for error: [ 9.98519211e-19 -1.32645314e-12 -2.31265974e-13  4.93575379e-11
 -1.95304965e-10 -5.50513238e-16  9.35747307e-16  3.17567911e-05
 -2.03508331e-06 -1.41405692e-08  8.42760784e-10]
received errors: 439171676120.665    103218902059.87253

sending vector for error: [ 9.93289824e-19 -1.34006439e-12 -2.32914125e-13  4.90151661e-11
 -1.97389625e-10 -5.54348792e-16  9.25852036e-16  3.14956697e-05
 -2.05289711e-06 -1.40347837e-08  8.43792166e-10]
received errors: 494569418119.9374    92769152909.72221

sending vector for error: [ 9.96365133e-19 -1.34356335e-12 -2.31572401e-13  4.90216786e-11
 -1.95590271e-10 -5.54176555e-16  9.33633820e-16  3.16962862e-05
 -2.05289711e-06 -1.41361910e-08  8.49757441e-10]
received errors: 454083186573.29675    102493744060.59067

sending vector for error: [ 1.00763865e-18 -1.33692723e-12 -2.33377685e-13  4.90216786e-11
 -1.98177959e-10 -5.46132234e-16  9.30041247e-16  3.14572243e-05
 -2.04440590e-06 -1.41361910e-08  8.43263759e-10]
received errors: 467971414185.6797    89414140791.0016

sending vector for error: [ 9.93679438e-19 -1.34822710e-12 -2.31075567e-13  4.90216786e-11
 -1.95554648e-10 -5.50175637e-16  9.41051802e-16  3.17567911e-05
 -2.03691904e-06 -1.42373460e-08  8.35569047e-10]
received errors: 514350304169.493    100597281521.85489

sending vector for error: [ 9.91697630e-19 -1.32823995e-12 -2.33738261e-13  4.85366355e-11
 -1.95371401e-10 -5.53112074e-16  9.41851401e-16  3.17567911e-05
 -2.05775353e-06 -1.42285014e-08  8.36615673e-10]
received errors: 657200120371.5369    225592343318.01895


CROSSOVER:


	parent1 = [ 9.93289824e-19 -1.34006439e-12 -2.32914125e-13  4.90151661e-11
 -1.97389625e-10 -5.54348792e-16  9.25852036e-16  3.14956697e-05
 -2.05289711e-06 -1.40347837e-08  8.43792166e-10]
	parent2 = [ 1.00763865e-18 -1.33692723e-12 -2.33377685e-13  4.90216786e-11
 -1.98177959e-10 -5.46132234e-16  9.30041247e-16  3.14572243e-05
 -2.04440590e-06 -1.41361910e-08  8.43263759e-10]
	cutoff index = 0
	child 1 = [ 1.00763865e-18 -1.33692723e-12 -2.33377685e-13  4.90216786e-11
 -1.98177959e-10 -5.46132234e-16  9.30041247e-16  3.14572243e-05
 -2.04440590e-06 -1.41361910e-08  8.43263759e-10]
	child 2 = [ 9.93289824e-19 -1.34006439e-12 -2.32914125e-13  4.90151661e-11
 -1.97389625e-10 -5.54348792e-16  9.25852036e-16  3.14956697e-05
 -2.05289711e-06 -1.40347837e-08  8.43792166e-10]


CROSSOVER:


	parent1 = [ 1.00763865e-18 -1.33692723e-12 -2.33377685e-13  4.90216786e-11
 -1.98177959e-10 -5.46132234e-16  9.30041247e-16  3.14572243e-05
 -2.04440590e-06 -1.41361910e-08  8.43263759e-10]
	parent2 = [ 9.93289824e-19 -1.34006439e-12 -2.32914125e-13  4.90151661e-11
 -1.97389625e-10 -5.54348792e-16  9.25852036e-16  3.14956697e-05
 -2.05289711e-06 -1.40347837e-08  8.43792166e-10]
	cutoff index = 3
	child 1 = [ 1.00763865e-18 -1.33692723e-12 -2.33377685e-13  4.90151661e-11
 -1.97389625e-10 -5.54348792e-16  9.25852036e-16  3.14956697e-05
 -2.05289711e-06 -1.40347837e-08  8.43792166e-10]
	child 2 = [ 1.00763865e-18 -1.33692723e-12 -2.33377685e-13  4.90216786e-11
 -1.98177959e-10 -5.46132234e-16  9.30041247e-16  3.14572243e-05
 -2.04440590e-06 -1.41361910e-08  8.43263759e-10]


CROSSOVER:


	parent1 = [ 9.98519211e-19 -1.33692723e-12 -2.32933782e-13  4.90216786e-11
 -1.97218646e-10 -5.49911430e-16  9.34019664e-16  3.17567911e-05
 -2.05289711e-06 -1.41361910e-08  8.43142099e-10]
	parent2 = [ 1.00763865e-18 -1.33692723e-12 -2.33377685e-13  4.90151661e-11
 -1.97389625e-10 -5.54348792e-16  9.25852036e-16  3.14956697e-05
 -2.05289711e-06 -1.40347837e-08  8.43792166e-10]
	cutoff index = 0
	child 1 = [ 1.00763865e-18 -1.33692723e-12 -2.33377685e-13  4.90151661e-11
 -1.97389625e-10 -5.54348792e-16  9.25852036e-16  3.14956697e-05
 -2.05289711e-06 -1.40347837e-08  8.43792166e-10]
	child 2 = [ 9.98519211e-19 -1.33692723e-12 -2.32933782e-13  4.90216786e-11
 -1.97218646e-10 -5.49911430e-16  9.34019664e-16  3.17567911e-05
 -2.05289711e-06 -1.41361910e-08  8.43142099e-10]


CROSSOVER:


	parent1 = [ 9.96365133e-19 -1.34356335e-12 -2.31572401e-13  4.90216786e-11
 -1.95590271e-10 -5.54176555e-16  9.33633820e-16  3.16962862e-05
 -2.05289711e-06 -1.41361910e-08  8.49757441e-10]
	parent2 = [ 1.00763865e-18 -1.33692723e-12 -2.33377685e-13  4.90216786e-11
 -1.98177959e-10 -5.46132234e-16  9.30041247e-16  3.14572243e-05
 -2.04440590e-06 -1.41361910e-08  8.43263759e-10]
	cutoff index = 4
	child 1 = [ 9.96365133e-19 -1.34356335e-12 -2.31572401e-13  4.90216786e-11
 -1.98177959e-10 -5.46132234e-16  9.30041247e-16  3.14572243e-05
 -2.04440590e-06 -1.41361910e-08  8.43263759e-10]
	child 2 = [ 9.96365133e-19 -1.34356335e-12 -2.31572401e-13  4.90216786e-11
 -1.95590271e-10 -5.54176555e-16  9.33633820e-16  3.16962862e-05
 -2.05289711e-06 -1.41361910e-08  8.49757441e-10]


MUTATION: 

RECEIVED FOR MUTATTION: [[ 9.96365133e-19 -1.34356335e-12 -2.31572401e-13  4.90216786e-11
  -1.98177959e-10 -5.46132234e-16  9.30041247e-16  3.14572243e-05
  -2.04440590e-06 -1.41361910e-08  8.43263759e-10]
 [ 1.00763865e-18 -1.33692723e-12 -2.33377685e-13  4.90151661e-11
  -1.97389625e-10 -5.54348792e-16  9.25852036e-16  3.14956697e-05
  -2.05289711e-06 -1.40347837e-08  8.43792166e-10]
 [ 1.00763865e-18 -1.33692723e-12 -2.33377685e-13  4.90151661e-11
  -1.97389625e-10 -5.54348792e-16  9.25852036e-16  3.14956697e-05
  -2.05289711e-06 -1.40347837e-08  8.43792166e-10]
 [ 9.96365133e-19 -1.34356335e-12 -2.31572401e-13  4.90216786e-11
  -1.98177959e-10 -5.46132234e-16  9.30041247e-16  3.14572243e-05
  -2.04440590e-06 -1.41361910e-08  8.43263759e-10]
 [ 1.00763865e-18 -1.33692723e-12 -2.33377685e-13  4.90151661e-11
  -1.97389625e-10 -5.54348792e-16  9.25852036e-16  3.14956697e-05
  -2.05289711e-06 -1.40347837e-08  8.43792166e-10]
 [ 9.98519211e-19 -1.33692723e-12 -2.32933782e-13  4.90216786e-11
  -1.97218646e-10 -5.49911430e-16  9.34019664e-16  3.17567911e-05
  -2.05289711e-06 -1.41361910e-08  8.43142099e-10]
 [ 9.96365133e-19 -1.34356335e-12 -2.31572401e-13  4.90216786e-11
  -1.98177959e-10 -5.46132234e-16  9.30041247e-16  3.14572243e-05
  -2.04440590e-06 -1.41361910e-08  8.43263759e-10]
 [ 9.96365133e-19 -1.34356335e-12 -2.31572401e-13  4.90216786e-11
  -1.95590271e-10 -5.54176555e-16  9.33633820e-16  3.16962862e-05
  -2.05289711e-06 -1.41361910e-08  8.49757441e-10]]

Mutated feature:[[ 9.91544525e-19 -1.33755367e-12 -2.32412093e-13  4.89991119e-11
  -1.99950502e-10 -5.42414279e-16  9.23523998e-16  3.15026408e-05
  -2.02765954e-06 -1.41285998e-08  8.48023829e-10]
 [ 1.00839907e-18 -1.33692723e-12 -2.33668616e-13  4.90151661e-11
  -1.98472206e-10 -5.57630127e-16  9.25852036e-16  3.14956697e-05
  -2.06181095e-06 -1.40347837e-08  8.40716335e-10]
 [ 1.01235560e-18 -1.34175085e-12 -2.33377685e-13  4.93902768e-11
  -1.97468377e-10 -5.52818108e-16  9.25852036e-16  3.11839444e-05
  -2.06012235e-06 -1.39814305e-08  8.43792166e-10]
 [ 9.96365133e-19 -1.33165403e-12 -2.31252118e-13  4.87262168e-11
  -1.98756537e-10 -5.48665140e-16  9.30041247e-16  3.17709562e-05
  -2.05576198e-06 -1.41221771e-08  8.42345376e-10]
 [ 1.01337890e-18 -1.32766306e-12 -2.33357430e-13  4.89048438e-11
  -1.97389625e-10 -5.58136584e-16  9.25569508e-16  3.18020647e-05
  -2.06310625e-06 -1.40683692e-08  8.44485220e-10]
 [ 1.00593221e-18 -1.34858749e-12 -2.32933782e-13  4.89333089e-11
  -1.97510535e-10 -5.51541029e-16  9.31949315e-16  3.17567911e-05
  -2.05138208e-06 -1.40844446e-08  8.43142099e-10]
 [ 1.00022810e-18 -1.33046700e-12 -2.33766051e-13  4.90216786e-11
  -1.96839856e-10 -5.48073538e-16  9.25872364e-16  3.12180392e-05
  -2.04859644e-06 -1.41361910e-08  8.45197939e-10]
 [ 9.96365133e-19 -1.34812511e-12 -2.31572401e-13  4.90216786e-11
  -1.95973443e-10 -5.59581411e-16  9.26286623e-16  3.16962862e-05
  -2.05289711e-06 -1.41474966e-08  8.49757441e-10]]


sending vector for error: [ 9.91544525e-19 -1.33755367e-12 -2.32412093e-13  4.89991119e-11
 -1.99950502e-10 -5.42414279e-16  9.23523998e-16  3.15026408e-05
 -2.02765954e-06 -1.41285998e-08  8.48023829e-10]
received errors: 415364496951.3914    200881534281.84677

sending vector for error: [ 1.00839907e-18 -1.33692723e-12 -2.33668616e-13  4.90151661e-11
 -1.98472206e-10 -5.57630127e-16  9.25852036e-16  3.14956697e-05
 -2.06181095e-06 -1.40347837e-08  8.40716335e-10]
received errors: 592578224038.3953    157876722398.6596

sending vector for error: [ 1.01235560e-18 -1.34175085e-12 -2.33377685e-13  4.93902768e-11
 -1.97468377e-10 -5.52818108e-16  9.25852036e-16  3.11839444e-05
 -2.06012235e-06 -1.39814305e-08  8.43792166e-10]
received errors: 543510356656.4911    133904649574.0466

sending vector for error: [ 9.96365133e-19 -1.33165403e-12 -2.31252118e-13  4.87262168e-11
 -1.98756537e-10 -5.48665140e-16  9.30041247e-16  3.17709562e-05
 -2.05576198e-06 -1.41221771e-08  8.42345376e-10]
received errors: 525889081626.37854    99540208541.36981

sending vector for error: [ 1.01337890e-18 -1.32766306e-12 -2.33357430e-13  4.89048438e-11
 -1.97389625e-10 -5.58136584e-16  9.25569508e-16  3.18020647e-05
 -2.06310625e-06 -1.40683692e-08  8.44485220e-10]
received errors: 536388231638.0721    100010488241.70354

sending vector for error: [ 1.00593221e-18 -1.34858749e-12 -2.32933782e-13  4.89333089e-11
 -1.97510535e-10 -5.51541029e-16  9.31949315e-16  3.17567911e-05
 -2.05138208e-06 -1.40844446e-08  8.43142099e-10]
received errors: 491890699239.5213    86405649882.79506

sending vector for error: [ 1.00022810e-18 -1.33046700e-12 -2.33766051e-13  4.90216786e-11
 -1.96839856e-10 -5.48073538e-16  9.25872364e-16  3.12180392e-05
 -2.04859644e-06 -1.41361910e-08  8.45197939e-10]
received errors: 476914719423.04724    101603792408.96504

sending vector for error: [ 9.96365133e-19 -1.34812511e-12 -2.31572401e-13  4.90216786e-11
 -1.95973443e-10 -5.59581411e-16  9.26286623e-16  3.16962862e-05
 -2.05289711e-06 -1.41474966e-08  8.49757441e-10]
received errors: 454134855958.7279    99901758524.7931


CROSSOVER:


	parent1 = [ 1.01235560e-18 -1.34175085e-12 -2.33377685e-13  4.93902768e-11
 -1.97468377e-10 -5.52818108e-16  9.25852036e-16  3.11839444e-05
 -2.06012235e-06 -1.39814305e-08  8.43792166e-10]
	parent2 = [ 9.91544525e-19 -1.33755367e-12 -2.32412093e-13  4.89991119e-11
 -1.99950502e-10 -5.42414279e-16  9.23523998e-16  3.15026408e-05
 -2.02765954e-06 -1.41285998e-08  8.48023829e-10]
	cutoff index = 8
	child 1 = [ 1.01235560e-18 -1.34175085e-12 -2.33377685e-13  4.93902768e-11
 -1.97468377e-10 -5.52818108e-16  9.25852036e-16  3.11839444e-05
 -2.02765954e-06 -1.41285998e-08  8.48023829e-10]
	child 2 = [ 1.01235560e-18 -1.34175085e-12 -2.33377685e-13  4.93902768e-11
 -1.97468377e-10 -5.52818108e-16  9.25852036e-16  3.11839444e-05
 -2.06012235e-06 -1.39814305e-08  8.43792166e-10]


CROSSOVER:


	parent1 = [ 9.96365133e-19 -1.34812511e-12 -2.31572401e-13  4.90216786e-11
 -1.95973443e-10 -5.59581411e-16  9.26286623e-16  3.16962862e-05
 -2.05289711e-06 -1.41474966e-08  8.49757441e-10]
	parent2 = [ 9.96365133e-19 -1.34812511e-12 -2.31572401e-13  4.90216786e-11
 -1.95973443e-10 -5.59581411e-16  9.26286623e-16  3.16962862e-05
 -2.05289711e-06 -1.41474966e-08  8.49757441e-10]
	cutoff index = 2
	child 1 = [ 9.96365133e-19 -1.34812511e-12 -2.31572401e-13  4.90216786e-11
 -1.95973443e-10 -5.59581411e-16  9.26286623e-16  3.16962862e-05
 -2.05289711e-06 -1.41474966e-08  8.49757441e-10]
	child 2 = [ 9.96365133e-19 -1.34812511e-12 -2.31572401e-13  4.90216786e-11
 -1.95973443e-10 -5.59581411e-16  9.26286623e-16  3.16962862e-05
 -2.05289711e-06 -1.41474966e-08  8.49757441e-10]


CROSSOVER:


	parent1 = [ 1.01235560e-18 -1.34175085e-12 -2.33377685e-13  4.93902768e-11
 -1.97468377e-10 -5.52818108e-16  9.25852036e-16  3.11839444e-05
 -2.02765954e-06 -1.41285998e-08  8.48023829e-10]
	parent2 = [ 1.01235560e-18 -1.34175085e-12 -2.33377685e-13  4.93902768e-11
 -1.97468377e-10 -5.52818108e-16  9.25852036e-16  3.11839444e-05
 -2.02765954e-06 -1.41285998e-08  8.48023829e-10]
	cutoff index = 7
	child 1 = [ 1.01235560e-18 -1.34175085e-12 -2.33377685e-13  4.93902768e-11
 -1.97468377e-10 -5.52818108e-16  9.25852036e-16  3.11839444e-05
 -2.02765954e-06 -1.41285998e-08  8.48023829e-10]
	child 2 = [ 1.01235560e-18 -1.34175085e-12 -2.33377685e-13  4.93902768e-11
 -1.97468377e-10 -5.52818108e-16  9.25852036e-16  3.11839444e-05
 -2.02765954e-06 -1.41285998e-08  8.48023829e-10]


CROSSOVER:


	parent1 = [ 1.01337890e-18 -1.32766306e-12 -2.33357430e-13  4.89048438e-11
 -1.97389625e-10 -5.58136584e-16  9.25569508e-16  3.18020647e-05
 -2.06310625e-06 -1.40683692e-08  8.44485220e-10]
	parent2 = [ 1.01235560e-18 -1.34175085e-12 -2.33377685e-13  4.93902768e-11
 -1.97468377e-10 -5.52818108e-16  9.25852036e-16  3.11839444e-05
 -2.02765954e-06 -1.41285998e-08  8.48023829e-10]
	cutoff index = 8
	child 1 = [ 1.01337890e-18 -1.32766306e-12 -2.33357430e-13  4.89048438e-11
 -1.97389625e-10 -5.58136584e-16  9.25569508e-16  3.18020647e-05
 -2.02765954e-06 -1.41285998e-08  8.48023829e-10]
	child 2 = [ 1.01337890e-18 -1.32766306e-12 -2.33357430e-13  4.89048438e-11
 -1.97389625e-10 -5.58136584e-16  9.25569508e-16  3.18020647e-05
 -2.06310625e-06 -1.40683692e-08  8.44485220e-10]


MUTATION: 

RECEIVED FOR MUTATTION: [[ 1.01337890e-18 -1.32766306e-12 -2.33357430e-13  4.89048438e-11
  -1.97389625e-10 -5.58136584e-16  9.25569508e-16  3.18020647e-05
  -2.02765954e-06 -1.41285998e-08  8.48023829e-10]
 [ 1.01235560e-18 -1.34175085e-12 -2.33377685e-13  4.93902768e-11
  -1.97468377e-10 -5.52818108e-16  9.25852036e-16  3.11839444e-05
  -2.06012235e-06 -1.39814305e-08  8.43792166e-10]
 [ 9.96365133e-19 -1.34812511e-12 -2.31572401e-13  4.90216786e-11
  -1.95973443e-10 -5.59581411e-16  9.26286623e-16  3.16962862e-05
  -2.05289711e-06 -1.41474966e-08  8.49757441e-10]
 [ 9.96365133e-19 -1.34812511e-12 -2.31572401e-13  4.90216786e-11
  -1.95973443e-10 -5.59581411e-16  9.26286623e-16  3.16962862e-05
  -2.05289711e-06 -1.41474966e-08  8.49757441e-10]
 [ 1.01337890e-18 -1.32766306e-12 -2.33357430e-13  4.89048438e-11
  -1.97389625e-10 -5.58136584e-16  9.25569508e-16  3.18020647e-05
  -2.02765954e-06 -1.41285998e-08  8.48023829e-10]
 [ 1.01337890e-18 -1.32766306e-12 -2.33357430e-13  4.89048438e-11
  -1.97389625e-10 -5.58136584e-16  9.25569508e-16  3.18020647e-05
  -2.02765954e-06 -1.41285998e-08  8.48023829e-10]
 [ 1.01337890e-18 -1.32766306e-12 -2.33357430e-13  4.89048438e-11
  -1.97389625e-10 -5.58136584e-16  9.25569508e-16  3.18020647e-05
  -2.02765954e-06 -1.41285998e-08  8.48023829e-10]
 [ 1.01337890e-18 -1.32766306e-12 -2.33357430e-13  4.89048438e-11
  -1.97389625e-10 -5.58136584e-16  9.25569508e-16  3.18020647e-05
  -2.06310625e-06 -1.40683692e-08  8.44485220e-10]]

Mutated feature:[[ 1.01337890e-18 -1.32719832e-12 -2.33291197e-13  4.87559587e-11
  -1.96613411e-10 -5.52621120e-16  9.20005104e-16  3.17984476e-05
  -2.02841664e-06 -1.41989002e-08  8.40278337e-10]
 [ 1.00402801e-18 -1.34615583e-12 -2.32507499e-13  4.94543166e-11
  -1.96818889e-10 -5.52818108e-16  9.25852036e-16  3.10407891e-05
  -2.06012235e-06 -1.39814305e-08  8.43792166e-10]
 [ 9.98023761e-19 -1.34250643e-12 -2.32491827e-13  4.88646584e-11
  -1.95973443e-10 -5.59581411e-16  9.28949517e-16  3.16962862e-05
  -2.06908994e-06 -1.41253209e-08  8.57308792e-10]
 [ 1.00227248e-18 -1.33758673e-12 -2.32541142e-13  4.94050252e-11
  -1.96465340e-10 -5.64082455e-16  9.26286623e-16  3.16962862e-05
  -2.04698401e-06 -1.42424926e-08  8.47410966e-10]
 [ 1.00897904e-18 -1.33698725e-12 -2.31806232e-13  4.86277043e-11
  -1.98971956e-10 -5.58782972e-16  9.30863324e-16  3.18837821e-05
  -2.02966582e-06 -1.42006946e-08  8.53257869e-10]
 [ 1.01596507e-18 -1.33612389e-12 -2.34607419e-13  4.85031987e-11
  -1.96302882e-10 -5.53346261e-16  9.21489319e-16  3.19075241e-05
  -2.02649758e-06 -1.40051535e-08  8.51972087e-10]
 [ 1.01337890e-18 -1.32474391e-12 -2.32239935e-13  4.84547495e-11
  -1.97719142e-10 -5.53506341e-16  9.29605383e-16  3.18233920e-05
  -2.01434022e-06 -1.41102322e-08  8.48317005e-10]
 [ 1.01764868e-18 -1.32766306e-12 -2.32694390e-13  4.86369382e-11
  -1.96166665e-10 -5.58579771e-16  9.20803716e-16  3.20194057e-05
  -2.06011584e-06 -1.40513432e-08  8.44485220e-10]]


sending vector for error: [ 1.01337890e-18 -1.32719832e-12 -2.33291197e-13  4.87559587e-11
 -1.96613411e-10 -5.52621120e-16  9.20005104e-16  3.17984476e-05
 -2.02841664e-06 -1.41989002e-08  8.40278337e-10]
received errors: 432699402125.71466    95884034854.2581

sending vector for error: [ 1.00402801e-18 -1.34615583e-12 -2.32507499e-13  4.94543166e-11
 -1.96818889e-10 -5.52818108e-16  9.25852036e-16  3.10407891e-05
 -2.06012235e-06 -1.39814305e-08  8.43792166e-10]
received errors: 553375232707.6786    151874879518.4459

sending vector for error: [ 9.98023761e-19 -1.34250643e-12 -2.32491827e-13  4.88646584e-11
 -1.95973443e-10 -5.59581411e-16  9.28949517e-16  3.16962862e-05
 -2.06908994e-06 -1.41253209e-08  8.57308792e-10]
received errors: 463781220511.9393    115155199939.07639

sending vector for error: [ 1.00227248e-18 -1.33758673e-12 -2.32541142e-13  4.94050252e-11
 -1.96465340e-10 -5.64082455e-16  9.26286623e-16  3.16962862e-05
 -2.04698401e-06 -1.42424926e-08  8.47410966e-10]
received errors: 450926692389.7308    88823224118.22113

sending vector for error: [ 1.00897904e-18 -1.33698725e-12 -2.31806232e-13  4.86277043e-11
 -1.98971956e-10 -5.58782972e-16  9.30863324e-16  3.18837821e-05
 -2.02966582e-06 -1.42006946e-08  8.53257869e-10]
received errors: 457211974227.30304    347767677320.68384

sending vector for error: [ 1.01596507e-18 -1.33612389e-12 -2.34607419e-13  4.85031987e-11
 -1.96302882e-10 -5.53346261e-16  9.21489319e-16  3.19075241e-05
 -2.02649758e-06 -1.40051535e-08  8.51972087e-10]
received errors: 517665456041.8376    497749462190.74774

sending vector for error: [ 1.01337890e-18 -1.32474391e-12 -2.32239935e-13  4.84547495e-11
 -1.97719142e-10 -5.53506341e-16  9.29605383e-16  3.18233920e-05
 -2.01434022e-06 -1.41102322e-08  8.48317005e-10]
received errors: 478564029565.9548    444659458225.73816

sending vector for error: [ 1.01764868e-18 -1.32766306e-12 -2.32694390e-13  4.86369382e-11
 -1.96166665e-10 -5.58579771e-16  9.20803716e-16  3.20194057e-05
 -2.06011584e-06 -1.40513432e-08  8.44485220e-10]
received errors: 514050938199.374    85365372320.0005


CROSSOVER:


	parent1 = [ 1.00402801e-18 -1.34615583e-12 -2.32507499e-13  4.94543166e-11
 -1.96818889e-10 -5.52818108e-16  9.25852036e-16  3.10407891e-05
 -2.06012235e-06 -1.39814305e-08  8.43792166e-10]
	parent2 = [ 9.98023761e-19 -1.34250643e-12 -2.32491827e-13  4.88646584e-11
 -1.95973443e-10 -5.59581411e-16  9.28949517e-16  3.16962862e-05
 -2.06908994e-06 -1.41253209e-08  8.57308792e-10]
	cutoff index = 4
	child 1 = [ 1.00402801e-18 -1.34615583e-12 -2.32507499e-13  4.94543166e-11
 -1.95973443e-10 -5.59581411e-16  9.28949517e-16  3.16962862e-05
 -2.06908994e-06 -1.41253209e-08  8.57308792e-10]
	child 2 = [ 1.00402801e-18 -1.34615583e-12 -2.32507499e-13  4.94543166e-11
 -1.96818889e-10 -5.52818108e-16  9.25852036e-16  3.10407891e-05
 -2.06012235e-06 -1.39814305e-08  8.43792166e-10]


CROSSOVER:


	parent1 = [ 1.00897904e-18 -1.33698725e-12 -2.31806232e-13  4.86277043e-11
 -1.98971956e-10 -5.58782972e-16  9.30863324e-16  3.18837821e-05
 -2.02966582e-06 -1.42006946e-08  8.53257869e-10]
	parent2 = [ 1.01337890e-18 -1.32719832e-12 -2.33291197e-13  4.87559587e-11
 -1.96613411e-10 -5.52621120e-16  9.20005104e-16  3.17984476e-05
 -2.02841664e-06 -1.41989002e-08  8.40278337e-10]
	cutoff index = 4
	child 1 = [ 1.00897904e-18 -1.33698725e-12 -2.31806232e-13  4.86277043e-11
 -1.96613411e-10 -5.52621120e-16  9.20005104e-16  3.17984476e-05
 -2.02841664e-06 -1.41989002e-08  8.40278337e-10]
	child 2 = [ 1.00897904e-18 -1.33698725e-12 -2.31806232e-13  4.86277043e-11
 -1.98971956e-10 -5.58782972e-16  9.30863324e-16  3.18837821e-05
 -2.02966582e-06 -1.42006946e-08  8.53257869e-10]


CROSSOVER:


	parent1 = [ 1.00897904e-18 -1.33698725e-12 -2.31806232e-13  4.86277043e-11
 -1.96613411e-10 -5.52621120e-16  9.20005104e-16  3.17984476e-05
 -2.02841664e-06 -1.41989002e-08  8.40278337e-10]
	parent2 = [ 1.00227248e-18 -1.33758673e-12 -2.32541142e-13  4.94050252e-11
 -1.96465340e-10 -5.64082455e-16  9.26286623e-16  3.16962862e-05
 -2.04698401e-06 -1.42424926e-08  8.47410966e-10]
	cutoff index = 10
	child 1 = [ 1.00897904e-18 -1.33698725e-12 -2.31806232e-13  4.86277043e-11
 -1.96613411e-10 -5.52621120e-16  9.20005104e-16  3.17984476e-05
 -2.02841664e-06 -1.41989002e-08  8.47410966e-10]
	child 2 = [ 1.00897904e-18 -1.33698725e-12 -2.31806232e-13  4.86277043e-11
 -1.96613411e-10 -5.52621120e-16  9.20005104e-16  3.17984476e-05
 -2.02841664e-06 -1.41989002e-08  8.40278337e-10]


CROSSOVER:


	parent1 = [ 1.00897904e-18 -1.33698725e-12 -2.31806232e-13  4.86277043e-11
 -1.96613411e-10 -5.52621120e-16  9.20005104e-16  3.17984476e-05
 -2.02841664e-06 -1.41989002e-08  8.40278337e-10]
	parent2 = [ 1.00897904e-18 -1.33698725e-12 -2.31806232e-13  4.86277043e-11
 -1.96613411e-10 -5.52621120e-16  9.20005104e-16  3.17984476e-05
 -2.02841664e-06 -1.41989002e-08  8.47410966e-10]
	cutoff index = 7
	child 1 = [ 1.00897904e-18 -1.33698725e-12 -2.31806232e-13  4.86277043e-11
 -1.96613411e-10 -5.52621120e-16  9.20005104e-16  3.17984476e-05
 -2.02841664e-06 -1.41989002e-08  8.47410966e-10]
	child 2 = [ 1.00897904e-18 -1.33698725e-12 -2.31806232e-13  4.86277043e-11
 -1.96613411e-10 -5.52621120e-16  9.20005104e-16  3.17984476e-05
 -2.02841664e-06 -1.41989002e-08  8.40278337e-10]


MUTATION: 

RECEIVED FOR MUTATTION: [[ 1.00402801e-18 -1.34615583e-12 -2.32507499e-13  4.94543166e-11
  -1.95973443e-10 -5.59581411e-16  9.28949517e-16  3.16962862e-05
  -2.06908994e-06 -1.41253209e-08  8.57308792e-10]
 [ 1.00402801e-18 -1.34615583e-12 -2.32507499e-13  4.94543166e-11
  -1.96818889e-10 -5.52818108e-16  9.25852036e-16  3.10407891e-05
  -2.06012235e-06 -1.39814305e-08  8.43792166e-10]
 [ 1.00897904e-18 -1.33698725e-12 -2.31806232e-13  4.86277043e-11
  -1.96613411e-10 -5.52621120e-16  9.20005104e-16  3.17984476e-05
  -2.02841664e-06 -1.41989002e-08  8.40278337e-10]
 [ 1.00897904e-18 -1.33698725e-12 -2.31806232e-13  4.86277043e-11
  -1.98971956e-10 -5.58782972e-16  9.30863324e-16  3.18837821e-05
  -2.02966582e-06 -1.42006946e-08  8.53257869e-10]
 [ 1.00897904e-18 -1.33698725e-12 -2.31806232e-13  4.86277043e-11
  -1.96613411e-10 -5.52621120e-16  9.20005104e-16  3.17984476e-05
  -2.02841664e-06 -1.41989002e-08  8.47410966e-10]
 [ 1.00897904e-18 -1.33698725e-12 -2.31806232e-13  4.86277043e-11
  -1.96613411e-10 -5.52621120e-16  9.20005104e-16  3.17984476e-05
  -2.02841664e-06 -1.41989002e-08  8.40278337e-10]
 [ 1.00897904e-18 -1.33698725e-12 -2.31806232e-13  4.86277043e-11
  -1.96613411e-10 -5.52621120e-16  9.20005104e-16  3.17984476e-05
  -2.02841664e-06 -1.41989002e-08  8.47410966e-10]
 [ 1.00897904e-18 -1.33698725e-12 -2.31806232e-13  4.86277043e-11
  -1.96613411e-10 -5.52621120e-16  9.20005104e-16  3.17984476e-05
  -2.02841664e-06 -1.41989002e-08  8.40278337e-10]]

Mutated feature:[[ 1.00192305e-18 -1.34080500e-12 -2.31482990e-13  4.94000218e-11
  -1.95476928e-10 -5.59581411e-16  9.22590722e-16  3.14703989e-05
  -2.05588128e-06 -1.40303550e-08  8.57308792e-10]
 [ 1.00402801e-18 -1.33472267e-12 -2.31876526e-13  4.95654173e-11
  -1.98024637e-10 -5.49289357e-16  9.25852036e-16  3.10407891e-05
  -2.06012235e-06 -1.40714937e-08  8.43792166e-10]
 [ 1.00746003e-18 -1.33566865e-12 -2.33253763e-13  4.89547419e-11
  -1.96875533e-10 -5.53322110e-16  9.26030325e-16  3.18072631e-05
  -2.02492434e-06 -1.41430591e-08  8.41788560e-10]
 [ 1.00492378e-18 -1.33698725e-12 -2.31806232e-13  4.88785592e-11
  -1.98571200e-10 -5.57041540e-16  9.38504649e-16  3.20189039e-05
  -2.03324933e-06 -1.41168443e-08  8.53257869e-10]
 [ 1.00617172e-18 -1.34286331e-12 -2.31469600e-13  4.86277043e-11
  -1.97996162e-10 -5.52550598e-16  9.20005104e-16  3.19362014e-05
  -2.02841664e-06 -1.41269632e-08  8.48883462e-10]
 [ 1.00942108e-18 -1.33963619e-12 -2.32649462e-13  4.86277043e-11
  -1.96613411e-10 -5.55247759e-16  9.12024114e-16  3.16755602e-05
  -2.01618797e-06 -1.43391702e-08  8.38120964e-10]
 [ 1.00025321e-18 -1.34160979e-12 -2.31621739e-13  4.88054033e-11
  -1.94926422e-10 -5.51614694e-16  9.16102450e-16  3.19237819e-05
  -2.04528994e-06 -1.41989002e-08  8.47410966e-10]
 [ 1.00897904e-18 -1.34270821e-12 -2.32961573e-13  4.88384120e-11
  -1.95487758e-10 -5.50761878e-16  9.25672940e-16  3.15177162e-05
  -2.03885666e-06 -1.41787440e-08  8.40278337e-10]]


sending vector for error: [ 1.00192305e-18 -1.34080500e-12 -2.31482990e-13  4.94000218e-11
 -1.95476928e-10 -5.59581411e-16  9.22590722e-16  3.14703989e-05
 -2.05588128e-06 -1.40303550e-08  8.57308792e-10]
received errors: 440439445716.45764    184676597422.7763

sending vector for error: [ 1.00402801e-18 -1.33472267e-12 -2.31876526e-13  4.95654173e-11
 -1.98024637e-10 -5.49289357e-16  9.25852036e-16  3.10407891e-05
 -2.06012235e-06 -1.40714937e-08  8.43792166e-10]
received errors: 572875118793.8372    179748115964.2606

sending vector for error: [ 1.00746003e-18 -1.33566865e-12 -2.33253763e-13  4.89547419e-11
 -1.96875533e-10 -5.53322110e-16  9.26030325e-16  3.18072631e-05
 -2.02492434e-06 -1.41430591e-08  8.41788560e-10]
received errors: 425710371375.139    143761693248.3203

sending vector for error: [ 1.00492378e-18 -1.33698725e-12 -2.31806232e-13  4.88785592e-11
 -1.98571200e-10 -5.57041540e-16  9.38504649e-16  3.20189039e-05
 -2.03324933e-06 -1.41168443e-08  8.53257869e-10]
received errors: 487624895232.6051    392453872552.0833

sending vector for error: [ 1.00617172e-18 -1.34286331e-12 -2.31469600e-13  4.86277043e-11
 -1.97996162e-10 -5.52550598e-16  9.20005104e-16  3.19362014e-05
 -2.02841664e-06 -1.41269632e-08  8.48883462e-10]
received errors: 456030098224.86395    296135867532.6573

sending vector for error: [ 1.00942108e-18 -1.33963619e-12 -2.32649462e-13  4.86277043e-11
 -1.96613411e-10 -5.55247759e-16  9.12024114e-16  3.16755602e-05
 -2.01618797e-06 -1.43391702e-08  8.38120964e-10]
received errors: 407198128711.64874    86584788149.73454

sending vector for error: [ 1.00025321e-18 -1.34160979e-12 -2.31621739e-13  4.88054033e-11
 -1.94926422e-10 -5.51614694e-16  9.16102450e-16  3.19237819e-05
 -2.04528994e-06 -1.41989002e-08  8.47410966e-10]
received errors: 448761418090.4427    110662873285.88753

sending vector for error: [ 1.00897904e-18 -1.34270821e-12 -2.32961573e-13  4.88384120e-11
 -1.95487758e-10 -5.50761878e-16  9.25672940e-16  3.15177162e-05
 -2.03885666e-06 -1.41787440e-08  8.40278337e-10]
received errors: 473030530823.1193    88109495869.50307


CROSSOVER:


	parent1 = [ 1.00942108e-18 -1.33963619e-12 -2.32649462e-13  4.86277043e-11
 -1.96613411e-10 -5.55247759e-16  9.12024114e-16  3.16755602e-05
 -2.01618797e-06 -1.43391702e-08  8.38120964e-10]
	parent2 = [ 1.00746003e-18 -1.33566865e-12 -2.33253763e-13  4.89547419e-11
 -1.96875533e-10 -5.53322110e-16  9.26030325e-16  3.18072631e-05
 -2.02492434e-06 -1.41430591e-08  8.41788560e-10]
	cutoff index = 0
	child 1 = [ 1.00746003e-18 -1.33566865e-12 -2.33253763e-13  4.89547419e-11
 -1.96875533e-10 -5.53322110e-16  9.26030325e-16  3.18072631e-05
 -2.02492434e-06 -1.41430591e-08  8.41788560e-10]
	child 2 = [ 1.00942108e-18 -1.33963619e-12 -2.32649462e-13  4.86277043e-11
 -1.96613411e-10 -5.55247759e-16  9.12024114e-16  3.16755602e-05
 -2.01618797e-06 -1.43391702e-08  8.38120964e-10]


CROSSOVER:


	parent1 = [ 1.00746003e-18 -1.33566865e-12 -2.33253763e-13  4.89547419e-11
 -1.96875533e-10 -5.53322110e-16  9.26030325e-16  3.18072631e-05
 -2.02492434e-06 -1.41430591e-08  8.41788560e-10]
	parent2 = [ 1.00942108e-18 -1.33963619e-12 -2.32649462e-13  4.86277043e-11
 -1.96613411e-10 -5.55247759e-16  9.12024114e-16  3.16755602e-05
 -2.01618797e-06 -1.43391702e-08  8.38120964e-10]
	cutoff index = 9
	child 1 = [ 1.00746003e-18 -1.33566865e-12 -2.33253763e-13  4.89547419e-11
 -1.96875533e-10 -5.53322110e-16  9.26030325e-16  3.18072631e-05
 -2.02492434e-06 -1.43391702e-08  8.38120964e-10]
	child 2 = [ 1.00746003e-18 -1.33566865e-12 -2.33253763e-13  4.89547419e-11
 -1.96875533e-10 -5.53322110e-16  9.26030325e-16  3.18072631e-05
 -2.02492434e-06 -1.41430591e-08  8.41788560e-10]


CROSSOVER:


	parent1 = [ 1.00897904e-18 -1.34270821e-12 -2.32961573e-13  4.88384120e-11
 -1.95487758e-10 -5.50761878e-16  9.25672940e-16  3.15177162e-05
 -2.03885666e-06 -1.41787440e-08  8.40278337e-10]
	parent2 = [ 1.00192305e-18 -1.34080500e-12 -2.31482990e-13  4.94000218e-11
 -1.95476928e-10 -5.59581411e-16  9.22590722e-16  3.14703989e-05
 -2.05588128e-06 -1.40303550e-08  8.57308792e-10]
	cutoff index = 1
	child 1 = [ 1.00897904e-18 -1.34080500e-12 -2.31482990e-13  4.94000218e-11
 -1.95476928e-10 -5.59581411e-16  9.22590722e-16  3.14703989e-05
 -2.05588128e-06 -1.40303550e-08  8.57308792e-10]
	child 2 = [ 1.00897904e-18 -1.34270821e-12 -2.32961573e-13  4.88384120e-11
 -1.95487758e-10 -5.50761878e-16  9.25672940e-16  3.15177162e-05
 -2.03885666e-06 -1.41787440e-08  8.40278337e-10]


CROSSOVER:


	parent1 = [ 1.00897904e-18 -1.34080500e-12 -2.31482990e-13  4.94000218e-11
 -1.95476928e-10 -5.59581411e-16  9.22590722e-16  3.14703989e-05
 -2.05588128e-06 -1.40303550e-08  8.57308792e-10]
	parent2 = [ 1.00897904e-18 -1.34080500e-12 -2.31482990e-13  4.94000218e-11
 -1.95476928e-10 -5.59581411e-16  9.22590722e-16  3.14703989e-05
 -2.05588128e-06 -1.40303550e-08  8.57308792e-10]
	cutoff index = 5
	child 1 = [ 1.00897904e-18 -1.34080500e-12 -2.31482990e-13  4.94000218e-11
 -1.95476928e-10 -5.59581411e-16  9.22590722e-16  3.14703989e-05
 -2.05588128e-06 -1.40303550e-08  8.57308792e-10]
	child 2 = [ 1.00897904e-18 -1.34080500e-12 -2.31482990e-13  4.94000218e-11
 -1.95476928e-10 -5.59581411e-16  9.22590722e-16  3.14703989e-05
 -2.05588128e-06 -1.40303550e-08  8.57308792e-10]


MUTATION: 

RECEIVED FOR MUTATTION: [[ 1.00746003e-18 -1.33566865e-12 -2.33253763e-13  4.89547419e-11
  -1.96875533e-10 -5.53322110e-16  9.26030325e-16  3.18072631e-05
  -2.02492434e-06 -1.41430591e-08  8.41788560e-10]
 [ 1.00746003e-18 -1.33566865e-12 -2.33253763e-13  4.89547419e-11
  -1.96875533e-10 -5.53322110e-16  9.26030325e-16  3.18072631e-05
  -2.02492434e-06 -1.43391702e-08  8.38120964e-10]
 [ 1.00746003e-18 -1.33566865e-12 -2.33253763e-13  4.89547419e-11
  -1.96875533e-10 -5.53322110e-16  9.26030325e-16  3.18072631e-05
  -2.02492434e-06 -1.43391702e-08  8.38120964e-10]
 [ 1.00746003e-18 -1.33566865e-12 -2.33253763e-13  4.89547419e-11
  -1.96875533e-10 -5.53322110e-16  9.26030325e-16  3.18072631e-05
  -2.02492434e-06 -1.41430591e-08  8.41788560e-10]
 [ 1.00897904e-18 -1.34080500e-12 -2.31482990e-13  4.94000218e-11
  -1.95476928e-10 -5.59581411e-16  9.22590722e-16  3.14703989e-05
  -2.05588128e-06 -1.40303550e-08  8.57308792e-10]
 [ 1.00897904e-18 -1.34270821e-12 -2.32961573e-13  4.88384120e-11
  -1.95487758e-10 -5.50761878e-16  9.25672940e-16  3.15177162e-05
  -2.03885666e-06 -1.41787440e-08  8.40278337e-10]
 [ 1.00897904e-18 -1.34080500e-12 -2.31482990e-13  4.94000218e-11
  -1.95476928e-10 -5.59581411e-16  9.22590722e-16  3.14703989e-05
  -2.05588128e-06 -1.40303550e-08  8.57308792e-10]
 [ 1.00897904e-18 -1.34080500e-12 -2.31482990e-13  4.94000218e-11
  -1.95476928e-10 -5.59581411e-16  9.22590722e-16  3.14703989e-05
  -2.05588128e-06 -1.40303550e-08  8.57308792e-10]]

Mutated feature:[[ 1.00144395e-18 -1.33566865e-12 -2.33385248e-13  4.89235258e-11
  -1.97403245e-10 -5.53322110e-16  9.25136627e-16  3.20618840e-05
  -2.02492434e-06 -1.40884311e-08  8.41788560e-10]
 [ 9.98293308e-19 -1.33566865e-12 -2.33253763e-13  4.87759073e-11
  -1.96875533e-10 -5.58833043e-16  9.20233597e-16  3.18514987e-05
  -2.02002130e-06 -1.43391702e-08  8.32246387e-10]
 [ 1.00746003e-18 -1.34780360e-12 -2.31388530e-13  4.93576166e-11
  -1.97850033e-10 -5.54673568e-16  9.29972563e-16  3.20899644e-05
  -2.02642757e-06 -1.42377215e-08  8.44330165e-10]
 [ 1.00746003e-18 -1.34513478e-12 -2.33253763e-13  4.89547419e-11
  -1.95685949e-10 -5.50821744e-16  9.16908732e-16  3.18915773e-05
  -2.02492434e-06 -1.40501321e-08  8.47545733e-10]
 [ 1.00065259e-18 -1.34114865e-12 -2.31964826e-13  4.89151493e-11
  -1.95452863e-10 -5.62478455e-16  9.21696015e-16  3.17398647e-05
  -2.05588128e-06 -1.40761465e-08  8.57308792e-10]
 [ 1.00897904e-18 -1.34620837e-12 -2.32961573e-13  4.85299679e-11
  -1.96980014e-10 -5.48064850e-16  9.25672940e-16  3.14898317e-05
  -2.02036236e-06 -1.40666038e-08  8.40278337e-10]
 [ 1.00812399e-18 -1.33638242e-12 -2.31902758e-13  4.89938565e-11
  -1.94662331e-10 -5.62105981e-16  9.25689889e-16  3.14703989e-05
  -2.05588128e-06 -1.41317151e-08  8.60768605e-10]
 [ 1.01203893e-18 -1.34580513e-12 -2.32925379e-13  4.94000218e-11
  -1.93794996e-10 -5.64605335e-16  9.24367051e-16  3.17660785e-05
  -2.04847982e-06 -1.39038358e-08  8.57308792e-10]]


sending vector for error: [ 1.00144395e-18 -1.33566865e-12 -2.33385248e-13  4.89235258e-11
 -1.97403245e-10 -5.53322110e-16  9.25136627e-16  3.20618840e-05
 -2.02492434e-06 -1.40884311e-08  8.41788560e-10]
received errors: 449273934286.71075    202417106912.23056

sending vector for error: [ 9.98293308e-19 -1.33566865e-12 -2.33253763e-13  4.87759073e-11
 -1.96875533e-10 -5.58833043e-16  9.20233597e-16  3.18514987e-05
 -2.02002130e-06 -1.43391702e-08  8.32246387e-10]
received errors: 468105260997.79895    77103634687.35301

sending vector for error: [ 1.00746003e-18 -1.34780360e-12 -2.31388530e-13  4.93576166e-11
 -1.97850033e-10 -5.54673568e-16  9.29972563e-16  3.20899644e-05
 -2.02642757e-06 -1.42377215e-08  8.44330165e-10]
received errors: 434837059951.6515    183914598873.0497

sending vector for error: [ 1.00746003e-18 -1.34513478e-12 -2.33253763e-13  4.89547419e-11
 -1.95685949e-10 -5.50821744e-16  9.16908732e-16  3.18915773e-05
 -2.02492434e-06 -1.40501321e-08  8.47545733e-10]
received errors: 467584577196.8317    334871947355.85657

sending vector for error: [ 1.00065259e-18 -1.34114865e-12 -2.31964826e-13  4.89151493e-11
 -1.95452863e-10 -5.62478455e-16  9.21696015e-16  3.17398647e-05
 -2.05588128e-06 -1.40761465e-08  8.57308792e-10]
received errors: 453145228982.0529    207336369807.81696

sending vector for error: [ 1.00897904e-18 -1.34620837e-12 -2.32961573e-13  4.85299679e-11
 -1.96980014e-10 -5.48064850e-16  9.25672940e-16  3.14898317e-05
 -2.02036236e-06 -1.40666038e-08  8.40278337e-10]
received errors: 412760914100.7244    135653145578.56294

sending vector for error: [ 1.00812399e-18 -1.33638242e-12 -2.31902758e-13  4.89938565e-11
 -1.94662331e-10 -5.62105981e-16  9.25689889e-16  3.14703989e-05
 -2.05588128e-06 -1.41317151e-08  8.60768605e-10]
received errors: 431932301169.32385    210421152163.46472

sending vector for error: [ 1.01203893e-18 -1.34580513e-12 -2.32925379e-13  4.94000218e-11
 -1.93794996e-10 -5.64605335e-16  9.24367051e-16  3.17660785e-05
 -2.04847982e-06 -1.39038358e-08  8.57308792e-10]
received errors: 501477175408.63416    384062565882.2159


CROSSOVER:


	parent1 = [ 1.00897904e-18 -1.34620837e-12 -2.32961573e-13  4.85299679e-11
 -1.96980014e-10 -5.48064850e-16  9.25672940e-16  3.14898317e-05
 -2.02036236e-06 -1.40666038e-08  8.40278337e-10]
	parent2 = [ 1.00897904e-18 -1.34620837e-12 -2.32961573e-13  4.85299679e-11
 -1.96980014e-10 -5.48064850e-16  9.25672940e-16  3.14898317e-05
 -2.02036236e-06 -1.40666038e-08  8.40278337e-10]
	cutoff index = 3
	child 1 = [ 1.00897904e-18 -1.34620837e-12 -2.32961573e-13  4.85299679e-11
 -1.96980014e-10 -5.48064850e-16  9.25672940e-16  3.14898317e-05
 -2.02036236e-06 -1.40666038e-08  8.40278337e-10]
	child 2 = [ 1.00897904e-18 -1.34620837e-12 -2.32961573e-13  4.85299679e-11
 -1.96980014e-10 -5.48064850e-16  9.25672940e-16  3.14898317e-05
 -2.02036236e-06 -1.40666038e-08  8.40278337e-10]


CROSSOVER:


	parent1 = [ 1.00897904e-18 -1.34620837e-12 -2.32961573e-13  4.85299679e-11
 -1.96980014e-10 -5.48064850e-16  9.25672940e-16  3.14898317e-05
 -2.02036236e-06 -1.40666038e-08  8.40278337e-10]
	parent2 = [ 9.98293308e-19 -1.33566865e-12 -2.33253763e-13  4.87759073e-11
 -1.96875533e-10 -5.58833043e-16  9.20233597e-16  3.18514987e-05
 -2.02002130e-06 -1.43391702e-08  8.32246387e-10]
	cutoff index = 0
	child 1 = [ 9.98293308e-19 -1.33566865e-12 -2.33253763e-13  4.87759073e-11
 -1.96875533e-10 -5.58833043e-16  9.20233597e-16  3.18514987e-05
 -2.02002130e-06 -1.43391702e-08  8.32246387e-10]
	child 2 = [ 1.00897904e-18 -1.34620837e-12 -2.32961573e-13  4.85299679e-11
 -1.96980014e-10 -5.48064850e-16  9.25672940e-16  3.14898317e-05
 -2.02036236e-06 -1.40666038e-08  8.40278337e-10]


CROSSOVER:


	parent1 = [ 1.00144395e-18 -1.33566865e-12 -2.33385248e-13  4.89235258e-11
 -1.97403245e-10 -5.53322110e-16  9.25136627e-16  3.20618840e-05
 -2.02492434e-06 -1.40884311e-08  8.41788560e-10]
	parent2 = [ 1.00144395e-18 -1.33566865e-12 -2.33385248e-13  4.89235258e-11
 -1.97403245e-10 -5.53322110e-16  9.25136627e-16  3.20618840e-05
 -2.02492434e-06 -1.40884311e-08  8.41788560e-10]
	cutoff index = 6
	child 1 = [ 1.00144395e-18 -1.33566865e-12 -2.33385248e-13  4.89235258e-11
 -1.97403245e-10 -5.53322110e-16  9.25136627e-16  3.20618840e-05
 -2.02492434e-06 -1.40884311e-08  8.41788560e-10]
	child 2 = [ 1.00144395e-18 -1.33566865e-12 -2.33385248e-13  4.89235258e-11
 -1.97403245e-10 -5.53322110e-16  9.25136627e-16  3.20618840e-05
 -2.02492434e-06 -1.40884311e-08  8.41788560e-10]


CROSSOVER:


	parent1 = [ 9.98293308e-19 -1.33566865e-12 -2.33253763e-13  4.87759073e-11
 -1.96875533e-10 -5.58833043e-16  9.20233597e-16  3.18514987e-05
 -2.02002130e-06 -1.43391702e-08  8.32246387e-10]
	parent2 = [ 1.00144395e-18 -1.33566865e-12 -2.33385248e-13  4.89235258e-11
 -1.97403245e-10 -5.53322110e-16  9.25136627e-16  3.20618840e-05
 -2.02492434e-06 -1.40884311e-08  8.41788560e-10]
	cutoff index = 5
	child 1 = [ 9.98293308e-19 -1.33566865e-12 -2.33253763e-13  4.87759073e-11
 -1.96875533e-10 -5.53322110e-16  9.25136627e-16  3.20618840e-05
 -2.02492434e-06 -1.40884311e-08  8.41788560e-10]
	child 2 = [ 9.98293308e-19 -1.33566865e-12 -2.33253763e-13  4.87759073e-11
 -1.96875533e-10 -5.58833043e-16  9.20233597e-16  3.18514987e-05
 -2.02002130e-06 -1.43391702e-08  8.32246387e-10]


MUTATION: 

RECEIVED FOR MUTATTION: [[ 1.00897904e-18 -1.34620837e-12 -2.32961573e-13  4.85299679e-11
  -1.96980014e-10 -5.48064850e-16  9.25672940e-16  3.14898317e-05
  -2.02036236e-06 -1.40666038e-08  8.40278337e-10]
 [ 1.00897904e-18 -1.34620837e-12 -2.32961573e-13  4.85299679e-11
  -1.96980014e-10 -5.48064850e-16  9.25672940e-16  3.14898317e-05
  -2.02036236e-06 -1.40666038e-08  8.40278337e-10]
 [ 9.98293308e-19 -1.33566865e-12 -2.33253763e-13  4.87759073e-11
  -1.96875533e-10 -5.58833043e-16  9.20233597e-16  3.18514987e-05
  -2.02002130e-06 -1.43391702e-08  8.32246387e-10]
 [ 1.00897904e-18 -1.34620837e-12 -2.32961573e-13  4.85299679e-11
  -1.96980014e-10 -5.48064850e-16  9.25672940e-16  3.14898317e-05
  -2.02036236e-06 -1.40666038e-08  8.40278337e-10]
 [ 9.98293308e-19 -1.33566865e-12 -2.33253763e-13  4.87759073e-11
  -1.96875533e-10 -5.53322110e-16  9.25136627e-16  3.20618840e-05
  -2.02492434e-06 -1.40884311e-08  8.41788560e-10]
 [ 9.98293308e-19 -1.33566865e-12 -2.33253763e-13  4.87759073e-11
  -1.96875533e-10 -5.53322110e-16  9.25136627e-16  3.20618840e-05
  -2.02492434e-06 -1.40884311e-08  8.41788560e-10]
 [ 9.98293308e-19 -1.33566865e-12 -2.33253763e-13  4.87759073e-11
  -1.96875533e-10 -5.53322110e-16  9.25136627e-16  3.20618840e-05
  -2.02492434e-06 -1.40884311e-08  8.41788560e-10]
 [ 9.98293308e-19 -1.33566865e-12 -2.33253763e-13  4.87759073e-11
  -1.96875533e-10 -5.58833043e-16  9.20233597e-16  3.18514987e-05
  -2.02002130e-06 -1.43391702e-08  8.32246387e-10]]

Mutated feature:[[ 1.00897904e-18 -1.35001671e-12 -2.32877940e-13  4.81790365e-11
  -1.97412275e-10 -5.48064850e-16  9.25672940e-16  3.14189003e-05
  -2.02419594e-06 -1.41497410e-08  8.46194973e-10]
 [ 1.00185275e-18 -1.35675282e-12 -2.31650984e-13  4.84893032e-11
  -1.97025681e-10 -5.50559874e-16  9.18892979e-16  3.13406942e-05
  -2.02872355e-06 -1.41098580e-08  8.40278337e-10]
 [ 1.00290897e-18 -1.33566865e-12 -2.34135573e-13  4.87782050e-11
  -1.97957528e-10 -5.56770172e-16  9.20233597e-16  3.15621183e-05
  -2.01255318e-06 -1.43391702e-08  8.32246387e-10]
 [ 1.01078512e-18 -1.34620837e-12 -2.32566900e-13  4.90029645e-11
  -1.95807487e-10 -5.51107335e-16  9.22360337e-16  3.14898317e-05
  -2.02198104e-06 -1.39284391e-08  8.40159435e-10]
 [ 9.96646712e-19 -1.34662514e-12 -2.35107406e-13  4.84139665e-11
  -1.96875533e-10 -5.50418632e-16  9.23387133e-16  3.20618840e-05
  -2.00804797e-06 -1.40884311e-08  8.46195092e-10]
 [ 9.88315724e-19 -1.34109765e-12 -2.33223967e-13  4.88238030e-11
  -1.97339524e-10 -5.54949621e-16  9.18930090e-16  3.20618840e-05
  -2.01562848e-06 -1.39526483e-08  8.46049919e-10]
 [ 1.00761614e-18 -1.32568091e-12 -2.32584368e-13  4.85611633e-11
  -1.96333160e-10 -5.53322110e-16  9.16356306e-16  3.21187906e-05
  -2.03492841e-06 -1.40809000e-08  8.41788560e-10]
 [ 9.93771583e-19 -1.34371523e-12 -2.34059772e-13  4.87759073e-11
  -1.97390970e-10 -5.54742921e-16  9.14484765e-16  3.18514987e-05
  -2.01456278e-06 -1.43638345e-08  8.33096165e-10]]


sending vector for error: [ 1.00897904e-18 -1.35001671e-12 -2.32877940e-13  4.81790365e-11
 -1.97412275e-10 -5.48064850e-16  9.25672940e-16  3.14189003e-05
 -2.02419594e-06 -1.41497410e-08  8.46194973e-10]
received errors: 403006870577.40643    169494403290.73755

sending vector for error: [ 1.00185275e-18 -1.35675282e-12 -2.31650984e-13  4.84893032e-11
 -1.97025681e-10 -5.50559874e-16  9.18892979e-16  3.13406942e-05
 -2.02872355e-06 -1.41098580e-08  8.40278337e-10]
received errors: 427566910831.3074    87774028022.9761

sending vector for error: [ 1.00290897e-18 -1.33566865e-12 -2.34135573e-13  4.87782050e-11
 -1.97957528e-10 -5.56770172e-16  9.20233597e-16  3.15621183e-05
 -2.01255318e-06 -1.43391702e-08  8.32246387e-10]
received errors: 438945436841.16077    76125126978.13553

sending vector for error: [ 1.01078512e-18 -1.34620837e-12 -2.32566900e-13  4.90029645e-11
 -1.95807487e-10 -5.51107335e-16  9.22360337e-16  3.14898317e-05
 -2.02198104e-06 -1.39284391e-08  8.40159435e-10]
received errors: 426830609621.1041    166593123951.8628

sending vector for error: [ 9.96646712e-19 -1.34662514e-12 -2.35107406e-13  4.84139665e-11
 -1.96875533e-10 -5.50418632e-16  9.23387133e-16  3.20618840e-05
 -2.00804797e-06 -1.40884311e-08  8.46195092e-10]
received errors: 526442396152.05536    564120652117.7756

sending vector for error: [ 9.88315724e-19 -1.34109765e-12 -2.33223967e-13  4.88238030e-11
 -1.97339524e-10 -5.54949621e-16  9.18930090e-16  3.20618840e-05
 -2.01562848e-06 -1.39526483e-08  8.46049919e-10]
received errors: 536303157546.78046    537838486712.0303

sending vector for error: [ 1.00761614e-18 -1.32568091e-12 -2.32584368e-13  4.85611633e-11
 -1.96333160e-10 -5.53322110e-16  9.16356306e-16  3.21187906e-05
 -2.03492841e-06 -1.40809000e-08  8.41788560e-10]
received errors: 458428600996.3729    139424216480.5602

sending vector for error: [ 9.93771583e-19 -1.34371523e-12 -2.34059772e-13  4.87759073e-11
 -1.97390970e-10 -5.54742921e-16  9.14484765e-16  3.18514987e-05
 -2.01456278e-06 -1.43638345e-08  8.33096165e-10]
received errors: 435889928460.9814    71470143366.52454


CROSSOVER:


	parent1 = [ 9.93771583e-19 -1.34371523e-12 -2.34059772e-13  4.87759073e-11
 -1.97390970e-10 -5.54742921e-16  9.14484765e-16  3.18514987e-05
 -2.01456278e-06 -1.43638345e-08  8.33096165e-10]
	parent2 = [ 1.00290897e-18 -1.33566865e-12 -2.34135573e-13  4.87782050e-11
 -1.97957528e-10 -5.56770172e-16  9.20233597e-16  3.15621183e-05
 -2.01255318e-06 -1.43391702e-08  8.32246387e-10]
	cutoff index = 9
	child 1 = [ 9.93771583e-19 -1.34371523e-12 -2.34059772e-13  4.87759073e-11
 -1.97390970e-10 -5.54742921e-16  9.14484765e-16  3.18514987e-05
 -2.01456278e-06 -1.43391702e-08  8.32246387e-10]
	child 2 = [ 9.93771583e-19 -1.34371523e-12 -2.34059772e-13  4.87759073e-11
 -1.97390970e-10 -5.54742921e-16  9.14484765e-16  3.18514987e-05
 -2.01456278e-06 -1.43638345e-08  8.33096165e-10]


CROSSOVER:


	parent1 = [ 1.01078512e-18 -1.34620837e-12 -2.32566900e-13  4.90029645e-11
 -1.95807487e-10 -5.51107335e-16  9.22360337e-16  3.14898317e-05
 -2.02198104e-06 -1.39284391e-08  8.40159435e-10]
	parent2 = [ 1.00185275e-18 -1.35675282e-12 -2.31650984e-13  4.84893032e-11
 -1.97025681e-10 -5.50559874e-16  9.18892979e-16  3.13406942e-05
 -2.02872355e-06 -1.41098580e-08  8.40278337e-10]
	cutoff index = 3
	child 1 = [ 1.01078512e-18 -1.34620837e-12 -2.32566900e-13  4.84893032e-11
 -1.97025681e-10 -5.50559874e-16  9.18892979e-16  3.13406942e-05
 -2.02872355e-06 -1.41098580e-08  8.40278337e-10]
	child 2 = [ 1.01078512e-18 -1.34620837e-12 -2.32566900e-13  4.90029645e-11
 -1.95807487e-10 -5.51107335e-16  9.22360337e-16  3.14898317e-05
 -2.02198104e-06 -1.39284391e-08  8.40159435e-10]


CROSSOVER:


	parent1 = [ 1.00761614e-18 -1.32568091e-12 -2.32584368e-13  4.85611633e-11
 -1.96333160e-10 -5.53322110e-16  9.16356306e-16  3.21187906e-05
 -2.03492841e-06 -1.40809000e-08  8.41788560e-10]
	parent2 = [ 9.93771583e-19 -1.34371523e-12 -2.34059772e-13  4.87759073e-11
 -1.97390970e-10 -5.54742921e-16  9.14484765e-16  3.18514987e-05
 -2.01456278e-06 -1.43391702e-08  8.32246387e-10]
	cutoff index = 9
	child 1 = [ 1.00761614e-18 -1.32568091e-12 -2.32584368e-13  4.85611633e-11
 -1.96333160e-10 -5.53322110e-16  9.16356306e-16  3.21187906e-05
 -2.03492841e-06 -1.43391702e-08  8.32246387e-10]
	child 2 = [ 1.00761614e-18 -1.32568091e-12 -2.32584368e-13  4.85611633e-11
 -1.96333160e-10 -5.53322110e-16  9.16356306e-16  3.21187906e-05
 -2.03492841e-06 -1.40809000e-08  8.41788560e-10]


CROSSOVER:


	parent1 = [ 1.01078512e-18 -1.34620837e-12 -2.32566900e-13  4.90029645e-11
 -1.95807487e-10 -5.51107335e-16  9.22360337e-16  3.14898317e-05
 -2.02198104e-06 -1.39284391e-08  8.40159435e-10]
	parent2 = [ 1.00761614e-18 -1.32568091e-12 -2.32584368e-13  4.85611633e-11
 -1.96333160e-10 -5.53322110e-16  9.16356306e-16  3.21187906e-05
 -2.03492841e-06 -1.43391702e-08  8.32246387e-10]
	cutoff index = 7
	child 1 = [ 1.01078512e-18 -1.34620837e-12 -2.32566900e-13  4.90029645e-11
 -1.95807487e-10 -5.51107335e-16  9.22360337e-16  3.21187906e-05
 -2.03492841e-06 -1.43391702e-08  8.32246387e-10]
	child 2 = [ 1.01078512e-18 -1.34620837e-12 -2.32566900e-13  4.90029645e-11
 -1.95807487e-10 -5.51107335e-16  9.22360337e-16  3.14898317e-05
 -2.02198104e-06 -1.39284391e-08  8.40159435e-10]


MUTATION: 

RECEIVED FOR MUTATTION: [[ 1.01078512e-18 -1.34620837e-12 -2.32566900e-13  4.90029645e-11
  -1.95807487e-10 -5.51107335e-16  9.22360337e-16  3.21187906e-05
  -2.03492841e-06 -1.43391702e-08  8.32246387e-10]
 [ 9.93771583e-19 -1.34371523e-12 -2.34059772e-13  4.87759073e-11
  -1.97390970e-10 -5.54742921e-16  9.14484765e-16  3.18514987e-05
  -2.01456278e-06 -1.43638345e-08  8.33096165e-10]
 [ 1.01078512e-18 -1.34620837e-12 -2.32566900e-13  4.84893032e-11
  -1.97025681e-10 -5.50559874e-16  9.18892979e-16  3.13406942e-05
  -2.02872355e-06 -1.41098580e-08  8.40278337e-10]
 [ 1.01078512e-18 -1.34620837e-12 -2.32566900e-13  4.90029645e-11
  -1.95807487e-10 -5.51107335e-16  9.22360337e-16  3.14898317e-05
  -2.02198104e-06 -1.39284391e-08  8.40159435e-10]
 [ 1.01078512e-18 -1.34620837e-12 -2.32566900e-13  4.90029645e-11
  -1.95807487e-10 -5.51107335e-16  9.22360337e-16  3.21187906e-05
  -2.03492841e-06 -1.43391702e-08  8.32246387e-10]
 [ 1.00761614e-18 -1.32568091e-12 -2.32584368e-13  4.85611633e-11
  -1.96333160e-10 -5.53322110e-16  9.16356306e-16  3.21187906e-05
  -2.03492841e-06 -1.40809000e-08  8.41788560e-10]
 [ 1.01078512e-18 -1.34620837e-12 -2.32566900e-13  4.90029645e-11
  -1.95807487e-10 -5.51107335e-16  9.22360337e-16  3.21187906e-05
  -2.03492841e-06 -1.43391702e-08  8.32246387e-10]
 [ 1.01078512e-18 -1.34620837e-12 -2.32566900e-13  4.90029645e-11
  -1.95807487e-10 -5.51107335e-16  9.22360337e-16  3.14898317e-05
  -2.02198104e-06 -1.39284391e-08  8.40159435e-10]]

Mutated feature:[[ 1.01663315e-18 -1.33563734e-12 -2.33050634e-13  4.93046324e-11
  -1.93971819e-10 -5.50345125e-16  9.22360337e-16  3.20071398e-05
  -2.03515932e-06 -1.44023119e-08  8.32246387e-10]
 [ 9.93771583e-19 -1.33759682e-12 -2.33456296e-13  4.84397350e-11
  -1.95855006e-10 -5.52509475e-16  9.16960323e-16  3.20839618e-05
  -2.01456278e-06 -1.43050189e-08  8.40084608e-10]
 [ 1.01822195e-18 -1.33535963e-12 -2.32566900e-13  4.84893032e-11
  -1.97666933e-10 -5.47502125e-16  9.18892979e-16  3.15210771e-05
  -2.01111485e-06 -1.40777232e-08  8.40278337e-10]
 [ 1.01229372e-18 -1.35807088e-12 -2.31831813e-13  4.85474560e-11
  -1.96851998e-10 -5.54424352e-16  9.21944326e-16  3.14898317e-05
  -2.04128557e-06 -1.39544405e-08  8.47766266e-10]
 [ 1.01650887e-18 -1.34190114e-12 -2.32566900e-13  4.86240129e-11
  -1.96073970e-10 -5.55112889e-16  9.16339552e-16  3.20982578e-05
  -2.05255829e-06 -1.42505626e-08  8.25327370e-10]
 [ 1.01501947e-18 -1.31973280e-12 -2.32922480e-13  4.85109679e-11
  -1.96726654e-10 -5.53322110e-16  9.21901334e-16  3.21187906e-05
  -2.04553441e-06 -1.39583649e-08  8.33562389e-10]
 [ 1.01467294e-18 -1.34502958e-12 -2.33630618e-13  4.88588344e-11
  -1.96127723e-10 -5.51107335e-16  9.30014455e-16  3.24017541e-05
  -2.04827925e-06 -1.43699145e-08  8.32435293e-10]
 [ 1.00600012e-18 -1.34620837e-12 -2.31376430e-13  4.91468507e-11
  -1.96212677e-10 -5.55761302e-16  9.20372445e-16  3.14898317e-05
  -2.01724599e-06 -1.39998992e-08  8.48162822e-10]]


sending vector for error: [ 1.01663315e-18 -1.33563734e-12 -2.33050634e-13  4.93046324e-11
 -1.93971819e-10 -5.50345125e-16  9.22360337e-16  3.20071398e-05
 -2.03515932e-06 -1.44023119e-08  8.32246387e-10]
received errors: 566379488932.9395    140150651661.93243

sending vector for error: [ 9.93771583e-19 -1.33759682e-12 -2.33456296e-13  4.84397350e-11
 -1.95855006e-10 -5.52509475e-16  9.16960323e-16  3.20839618e-05
 -2.01456278e-06 -1.43050189e-08  8.40084608e-10]
received errors: 418494838654.4557    169515690027.49246

sending vector for error: [ 1.01822195e-18 -1.33535963e-12 -2.32566900e-13  4.84893032e-11
 -1.97666933e-10 -5.47502125e-16  9.18892979e-16  3.15210771e-05
 -2.01111485e-06 -1.40777232e-08  8.40278337e-10]
received errors: 409469436712.34863    203040719361.5228

sending vector for error: [ 1.01229372e-18 -1.35807088e-12 -2.31831813e-13  4.85474560e-11
 -1.96851998e-10 -5.54424352e-16  9.21944326e-16  3.14898317e-05
 -2.04128557e-06 -1.39544405e-08  8.47766266e-10]
received errors: 438346263877.2731    153555055780.71533

sending vector for error: [ 1.01650887e-18 -1.34190114e-12 -2.32566900e-13  4.86240129e-11
 -1.96073970e-10 -5.55112889e-16  9.16339552e-16  3.20982578e-05
 -2.05255829e-06 -1.42505626e-08  8.25327370e-10]
received errors: 823698424262.0928    393466827034.7001

sending vector for error: [ 1.01501947e-18 -1.31973280e-12 -2.32922480e-13  4.85109679e-11
 -1.96726654e-10 -5.53322110e-16  9.21901334e-16  3.21187906e-05
 -2.04553441e-06 -1.39583649e-08  8.33562389e-10]
received errors: 536569837457.6945    78617055687.63765

sending vector for error: [ 1.01467294e-18 -1.34502958e-12 -2.33630618e-13  4.88588344e-11
 -1.96127723e-10 -5.51107335e-16  9.30014455e-16  3.24017541e-05
 -2.04827925e-06 -1.43699145e-08  8.32435293e-10]
received errors: 626288338529.3552    159517564439.912

sending vector for error: [ 1.00600012e-18 -1.34620837e-12 -2.31376430e-13  4.91468507e-11
 -1.96212677e-10 -5.55761302e-16  9.20372445e-16  3.14898317e-05
 -2.01724599e-06 -1.39998992e-08  8.48162822e-10]
received errors: 453163211430.3524    376263387624.7963


CROSSOVER:


	parent1 = [ 1.01822195e-18 -1.33535963e-12 -2.32566900e-13  4.84893032e-11
 -1.97666933e-10 -5.47502125e-16  9.18892979e-16  3.15210771e-05
 -2.01111485e-06 -1.40777232e-08  8.40278337e-10]
	parent2 = [ 1.01822195e-18 -1.33535963e-12 -2.32566900e-13  4.84893032e-11
 -1.97666933e-10 -5.47502125e-16  9.18892979e-16  3.15210771e-05
 -2.01111485e-06 -1.40777232e-08  8.40278337e-10]
	cutoff index = 3
	child 1 = [ 1.01822195e-18 -1.33535963e-12 -2.32566900e-13  4.84893032e-11
 -1.97666933e-10 -5.47502125e-16  9.18892979e-16  3.15210771e-05
 -2.01111485e-06 -1.40777232e-08  8.40278337e-10]
	child 2 = [ 1.01822195e-18 -1.33535963e-12 -2.32566900e-13  4.84893032e-11
 -1.97666933e-10 -5.47502125e-16  9.18892979e-16  3.15210771e-05
 -2.01111485e-06 -1.40777232e-08  8.40278337e-10]


CROSSOVER:


	parent1 = [ 1.01663315e-18 -1.33563734e-12 -2.33050634e-13  4.93046324e-11
 -1.93971819e-10 -5.50345125e-16  9.22360337e-16  3.20071398e-05
 -2.03515932e-06 -1.44023119e-08  8.32246387e-10]
	parent2 = [ 1.01467294e-18 -1.34502958e-12 -2.33630618e-13  4.88588344e-11
 -1.96127723e-10 -5.51107335e-16  9.30014455e-16  3.24017541e-05
 -2.04827925e-06 -1.43699145e-08  8.32435293e-10]
	cutoff index = 4
	child 1 = [ 1.01663315e-18 -1.33563734e-12 -2.33050634e-13  4.93046324e-11
 -1.96127723e-10 -5.51107335e-16  9.30014455e-16  3.24017541e-05
 -2.04827925e-06 -1.43699145e-08  8.32435293e-10]
	child 2 = [ 1.01663315e-18 -1.33563734e-12 -2.33050634e-13  4.93046324e-11
 -1.93971819e-10 -5.50345125e-16  9.22360337e-16  3.20071398e-05
 -2.03515932e-06 -1.44023119e-08  8.32246387e-10]


CROSSOVER:


	parent1 = [ 1.01822195e-18 -1.33535963e-12 -2.32566900e-13  4.84893032e-11
 -1.97666933e-10 -5.47502125e-16  9.18892979e-16  3.15210771e-05
 -2.01111485e-06 -1.40777232e-08  8.40278337e-10]
	parent2 = [ 1.01663315e-18 -1.33563734e-12 -2.33050634e-13  4.93046324e-11
 -1.96127723e-10 -5.51107335e-16  9.30014455e-16  3.24017541e-05
 -2.04827925e-06 -1.43699145e-08  8.32435293e-10]
	cutoff index = 4
	child 1 = [ 1.01822195e-18 -1.33535963e-12 -2.32566900e-13  4.84893032e-11
 -1.96127723e-10 -5.51107335e-16  9.30014455e-16  3.24017541e-05
 -2.04827925e-06 -1.43699145e-08  8.32435293e-10]
	child 2 = [ 1.01822195e-18 -1.33535963e-12 -2.32566900e-13  4.84893032e-11
 -1.97666933e-10 -5.47502125e-16  9.18892979e-16  3.15210771e-05
 -2.01111485e-06 -1.40777232e-08  8.40278337e-10]


CROSSOVER:


	parent1 = [ 1.01229372e-18 -1.35807088e-12 -2.31831813e-13  4.85474560e-11
 -1.96851998e-10 -5.54424352e-16  9.21944326e-16  3.14898317e-05
 -2.04128557e-06 -1.39544405e-08  8.47766266e-10]
	parent2 = [ 9.93771583e-19 -1.33759682e-12 -2.33456296e-13  4.84397350e-11
 -1.95855006e-10 -5.52509475e-16  9.16960323e-16  3.20839618e-05
 -2.01456278e-06 -1.43050189e-08  8.40084608e-10]
	cutoff index = 2
	child 1 = [ 1.01229372e-18 -1.35807088e-12 -2.33456296e-13  4.84397350e-11
 -1.95855006e-10 -5.52509475e-16  9.16960323e-16  3.20839618e-05
 -2.01456278e-06 -1.43050189e-08  8.40084608e-10]
	child 2 = [ 1.01229372e-18 -1.35807088e-12 -2.31831813e-13  4.85474560e-11
 -1.96851998e-10 -5.54424352e-16  9.21944326e-16  3.14898317e-05
 -2.04128557e-06 -1.39544405e-08  8.47766266e-10]


MUTATION: 

RECEIVED FOR MUTATTION: [[ 1.01822195e-18 -1.33535963e-12 -2.32566900e-13  4.84893032e-11
  -1.97666933e-10 -5.47502125e-16  9.18892979e-16  3.15210771e-05
  -2.01111485e-06 -1.40777232e-08  8.40278337e-10]
 [ 1.01822195e-18 -1.33535963e-12 -2.32566900e-13  4.84893032e-11
  -1.97666933e-10 -5.47502125e-16  9.18892979e-16  3.15210771e-05
  -2.01111485e-06 -1.40777232e-08  8.40278337e-10]
 [ 1.01822195e-18 -1.33535963e-12 -2.32566900e-13  4.84893032e-11
  -1.96127723e-10 -5.51107335e-16  9.30014455e-16  3.24017541e-05
  -2.04827925e-06 -1.43699145e-08  8.32435293e-10]
 [ 1.01663315e-18 -1.33563734e-12 -2.33050634e-13  4.93046324e-11
  -1.93971819e-10 -5.50345125e-16  9.22360337e-16  3.20071398e-05
  -2.03515932e-06 -1.44023119e-08  8.32246387e-10]
 [ 1.01822195e-18 -1.33535963e-12 -2.32566900e-13  4.84893032e-11
  -1.96127723e-10 -5.51107335e-16  9.30014455e-16  3.24017541e-05
  -2.04827925e-06 -1.43699145e-08  8.32435293e-10]
 [ 1.01822195e-18 -1.33535963e-12 -2.32566900e-13  4.84893032e-11
  -1.97666933e-10 -5.47502125e-16  9.18892979e-16  3.15210771e-05
  -2.01111485e-06 -1.40777232e-08  8.40278337e-10]
 [ 1.01229372e-18 -1.35807088e-12 -2.33456296e-13  4.84397350e-11
  -1.95855006e-10 -5.52509475e-16  9.16960323e-16  3.20839618e-05
  -2.01456278e-06 -1.43050189e-08  8.40084608e-10]
 [ 1.01229372e-18 -1.35807088e-12 -2.31831813e-13  4.85474560e-11
  -1.96851998e-10 -5.54424352e-16  9.21944326e-16  3.14898317e-05
  -2.04128557e-06 -1.39544405e-08  8.47766266e-10]]

Mutated feature:[[ 1.01052806e-18 -1.32413196e-12 -2.30953474e-13  4.88487841e-11
  -1.97809655e-10 -5.45450553e-16  9.16420187e-16  3.15210771e-05
  -1.99181063e-06 -1.39855849e-08  8.47590864e-10]
 [ 1.01822195e-18 -1.33535963e-12 -2.32566900e-13  4.80801717e-11
  -1.98640951e-10 -5.45402215e-16  9.14283888e-16  3.16707651e-05
  -2.00620563e-06 -1.40777232e-08  8.36252920e-10]
 [ 1.02505559e-18 -1.34362893e-12 -2.32566900e-13  4.89142144e-11
  -1.97424069e-10 -5.51838072e-16  9.24377842e-16  3.24017541e-05
  -2.04827925e-06 -1.43275229e-08  8.33570790e-10]
 [ 1.01667398e-18 -1.33563734e-12 -2.32050221e-13  4.91293190e-11
  -1.93971819e-10 -5.50345125e-16  9.22360337e-16  3.20071398e-05
  -2.03515932e-06 -1.43534160e-08  8.40218164e-10]
 [ 1.02437191e-18 -1.33940260e-12 -2.32566900e-13  4.84893032e-11
  -1.97414231e-10 -5.56167958e-16  9.35599415e-16  3.25850851e-05
  -2.05768430e-06 -1.42701067e-08  8.32435293e-10]
 [ 1.01399699e-18 -1.34844893e-12 -2.32566900e-13  4.84893032e-11
  -1.97666933e-10 -5.47502125e-16  9.16052933e-16  3.15581597e-05
  -1.99665291e-06 -1.41750612e-08  8.35236673e-10]
 [ 1.01709583e-18 -1.35973512e-12 -2.32840382e-13  4.81181467e-11
  -1.95564836e-10 -5.49033278e-16  9.10956346e-16  3.23220959e-05
  -2.02075722e-06 -1.43050189e-08  8.38888259e-10]
 [ 1.00368224e-18 -1.35807088e-12 -2.31831813e-13  4.86242391e-11
  -1.95226595e-10 -5.49323887e-16  9.28871372e-16  3.16608742e-05
  -2.02673307e-06 -1.40838823e-08  8.50361415e-10]]


sending vector for error: [ 1.01052806e-18 -1.32413196e-12 -2.30953474e-13  4.88487841e-11
 -1.97809655e-10 -5.45450553e-16  9.16420187e-16  3.15210771e-05
 -1.99181063e-06 -1.39855849e-08  8.47590864e-10]
received errors: 586198259583.7852    832277654616.7356

sending vector for error: [ 1.01822195e-18 -1.33535963e-12 -2.32566900e-13  4.80801717e-11
 -1.98640951e-10 -5.45402215e-16  9.14283888e-16  3.16707651e-05
 -2.00620563e-06 -1.40777232e-08  8.36252920e-10]
received errors: 413362327771.3538    188095166690.898

sending vector for error: [ 1.02505559e-18 -1.34362893e-12 -2.32566900e-13  4.89142144e-11
 -1.97424069e-10 -5.51838072e-16  9.24377842e-16  3.24017541e-05
 -2.04827925e-06 -1.43275229e-08  8.33570790e-10]
received errors: 597622414796.0076    128981709953.3717

sending vector for error: [ 1.01667398e-18 -1.33563734e-12 -2.32050221e-13  4.91293190e-11
 -1.93971819e-10 -5.50345125e-16  9.22360337e-16  3.20071398e-05
 -2.03515932e-06 -1.43534160e-08  8.40218164e-10]
received errors: 461200687475.68835    78142057332.3567

sending vector for error: [ 1.02437191e-18 -1.33940260e-12 -2.32566900e-13  4.84893032e-11
 -1.97414231e-10 -5.56167958e-16  9.35599415e-16  3.25850851e-05
 -2.05768430e-06 -1.42701067e-08  8.32435293e-10]
received errors: 664572010853.373    166947271726.53156

sending vector for error: [ 1.01399699e-18 -1.34844893e-12 -2.32566900e-13  4.84893032e-11
 -1.97666933e-10 -5.47502125e-16  9.16052933e-16  3.15581597e-05
 -1.99665291e-06 -1.41750612e-08  8.35236673e-10]
received errors: 390603187918.50964    187178778063.8853

sending vector for error: [ 1.01709583e-18 -1.35973512e-12 -2.32840382e-13  4.81181467e-11
 -1.95564836e-10 -5.49033278e-16  9.10956346e-16  3.23220959e-05
 -2.02075722e-06 -1.43050189e-08  8.38888259e-10]
received errors: 436986543071.1359    140212833209.30994

sending vector for error: [ 1.00368224e-18 -1.35807088e-12 -2.31831813e-13  4.86242391e-11
 -1.95226595e-10 -5.49323887e-16  9.28871372e-16  3.16608742e-05
 -2.02673307e-06 -1.40838823e-08  8.50361415e-10]
received errors: 448315878217.0709    318781672689.60925


CROSSOVER:


	parent1 = [ 1.00368224e-18 -1.35807088e-12 -2.31831813e-13  4.86242391e-11
 -1.95226595e-10 -5.49323887e-16  9.28871372e-16  3.16608742e-05
 -2.02673307e-06 -1.40838823e-08  8.50361415e-10]
	parent2 = [ 1.01667398e-18 -1.33563734e-12 -2.32050221e-13  4.91293190e-11
 -1.93971819e-10 -5.50345125e-16  9.22360337e-16  3.20071398e-05
 -2.03515932e-06 -1.43534160e-08  8.40218164e-10]
	cutoff index = 10
	child 1 = [ 1.00368224e-18 -1.35807088e-12 -2.31831813e-13  4.86242391e-11
 -1.95226595e-10 -5.49323887e-16  9.28871372e-16  3.16608742e-05
 -2.02673307e-06 -1.40838823e-08  8.40218164e-10]
	child 2 = [ 1.00368224e-18 -1.35807088e-12 -2.31831813e-13  4.86242391e-11
 -1.95226595e-10 -5.49323887e-16  9.28871372e-16  3.16608742e-05
 -2.02673307e-06 -1.40838823e-08  8.50361415e-10]


CROSSOVER:


	parent1 = [ 1.01822195e-18 -1.33535963e-12 -2.32566900e-13  4.80801717e-11
 -1.98640951e-10 -5.45402215e-16  9.14283888e-16  3.16707651e-05
 -2.00620563e-06 -1.40777232e-08  8.36252920e-10]
	parent2 = [ 1.01822195e-18 -1.33535963e-12 -2.32566900e-13  4.80801717e-11
 -1.98640951e-10 -5.45402215e-16  9.14283888e-16  3.16707651e-05
 -2.00620563e-06 -1.40777232e-08  8.36252920e-10]
	cutoff index = 6
	child 1 = [ 1.01822195e-18 -1.33535963e-12 -2.32566900e-13  4.80801717e-11
 -1.98640951e-10 -5.45402215e-16  9.14283888e-16  3.16707651e-05
 -2.00620563e-06 -1.40777232e-08  8.36252920e-10]
	child 2 = [ 1.01822195e-18 -1.33535963e-12 -2.32566900e-13  4.80801717e-11
 -1.98640951e-10 -5.45402215e-16  9.14283888e-16  3.16707651e-05
 -2.00620563e-06 -1.40777232e-08  8.36252920e-10]


CROSSOVER:


	parent1 = [ 1.00368224e-18 -1.35807088e-12 -2.31831813e-13  4.86242391e-11
 -1.95226595e-10 -5.49323887e-16  9.28871372e-16  3.16608742e-05
 -2.02673307e-06 -1.40838823e-08  8.40218164e-10]
	parent2 = [ 1.01399699e-18 -1.34844893e-12 -2.32566900e-13  4.84893032e-11
 -1.97666933e-10 -5.47502125e-16  9.16052933e-16  3.15581597e-05
 -1.99665291e-06 -1.41750612e-08  8.35236673e-10]
	cutoff index = 0
	child 1 = [ 1.01399699e-18 -1.34844893e-12 -2.32566900e-13  4.84893032e-11
 -1.97666933e-10 -5.47502125e-16  9.16052933e-16  3.15581597e-05
 -1.99665291e-06 -1.41750612e-08  8.35236673e-10]
	child 2 = [ 1.00368224e-18 -1.35807088e-12 -2.31831813e-13  4.86242391e-11
 -1.95226595e-10 -5.49323887e-16  9.28871372e-16  3.16608742e-05
 -2.02673307e-06 -1.40838823e-08  8.40218164e-10]


CROSSOVER:


	parent1 = [ 1.00368224e-18 -1.35807088e-12 -2.31831813e-13  4.86242391e-11
 -1.95226595e-10 -5.49323887e-16  9.28871372e-16  3.16608742e-05
 -2.02673307e-06 -1.40838823e-08  8.40218164e-10]
	parent2 = [ 1.00368224e-18 -1.35807088e-12 -2.31831813e-13  4.86242391e-11
 -1.95226595e-10 -5.49323887e-16  9.28871372e-16  3.16608742e-05
 -2.02673307e-06 -1.40838823e-08  8.50361415e-10]
	cutoff index = 9
	child 1 = [ 1.00368224e-18 -1.35807088e-12 -2.31831813e-13  4.86242391e-11
 -1.95226595e-10 -5.49323887e-16  9.28871372e-16  3.16608742e-05
 -2.02673307e-06 -1.40838823e-08  8.50361415e-10]
	child 2 = [ 1.00368224e-18 -1.35807088e-12 -2.31831813e-13  4.86242391e-11
 -1.95226595e-10 -5.49323887e-16  9.28871372e-16  3.16608742e-05
 -2.02673307e-06 -1.40838823e-08  8.40218164e-10]


MUTATION: 

RECEIVED FOR MUTATTION: [[ 1.00368224e-18 -1.35807088e-12 -2.31831813e-13  4.86242391e-11
  -1.95226595e-10 -5.49323887e-16  9.28871372e-16  3.16608742e-05
  -2.02673307e-06 -1.40838823e-08  8.40218164e-10]
 [ 1.00368224e-18 -1.35807088e-12 -2.31831813e-13  4.86242391e-11
  -1.95226595e-10 -5.49323887e-16  9.28871372e-16  3.16608742e-05
  -2.02673307e-06 -1.40838823e-08  8.50361415e-10]
 [ 1.01822195e-18 -1.33535963e-12 -2.32566900e-13  4.80801717e-11
  -1.98640951e-10 -5.45402215e-16  9.14283888e-16  3.16707651e-05
  -2.00620563e-06 -1.40777232e-08  8.36252920e-10]
 [ 1.01822195e-18 -1.33535963e-12 -2.32566900e-13  4.80801717e-11
  -1.98640951e-10 -5.45402215e-16  9.14283888e-16  3.16707651e-05
  -2.00620563e-06 -1.40777232e-08  8.36252920e-10]
 [ 1.01399699e-18 -1.34844893e-12 -2.32566900e-13  4.84893032e-11
  -1.97666933e-10 -5.47502125e-16  9.16052933e-16  3.15581597e-05
  -1.99665291e-06 -1.41750612e-08  8.35236673e-10]
 [ 1.00368224e-18 -1.35807088e-12 -2.31831813e-13  4.86242391e-11
  -1.95226595e-10 -5.49323887e-16  9.28871372e-16  3.16608742e-05
  -2.02673307e-06 -1.40838823e-08  8.40218164e-10]
 [ 1.00368224e-18 -1.35807088e-12 -2.31831813e-13  4.86242391e-11
  -1.95226595e-10 -5.49323887e-16  9.28871372e-16  3.16608742e-05
  -2.02673307e-06 -1.40838823e-08  8.50361415e-10]
 [ 1.00368224e-18 -1.35807088e-12 -2.31831813e-13  4.86242391e-11
  -1.95226595e-10 -5.49323887e-16  9.28871372e-16  3.16608742e-05
  -2.02673307e-06 -1.40838823e-08  8.40218164e-10]]

Mutated feature:[[ 1.00368224e-18 -1.34514140e-12 -2.33792823e-13  4.84399940e-11
  -1.93648780e-10 -5.46621734e-16  9.27541016e-16  3.16608742e-05
  -2.03202320e-06 -1.41350126e-08  8.39353043e-10]
 [ 1.01076663e-18 -1.36476775e-12 -2.32651560e-13  4.86242391e-11
  -1.93940546e-10 -5.50423042e-16  9.34185672e-16  3.16608742e-05
  -2.02168416e-06 -1.41243497e-08  8.44615247e-10]
 [ 1.02738614e-18 -1.32386050e-12 -2.32566900e-13  4.78525438e-11
  -1.98897470e-10 -5.45402215e-16  9.15150412e-16  3.15317536e-05
  -2.00620563e-06 -1.40777232e-08  8.36252920e-10]
 [ 1.01053781e-18 -1.34149994e-12 -2.33419660e-13  4.78161420e-11
  -1.97390528e-10 -5.44055345e-16  9.14283888e-16  3.15425295e-05
  -2.01410524e-06 -1.40451754e-08  8.39953424e-10]
 [ 1.01667732e-18 -1.35838161e-12 -2.34453893e-13  4.84893032e-11
  -1.97666933e-10 -5.49873441e-16  9.10046937e-16  3.15538538e-05
  -1.98709226e-06 -1.40600858e-08  8.43180769e-10]
 [ 1.01364433e-18 -1.36854763e-12 -2.31831813e-13  4.86242391e-11
  -1.95058947e-10 -5.45626247e-16  9.37655998e-16  3.15944740e-05
  -2.01419619e-06 -1.40186654e-08  8.42170326e-10]
 [ 1.01056309e-18 -1.35437835e-12 -2.31541803e-13  4.84818841e-11
  -1.94552454e-10 -5.46316356e-16  9.36616577e-16  3.19716646e-05
  -2.03460000e-06 -1.41367079e-08  8.44980974e-10]
 [ 1.00368224e-18 -1.34961289e-12 -2.32106268e-13  4.89269549e-11
  -1.94820829e-10 -5.50312619e-16  9.23966467e-16  3.16608742e-05
  -2.04153304e-06 -1.41912865e-08  8.43118312e-10]]


sending vector for error: [ 1.00368224e-18 -1.34514140e-12 -2.33792823e-13  4.84399940e-11
 -1.93648780e-10 -5.46621734e-16  9.27541016e-16  3.16608742e-05
 -2.03202320e-06 -1.41350126e-08  8.39353043e-10]
received errors: 446257964315.9655    85222341269.49564

sending vector for error: [ 1.01076663e-18 -1.36476775e-12 -2.32651560e-13  4.86242391e-11
 -1.93940546e-10 -5.50423042e-16  9.34185672e-16  3.16608742e-05
 -2.02168416e-06 -1.41243497e-08  8.44615247e-10]
received errors: 420300516060.71454    206031267532.82376

sending vector for error: [ 1.02738614e-18 -1.32386050e-12 -2.32566900e-13  4.78525438e-11
 -1.98897470e-10 -5.45402215e-16  9.15150412e-16  3.15317536e-05
 -2.00620563e-06 -1.40777232e-08  8.36252920e-10]
received errors: 403768053056.47723    166096121381.82852

sending vector for error: [ 1.01053781e-18 -1.34149994e-12 -2.33419660e-13  4.78161420e-11
 -1.97390528e-10 -5.44055345e-16  9.14283888e-16  3.15425295e-05
 -2.01410524e-06 -1.40451754e-08  8.39953424e-10]
received errors: 415006764693.55206    189904388389.99045

sending vector for error: [ 1.01667732e-18 -1.35838161e-12 -2.34453893e-13  4.84893032e-11
 -1.97666933e-10 -5.49873441e-16  9.10046937e-16  3.15538538e-05
 -1.98709226e-06 -1.40600858e-08  8.43180769e-10]
received errors: 514778307546.4891    651563043472.3842

sending vector for error: [ 1.01364433e-18 -1.36854763e-12 -2.31831813e-13  4.86242391e-11
 -1.95058947e-10 -5.45626247e-16  9.37655998e-16  3.15944740e-05
 -2.01419619e-06 -1.40186654e-08  8.42170326e-10]
received errors: 430790296967.6057    260756860968.9026

sending vector for error: [ 1.01056309e-18 -1.35437835e-12 -2.31541803e-13  4.84818841e-11
 -1.94552454e-10 -5.46316356e-16  9.36616577e-16  3.19716646e-05
 -2.03460000e-06 -1.41367079e-08  8.44980974e-10]
received errors: 443948320210.2163    158232054969.41312

sending vector for error: [ 1.00368224e-18 -1.34961289e-12 -2.32106268e-13  4.89269549e-11
 -1.94820829e-10 -5.50312619e-16  9.23966467e-16  3.16608742e-05
 -2.04153304e-06 -1.41912865e-08  8.43118312e-10]
received errors: 458029442478.36194    85223746174.43521


CROSSOVER:


	parent1 = [ 1.00368224e-18 -1.34514140e-12 -2.33792823e-13  4.84399940e-11
 -1.93648780e-10 -5.46621734e-16  9.27541016e-16  3.16608742e-05
 -2.03202320e-06 -1.41350126e-08  8.39353043e-10]
	parent2 = [ 1.01053781e-18 -1.34149994e-12 -2.33419660e-13  4.78161420e-11
 -1.97390528e-10 -5.44055345e-16  9.14283888e-16  3.15425295e-05
 -2.01410524e-06 -1.40451754e-08  8.39953424e-10]
	cutoff index = 0
	child 1 = [ 1.01053781e-18 -1.34149994e-12 -2.33419660e-13  4.78161420e-11
 -1.97390528e-10 -5.44055345e-16  9.14283888e-16  3.15425295e-05
 -2.01410524e-06 -1.40451754e-08  8.39953424e-10]
	child 2 = [ 1.00368224e-18 -1.34514140e-12 -2.33792823e-13  4.84399940e-11
 -1.93648780e-10 -5.46621734e-16  9.27541016e-16  3.16608742e-05
 -2.03202320e-06 -1.41350126e-08  8.39353043e-10]


CROSSOVER:


	parent1 = [ 1.01364433e-18 -1.36854763e-12 -2.31831813e-13  4.86242391e-11
 -1.95058947e-10 -5.45626247e-16  9.37655998e-16  3.15944740e-05
 -2.01419619e-06 -1.40186654e-08  8.42170326e-10]
	parent2 = [ 1.00368224e-18 -1.34514140e-12 -2.33792823e-13  4.84399940e-11
 -1.93648780e-10 -5.46621734e-16  9.27541016e-16  3.16608742e-05
 -2.03202320e-06 -1.41350126e-08  8.39353043e-10]
	cutoff index = 9
	child 1 = [ 1.01364433e-18 -1.36854763e-12 -2.31831813e-13  4.86242391e-11
 -1.95058947e-10 -5.45626247e-16  9.37655998e-16  3.15944740e-05
 -2.01419619e-06 -1.41350126e-08  8.39353043e-10]
	child 2 = [ 1.01364433e-18 -1.36854763e-12 -2.31831813e-13  4.86242391e-11
 -1.95058947e-10 -5.45626247e-16  9.37655998e-16  3.15944740e-05
 -2.01419619e-06 -1.40186654e-08  8.42170326e-10]


CROSSOVER:


	parent1 = [ 1.01053781e-18 -1.34149994e-12 -2.33419660e-13  4.78161420e-11
 -1.97390528e-10 -5.44055345e-16  9.14283888e-16  3.15425295e-05
 -2.01410524e-06 -1.40451754e-08  8.39953424e-10]
	parent2 = [ 1.01364433e-18 -1.36854763e-12 -2.31831813e-13  4.86242391e-11
 -1.95058947e-10 -5.45626247e-16  9.37655998e-16  3.15944740e-05
 -2.01419619e-06 -1.41350126e-08  8.39353043e-10]
	cutoff index = 8
	child 1 = [ 1.01053781e-18 -1.34149994e-12 -2.33419660e-13  4.78161420e-11
 -1.97390528e-10 -5.44055345e-16  9.14283888e-16  3.15425295e-05
 -2.01419619e-06 -1.41350126e-08  8.39353043e-10]
	child 2 = [ 1.01053781e-18 -1.34149994e-12 -2.33419660e-13  4.78161420e-11
 -1.97390528e-10 -5.44055345e-16  9.14283888e-16  3.15425295e-05
 -2.01410524e-06 -1.40451754e-08  8.39953424e-10]


CROSSOVER:


	parent1 = [ 1.02738614e-18 -1.32386050e-12 -2.32566900e-13  4.78525438e-11
 -1.98897470e-10 -5.45402215e-16  9.15150412e-16  3.15317536e-05
 -2.00620563e-06 -1.40777232e-08  8.36252920e-10]
	parent2 = [ 1.01056309e-18 -1.35437835e-12 -2.31541803e-13  4.84818841e-11
 -1.94552454e-10 -5.46316356e-16  9.36616577e-16  3.19716646e-05
 -2.03460000e-06 -1.41367079e-08  8.44980974e-10]
	cutoff index = 10
	child 1 = [ 1.02738614e-18 -1.32386050e-12 -2.32566900e-13  4.78525438e-11
 -1.98897470e-10 -5.45402215e-16  9.15150412e-16  3.15317536e-05
 -2.00620563e-06 -1.40777232e-08  8.44980974e-10]
	child 2 = [ 1.02738614e-18 -1.32386050e-12 -2.32566900e-13  4.78525438e-11
 -1.98897470e-10 -5.45402215e-16  9.15150412e-16  3.15317536e-05
 -2.00620563e-06 -1.40777232e-08  8.36252920e-10]


MUTATION: 

RECEIVED FOR MUTATTION: [[ 1.01053781e-18 -1.34149994e-12 -2.33419660e-13  4.78161420e-11
  -1.97390528e-10 -5.44055345e-16  9.14283888e-16  3.15425295e-05
  -2.01410524e-06 -1.40451754e-08  8.39953424e-10]
 [ 1.01053781e-18 -1.34149994e-12 -2.33419660e-13  4.78161420e-11
  -1.97390528e-10 -5.44055345e-16  9.14283888e-16  3.15425295e-05
  -2.01419619e-06 -1.41350126e-08  8.39353043e-10]
 [ 1.01053781e-18 -1.34149994e-12 -2.33419660e-13  4.78161420e-11
  -1.97390528e-10 -5.44055345e-16  9.14283888e-16  3.15425295e-05
  -2.01419619e-06 -1.41350126e-08  8.39353043e-10]
 [ 1.01364433e-18 -1.36854763e-12 -2.31831813e-13  4.86242391e-11
  -1.95058947e-10 -5.45626247e-16  9.37655998e-16  3.15944740e-05
  -2.01419619e-06 -1.40186654e-08  8.42170326e-10]
 [ 1.01053781e-18 -1.34149994e-12 -2.33419660e-13  4.78161420e-11
  -1.97390528e-10 -5.44055345e-16  9.14283888e-16  3.15425295e-05
  -2.01419619e-06 -1.41350126e-08  8.39353043e-10]
 [ 1.01053781e-18 -1.34149994e-12 -2.33419660e-13  4.78161420e-11
  -1.97390528e-10 -5.44055345e-16  9.14283888e-16  3.15425295e-05
  -2.01410524e-06 -1.40451754e-08  8.39953424e-10]
 [ 1.02738614e-18 -1.32386050e-12 -2.32566900e-13  4.78525438e-11
  -1.98897470e-10 -5.45402215e-16  9.15150412e-16  3.15317536e-05
  -2.00620563e-06 -1.40777232e-08  8.44980974e-10]
 [ 1.02738614e-18 -1.32386050e-12 -2.32566900e-13  4.78525438e-11
  -1.98897470e-10 -5.45402215e-16  9.15150412e-16  3.15317536e-05
  -2.00620563e-06 -1.40777232e-08  8.36252920e-10]]

Mutated feature:[[ 1.01053781e-18 -1.33937305e-12 -2.32836859e-13  4.77022278e-11
  -1.96336197e-10 -5.46524938e-16  9.21040688e-16  3.13428707e-05
  -2.02315100e-06 -1.40821773e-08  8.43668146e-10]
 [ 1.00985301e-18 -1.33286746e-12 -2.34616885e-13  4.80604549e-11
  -1.99141346e-10 -5.47908521e-16  9.06816488e-16  3.17050258e-05
  -2.01419619e-06 -1.41766828e-08  8.35356504e-10]
 [ 1.01058583e-18 -1.35168144e-12 -2.33713691e-13  4.75239043e-11
  -1.99334486e-10 -5.44055345e-16  9.17335960e-16  3.12998601e-05
  -2.02353552e-06 -1.40311496e-08  8.35584957e-10]
 [ 1.01345932e-18 -1.35826005e-12 -2.31503071e-13  4.86242391e-11
  -1.95058947e-10 -5.45626247e-16  9.34671036e-16  3.17076713e-05
  -2.01224564e-06 -1.40669755e-08  8.34630332e-10]
 [ 1.00610707e-18 -1.35424215e-12 -2.32672651e-13  4.78161420e-11
  -1.98041977e-10 -5.40598319e-16  9.17443000e-16  3.12425395e-05
  -2.01291767e-06 -1.41790825e-08  8.47321473e-10]
 [ 1.00887463e-18 -1.33163273e-12 -2.33204767e-13  4.82847412e-11
  -1.97390528e-10 -5.40607175e-16  9.17022610e-16  3.15425295e-05
  -2.00189282e-06 -1.41791938e-08  8.44215200e-10]
 [ 1.02500414e-18 -1.32399620e-12 -2.32370386e-13  4.79690931e-11
  -1.97798915e-10 -5.48519692e-16  9.06734383e-16  3.15951873e-05
  -2.00893760e-06 -1.40308830e-08  8.39086009e-10]
 [ 1.02825098e-18 -1.33214696e-12 -2.31002828e-13  4.82731995e-11
  -1.98194672e-10 -5.44221610e-16  9.17601591e-16  3.15317536e-05
  -1.98971518e-06 -1.41348361e-08  8.34611213e-10]]


sending vector for error: [ 1.01053781e-18 -1.33937305e-12 -2.32836859e-13  4.77022278e-11
 -1.96336197e-10 -5.46524938e-16  9.21040688e-16  3.13428707e-05
 -2.02315100e-06 -1.40821773e-08  8.43668146e-10]
received errors: 404598072725.42255    147891234061.9169

sending vector for error: [ 1.00985301e-18 -1.33286746e-12 -2.34616885e-13  4.80604549e-11
 -1.99141346e-10 -5.47908521e-16  9.06816488e-16  3.17050258e-05
 -2.01419619e-06 -1.41766828e-08  8.35356504e-10]
received errors: 416056064166.6023    99560385002.78061

sending vector for error: [ 1.01058583e-18 -1.35168144e-12 -2.33713691e-13  4.75239043e-11
 -1.99334486e-10 -5.44055345e-16  9.17335960e-16  3.12998601e-05
 -2.02353552e-06 -1.40311496e-08  8.35584957e-10]
received errors: 437238324351.41785    82334643548.73611

sending vector for error: [ 1.01345932e-18 -1.35826005e-12 -2.31503071e-13  4.86242391e-11
 -1.95058947e-10 -5.45626247e-16  9.34671036e-16  3.17076713e-05
 -2.01224564e-06 -1.40669755e-08  8.34630332e-10]
received errors: 419930436467.9437    127003913815.4166

sending vector for error: [ 1.00610707e-18 -1.35424215e-12 -2.32672651e-13  4.78161420e-11
 -1.98041977e-10 -5.40598319e-16  9.17443000e-16  3.12425395e-05
 -2.01291767e-06 -1.41790825e-08  8.47321473e-10]
received errors: 393253186235.9477    250281907655.82404

sending vector for error: [ 1.00887463e-18 -1.33163273e-12 -2.33204767e-13  4.82847412e-11
 -1.97390528e-10 -5.40607175e-16  9.17022610e-16  3.15425295e-05
 -2.00189282e-06 -1.41791938e-08  8.44215200e-10]
received errors: 427586693198.58746    362360004607.95325

sending vector for error: [ 1.02500414e-18 -1.32399620e-12 -2.32370386e-13  4.79690931e-11
 -1.97798915e-10 -5.48519692e-16  9.06734383e-16  3.15951873e-05
 -2.00893760e-06 -1.40308830e-08  8.39086009e-10]
received errors: 420572830031.69946    231046332463.51596

sending vector for error: [ 1.02825098e-18 -1.33214696e-12 -2.31002828e-13  4.82731995e-11
 -1.98194672e-10 -5.44221610e-16  9.17601591e-16  3.15317536e-05
 -1.98971518e-06 -1.41348361e-08  8.34611213e-10]
received errors: 398526496080.24316    253977934828.76767


CROSSOVER:


	parent1 = [ 1.01058583e-18 -1.35168144e-12 -2.33713691e-13  4.75239043e-11
 -1.99334486e-10 -5.44055345e-16  9.17335960e-16  3.12998601e-05
 -2.02353552e-06 -1.40311496e-08  8.35584957e-10]
	parent2 = [ 1.01345932e-18 -1.35826005e-12 -2.31503071e-13  4.86242391e-11
 -1.95058947e-10 -5.45626247e-16  9.34671036e-16  3.17076713e-05
 -2.01224564e-06 -1.40669755e-08  8.34630332e-10]
	cutoff index = 9
	child 1 = [ 1.01058583e-18 -1.35168144e-12 -2.33713691e-13  4.75239043e-11
 -1.99334486e-10 -5.44055345e-16  9.17335960e-16  3.12998601e-05
 -2.02353552e-06 -1.40669755e-08  8.34630332e-10]
	child 2 = [ 1.01058583e-18 -1.35168144e-12 -2.33713691e-13  4.75239043e-11
 -1.99334486e-10 -5.44055345e-16  9.17335960e-16  3.12998601e-05
 -2.02353552e-06 -1.40311496e-08  8.35584957e-10]


CROSSOVER:


	parent1 = [ 1.02825098e-18 -1.33214696e-12 -2.31002828e-13  4.82731995e-11
 -1.98194672e-10 -5.44221610e-16  9.17601591e-16  3.15317536e-05
 -1.98971518e-06 -1.41348361e-08  8.34611213e-10]
	parent2 = [ 1.00985301e-18 -1.33286746e-12 -2.34616885e-13  4.80604549e-11
 -1.99141346e-10 -5.47908521e-16  9.06816488e-16  3.17050258e-05
 -2.01419619e-06 -1.41766828e-08  8.35356504e-10]
	cutoff index = 5
	child 1 = [ 1.02825098e-18 -1.33214696e-12 -2.31002828e-13  4.82731995e-11
 -1.98194672e-10 -5.47908521e-16  9.06816488e-16  3.17050258e-05
 -2.01419619e-06 -1.41766828e-08  8.35356504e-10]
	child 2 = [ 1.02825098e-18 -1.33214696e-12 -2.31002828e-13  4.82731995e-11
 -1.98194672e-10 -5.44221610e-16  9.17601591e-16  3.15317536e-05
 -1.98971518e-06 -1.41348361e-08  8.34611213e-10]


CROSSOVER:


	parent1 = [ 1.00610707e-18 -1.35424215e-12 -2.32672651e-13  4.78161420e-11
 -1.98041977e-10 -5.40598319e-16  9.17443000e-16  3.12425395e-05
 -2.01291767e-06 -1.41790825e-08  8.47321473e-10]
	parent2 = [ 1.02825098e-18 -1.33214696e-12 -2.31002828e-13  4.82731995e-11
 -1.98194672e-10 -5.47908521e-16  9.06816488e-16  3.17050258e-05
 -2.01419619e-06 -1.41766828e-08  8.35356504e-10]
	cutoff index = 10
	child 1 = [ 1.00610707e-18 -1.35424215e-12 -2.32672651e-13  4.78161420e-11
 -1.98041977e-10 -5.40598319e-16  9.17443000e-16  3.12425395e-05
 -2.01291767e-06 -1.41790825e-08  8.35356504e-10]
	child 2 = [ 1.00610707e-18 -1.35424215e-12 -2.32672651e-13  4.78161420e-11
 -1.98041977e-10 -5.40598319e-16  9.17443000e-16  3.12425395e-05
 -2.01291767e-06 -1.41790825e-08  8.47321473e-10]


CROSSOVER:


	parent1 = [ 1.02500414e-18 -1.32399620e-12 -2.32370386e-13  4.79690931e-11
 -1.97798915e-10 -5.48519692e-16  9.06734383e-16  3.15951873e-05
 -2.00893760e-06 -1.40308830e-08  8.39086009e-10]
	parent2 = [ 1.01058583e-18 -1.35168144e-12 -2.33713691e-13  4.75239043e-11
 -1.99334486e-10 -5.44055345e-16  9.17335960e-16  3.12998601e-05
 -2.02353552e-06 -1.40669755e-08  8.34630332e-10]
	cutoff index = 3
	child 1 = [ 1.02500414e-18 -1.32399620e-12 -2.32370386e-13  4.75239043e-11
 -1.99334486e-10 -5.44055345e-16  9.17335960e-16  3.12998601e-05
 -2.02353552e-06 -1.40669755e-08  8.34630332e-10]
	child 2 = [ 1.02500414e-18 -1.32399620e-12 -2.32370386e-13  4.79690931e-11
 -1.97798915e-10 -5.48519692e-16  9.06734383e-16  3.15951873e-05
 -2.00893760e-06 -1.40308830e-08  8.39086009e-10]


MUTATION: 

RECEIVED FOR MUTATTION: [[ 1.02500414e-18 -1.32399620e-12 -2.32370386e-13  4.75239043e-11
  -1.99334486e-10 -5.44055345e-16  9.17335960e-16  3.12998601e-05
  -2.02353552e-06 -1.40669755e-08  8.34630332e-10]
 [ 1.01058583e-18 -1.35168144e-12 -2.33713691e-13  4.75239043e-11
  -1.99334486e-10 -5.44055345e-16  9.17335960e-16  3.12998601e-05
  -2.02353552e-06 -1.40311496e-08  8.35584957e-10]
 [ 1.00610707e-18 -1.35424215e-12 -2.32672651e-13  4.78161420e-11
  -1.98041977e-10 -5.40598319e-16  9.17443000e-16  3.12425395e-05
  -2.01291767e-06 -1.41790825e-08  8.35356504e-10]
 [ 1.02825098e-18 -1.33214696e-12 -2.31002828e-13  4.82731995e-11
  -1.98194672e-10 -5.44221610e-16  9.17601591e-16  3.15317536e-05
  -1.98971518e-06 -1.41348361e-08  8.34611213e-10]
 [ 1.00610707e-18 -1.35424215e-12 -2.32672651e-13  4.78161420e-11
  -1.98041977e-10 -5.40598319e-16  9.17443000e-16  3.12425395e-05
  -2.01291767e-06 -1.41790825e-08  8.35356504e-10]
 [ 1.00610707e-18 -1.35424215e-12 -2.32672651e-13  4.78161420e-11
  -1.98041977e-10 -5.40598319e-16  9.17443000e-16  3.12425395e-05
  -2.01291767e-06 -1.41790825e-08  8.47321473e-10]
 [ 1.02500414e-18 -1.32399620e-12 -2.32370386e-13  4.75239043e-11
  -1.99334486e-10 -5.44055345e-16  9.17335960e-16  3.12998601e-05
  -2.02353552e-06 -1.40669755e-08  8.34630332e-10]
 [ 1.02500414e-18 -1.32399620e-12 -2.32370386e-13  4.79690931e-11
  -1.97798915e-10 -5.48519692e-16  9.06734383e-16  3.15951873e-05
  -2.00893760e-06 -1.40308830e-08  8.39086009e-10]]

Mutated feature:[[ 1.01854823e-18 -1.32209509e-12 -2.31332382e-13  4.77528109e-11
  -2.00759887e-10 -5.43667685e-16  9.13114735e-16  3.15600414e-05
  -2.00732568e-06 -1.40772196e-08  8.40434935e-10]
 [ 1.02021068e-18 -1.34659616e-12 -2.35968475e-13  4.75485004e-11
  -1.99334486e-10 -5.41596722e-16  9.22439047e-16  3.12749211e-05
  -2.03658429e-06 -1.39304957e-08  8.38495770e-10]
 [ 1.01590469e-18 -1.35109721e-12 -2.32672651e-13  4.80672679e-11
  -1.97598852e-10 -5.37006531e-16  9.12887892e-16  3.14472567e-05
  -1.99348602e-06 -1.41113024e-08  8.41384234e-10]
 [ 1.02897916e-18 -1.34298867e-12 -2.31002828e-13  4.79054242e-11
  -1.97648968e-10 -5.46668878e-16  9.23765297e-16  3.15317536e-05
  -2.00223987e-06 -1.41348361e-08  8.34611213e-10]
 [ 1.00610707e-18 -1.34668006e-12 -2.32325665e-13  4.81651527e-11
  -1.99534817e-10 -5.38991042e-16  9.21251946e-16  3.11368144e-05
  -2.00727368e-06 -1.41790825e-08  8.37548442e-10]
 [ 1.00610707e-18 -1.35527926e-12 -2.33763885e-13  4.73602109e-11
  -1.96787775e-10 -5.40103652e-16  9.24692125e-16  3.11297158e-05
  -2.02134155e-06 -1.41434937e-08  8.49724208e-10]
 [ 1.01491664e-18 -1.32399620e-12 -2.34532029e-13  4.75239043e-11
  -1.97830118e-10 -5.44055345e-16  9.24529258e-16  3.13599021e-05
  -2.03322296e-06 -1.40110540e-08  8.31032264e-10]
 [ 1.03376885e-18 -1.32374200e-12 -2.32215522e-13  4.76447176e-11
  -1.97946174e-10 -5.51316814e-16  9.06734383e-16  3.15951873e-05
  -1.99072857e-06 -1.39245913e-08  8.42007956e-10]]

best fit vector:
[1.0074600250919618e-18, -1.3356686542033513e-12, -2.332537633339572e-13, 4.895474191480991e-11, -1.968755326420303e-10, -5.533221103232252e-16, 9.26030325039114e-16, 3.180726311732582e-05, -2.024924340086219e-06, -1.4339170249223965e-08, 8.381209643675149e-10]
error:    4.071981e+11    8.658479e+10