

MUTATION: 

RECEIVED FOR MUTATTION: [[ 9.92022822e-19 -1.36420271e-12 -2.30063645e-13  5.01119280e-11
  -1.91404522e-10 -5.70246354e-16  9.24384552e-16  3.19965380e-05
  -2.09858173e-06 -1.38530938e-08  8.63516089e-10]
 [ 9.92022822e-19 -1.36420271e-12 -2.30063645e-13  5.01119280e-11
  -1.91404522e-10 -5.70246354e-16  9.24384552e-16  3.19965380e-05
  -2.09858173e-06 -1.38530938e-08  8.63516089e-10]
 [ 9.92022822e-19 -1.36420271e-12 -2.30063645e-13  5.01119280e-11
  -1.91404522e-10 -5.70246354e-16  9.24384552e-16  3.19965380e-05
  -2.09858173e-06 -1.38530938e-08  8.63516089e-10]
 [ 9.92022822e-19 -1.36420271e-12 -2.30063645e-13  5.01119280e-11
  -1.91404522e-10 -5.70246354e-16  9.24384552e-16  3.19965380e-05
  -2.09858173e-06 -1.38530938e-08  8.63516089e-10]
 [ 9.92022822e-19 -1.36420271e-12 -2.30063645e-13  5.01119280e-11
  -1.91404522e-10 -5.70246354e-16  9.24384552e-16  3.19965380e-05
  -2.09858173e-06 -1.38530938e-08  8.63516089e-10]
 [ 9.92022822e-19 -1.36420271e-12 -2.30063645e-13  5.01119280e-11
  -1.91404522e-10 -5.70246354e-16  9.24384552e-16  3.19965380e-05
  -2.09858173e-06 -1.38530938e-08  8.63516089e-10]
 [ 9.92022822e-19 -1.36420271e-12 -2.30063645e-13  5.01119280e-11
  -1.91404522e-10 -5.70246354e-16  9.24384552e-16  3.19965380e-05
  -2.09858173e-06 -1.38530938e-08  8.63516089e-10]
 [ 9.92022822e-19 -1.36420271e-12 -2.30063645e-13  5.01119280e-11
  -1.91404522e-10 -5.70246354e-16  9.24384552e-16  3.19965380e-05
  -2.09858173e-06 -1.38530938e-08  8.63516089e-10]]

Mutated feature:[[ 9.91692244e-19 -1.36401346e-12 -2.30063645e-13  5.00800524e-11
  -1.91500014e-10 -5.70523568e-16  9.23799155e-16  3.19756416e-05
  -2.09808294e-06 -1.38555097e-08  8.62724952e-10]
 [ 9.92894288e-19 -1.36420271e-12 -2.30131158e-13  5.01217306e-11
  -1.91383684e-10 -5.70026118e-16  9.24820971e-16  3.19916284e-05
  -2.09796914e-06 -1.38456411e-08  8.63884123e-10]
 [ 9.92431368e-19 -1.36491475e-12 -2.30063645e-13  5.01201335e-11
  -1.91313653e-10 -5.70021696e-16  9.23676772e-16  3.19965380e-05
  -2.09670732e-06 -1.38631177e-08  8.62727127e-10]
 [ 9.91271689e-19 -1.36478117e-12 -2.29884835e-13  5.00766041e-11
  -1.91404522e-10 -5.70533788e-16  9.23823280e-16  3.20062010e-05
  -2.09894068e-06 -1.38426240e-08  8.63653875e-10]
 [ 9.91644007e-19 -1.36436501e-12 -2.29964851e-13  5.00634491e-11
  -1.91330366e-10 -5.70246354e-16  9.23960542e-16  3.19965380e-05
  -2.09665741e-06 -1.38530938e-08  8.63182490e-10]
 [ 9.92540640e-19 -1.36464691e-12 -2.30269308e-13  5.01119280e-11
  -1.91228054e-10 -5.70717205e-16  9.24898845e-16  3.19965380e-05
  -2.09915264e-06 -1.38530938e-08  8.63619995e-10]
 [ 9.92116354e-19 -1.36477518e-12 -2.30102475e-13  5.01499764e-11
  -1.91452265e-10 -5.70340678e-16  9.24384552e-16  3.19965380e-05
  -2.09858173e-06 -1.38433583e-08  8.63478012e-10]
 [ 9.92084324e-19 -1.36420271e-12 -2.30093524e-13  5.01274539e-11
  -1.91526980e-10 -5.70246354e-16  9.24384552e-16  3.19901978e-05
  -2.09858173e-06 -1.38647039e-08  8.62793863e-10]]



POPULATION: [[ 9.92022822e-19 -1.36420271e-12 -2.30063645e-13  5.01119280e-11
  -1.91404522e-10 -5.70246354e-16  9.24384552e-16  3.19965380e-05
  -2.09858173e-06 -1.38530938e-08  8.63516089e-10]
 [ 9.92894288e-19 -1.36420271e-12 -2.30131158e-13  5.01217306e-11
  -1.91383684e-10 -5.70026118e-16  9.24820971e-16  3.19916284e-05
  -2.09796914e-06 -1.38456411e-08  8.63884123e-10]
 [ 9.92431368e-19 -1.36491475e-12 -2.30063645e-13  5.01201335e-11
  -1.91313653e-10 -5.70021696e-16  9.23676772e-16  3.19965380e-05
  -2.09670732e-06 -1.38631177e-08  8.62727127e-10]
 [ 9.91271689e-19 -1.36478117e-12 -2.29884835e-13  5.00766041e-11
  -1.91404522e-10 -5.70533788e-16  9.23823280e-16  3.20062010e-05
  -2.09894068e-06 -1.38426240e-08  8.63653875e-10]
 [ 9.91644007e-19 -1.36436501e-12 -2.29964851e-13  5.00634491e-11
  -1.91330366e-10 -5.70246354e-16  9.23960542e-16  3.19965380e-05
  -2.09665741e-06 -1.38530938e-08  8.63182490e-10]
 [ 9.92540640e-19 -1.36464691e-12 -2.30269308e-13  5.01119280e-11
  -1.91228054e-10 -5.70717205e-16  9.24898845e-16  3.19965380e-05
  -2.09915264e-06 -1.38530938e-08  8.63619995e-10]
 [ 9.92116354e-19 -1.36477518e-12 -2.30102475e-13  5.01499764e-11
  -1.91452265e-10 -5.70340678e-16  9.24384552e-16  3.19965380e-05
  -2.09858173e-06 -1.38433583e-08  8.63478012e-10]
 [ 9.92084324e-19 -1.36420271e-12 -2.30093524e-13  5.01274539e-11
  -1.91526980e-10 -5.70246354e-16  9.24384552e-16  3.19901978e-05
  -2.09858173e-06 -1.38647039e-08  8.62793863e-10]]


sending vector for error: [ 9.92022822e-19 -1.36420271e-12 -2.30063645e-13  5.01119280e-11
 -1.91404522e-10 -5.70246354e-16  9.24384552e-16  3.19965380e-05
 -2.09858173e-06 -1.38530938e-08  8.63516089e-10]
received errors: 528995346290.4004    136671198628.41853

sending vector for error: [ 9.92894288e-19 -1.36420271e-12 -2.30131158e-13  5.01217306e-11
 -1.91383684e-10 -5.70026118e-16  9.24820971e-16  3.19916284e-05
 -2.09796914e-06 -1.38456411e-08  8.63884123e-10]
received errors: 527120319863.22205    145058087900.1842

sending vector for error: [ 9.92431368e-19 -1.36491475e-12 -2.30063645e-13  5.01201335e-11
 -1.91313653e-10 -5.70021696e-16  9.23676772e-16  3.19965380e-05
 -2.09670732e-06 -1.38631177e-08  8.62727127e-10]
received errors: 526879874656.5654    133821947883.37637

sending vector for error: [ 9.91271689e-19 -1.36478117e-12 -2.29884835e-13  5.00766041e-11
 -1.91404522e-10 -5.70533788e-16  9.23823280e-16  3.20062010e-05
 -2.09894068e-06 -1.38426240e-08  8.63653875e-10]
received errors: 530293093171.1398    139699896334.94122

sending vector for error: [ 9.91644007e-19 -1.36436501e-12 -2.29964851e-13  5.00634491e-11
 -1.91330366e-10 -5.70246354e-16  9.23960542e-16  3.19965380e-05
 -2.09665741e-06 -1.38530938e-08  8.63182490e-10]
received errors: 526062296430.21857    141320293061.73874

sending vector for error: [ 9.92540640e-19 -1.36464691e-12 -2.30269308e-13  5.01119280e-11
 -1.91228054e-10 -5.70717205e-16  9.24898845e-16  3.19965380e-05
 -2.09915264e-06 -1.38530938e-08  8.63619995e-10]
received errors: 529865078972.5036    135286839266.36606

sending vector for error: [ 9.92116354e-19 -1.36477518e-12 -2.30102475e-13  5.01499764e-11
 -1.91452265e-10 -5.70340678e-16  9.24384552e-16  3.19965380e-05
 -2.09858173e-06 -1.38433583e-08  8.63478012e-10]
received errors: 529623228870.35077    138353097309.20685

sending vector for error: [ 9.92084324e-19 -1.36420271e-12 -2.30093524e-13  5.01274539e-11
 -1.91526980e-10 -5.70246354e-16  9.24384552e-16  3.19901978e-05
 -2.09858173e-06 -1.38647039e-08  8.62793863e-10]
received errors: 530687615033.9709    126602276979.36385


CROSSOVER:


	parent1 = [ 9.92084324e-19 -1.36420271e-12 -2.30093524e-13  5.01274539e-11
 -1.91526980e-10 -5.70246354e-16  9.24384552e-16  3.19901978e-05
 -2.09858173e-06 -1.38647039e-08  8.62793863e-10]
	parent2 = [ 9.92431368e-19 -1.36491475e-12 -2.30063645e-13  5.01201335e-11
 -1.91313653e-10 -5.70021696e-16  9.23676772e-16  3.19965380e-05
 -2.09670732e-06 -1.38631177e-08  8.62727127e-10]
	cutoff index = 9
	child 1 = [ 9.92084324e-19 -1.36420271e-12 -2.30093524e-13  5.01274539e-11
 -1.91526980e-10 -5.70246354e-16  9.24384552e-16  3.19901978e-05
 -2.09858173e-06 -1.38631177e-08  8.62727127e-10]
	child 2 = [ 9.92084324e-19 -1.36420271e-12 -2.30093524e-13  5.01274539e-11
 -1.91526980e-10 -5.70246354e-16  9.24384552e-16  3.19901978e-05
 -2.09858173e-06 -1.38647039e-08  8.62793863e-10]


CROSSOVER:


	parent1 = [ 9.92022822e-19 -1.36420271e-12 -2.30063645e-13  5.01119280e-11
 -1.91404522e-10 -5.70246354e-16  9.24384552e-16  3.19965380e-05
 -2.09858173e-06 -1.38530938e-08  8.63516089e-10]
	parent2 = [ 9.92116354e-19 -1.36477518e-12 -2.30102475e-13  5.01499764e-11
 -1.91452265e-10 -5.70340678e-16  9.24384552e-16  3.19965380e-05
 -2.09858173e-06 -1.38433583e-08  8.63478012e-10]
	cutoff index = 6
	child 1 = [ 9.92022822e-19 -1.36420271e-12 -2.30063645e-13  5.01119280e-11
 -1.91404522e-10 -5.70246354e-16  9.24384552e-16  3.19965380e-05
 -2.09858173e-06 -1.38433583e-08  8.63478012e-10]
	child 2 = [ 9.92022822e-19 -1.36420271e-12 -2.30063645e-13  5.01119280e-11
 -1.91404522e-10 -5.70246354e-16  9.24384552e-16  3.19965380e-05
 -2.09858173e-06 -1.38530938e-08  8.63516089e-10]


CROSSOVER:


	parent1 = [ 9.92022822e-19 -1.36420271e-12 -2.30063645e-13  5.01119280e-11
 -1.91404522e-10 -5.70246354e-16  9.24384552e-16  3.19965380e-05
 -2.09858173e-06 -1.38433583e-08  8.63478012e-10]
	parent2 = [ 9.92084324e-19 -1.36420271e-12 -2.30093524e-13  5.01274539e-11
 -1.91526980e-10 -5.70246354e-16  9.24384552e-16  3.19901978e-05
 -2.09858173e-06 -1.38647039e-08  8.62793863e-10]
	cutoff index = 1
	child 1 = [ 9.92022822e-19 -1.36420271e-12 -2.30093524e-13  5.01274539e-11
 -1.91526980e-10 -5.70246354e-16  9.24384552e-16  3.19901978e-05
 -2.09858173e-06 -1.38647039e-08  8.62793863e-10]
	child 2 = [ 9.92022822e-19 -1.36420271e-12 -2.30063645e-13  5.01119280e-11
 -1.91404522e-10 -5.70246354e-16  9.24384552e-16  3.19965380e-05
 -2.09858173e-06 -1.38433583e-08  8.63478012e-10]


CROSSOVER:


	parent1 = [ 9.92022822e-19 -1.36420271e-12 -2.30093524e-13  5.01274539e-11
 -1.91526980e-10 -5.70246354e-16  9.24384552e-16  3.19901978e-05
 -2.09858173e-06 -1.38647039e-08  8.62793863e-10]
	parent2 = [ 9.92540640e-19 -1.36464691e-12 -2.30269308e-13  5.01119280e-11
 -1.91228054e-10 -5.70717205e-16  9.24898845e-16  3.19965380e-05
 -2.09915264e-06 -1.38530938e-08  8.63619995e-10]
	cutoff index = 10
	child 1 = [ 9.92022822e-19 -1.36420271e-12 -2.30093524e-13  5.01274539e-11
 -1.91526980e-10 -5.70246354e-16  9.24384552e-16  3.19901978e-05
 -2.09858173e-06 -1.38647039e-08  8.63619995e-10]
	child 2 = [ 9.92022822e-19 -1.36420271e-12 -2.30093524e-13  5.01274539e-11
 -1.91526980e-10 -5.70246354e-16  9.24384552e-16  3.19901978e-05
 -2.09858173e-06 -1.38647039e-08  8.62793863e-10]


MUTATION: 

RECEIVED FOR MUTATTION: [[ 9.92084324e-19 -1.36420271e-12 -2.30093524e-13  5.01274539e-11
  -1.91526980e-10 -5.70246354e-16  9.24384552e-16  3.19901978e-05
  -2.09858173e-06 -1.38631177e-08  8.62727127e-10]
 [ 9.92022822e-19 -1.36420271e-12 -2.30093524e-13  5.01274539e-11
  -1.91526980e-10 -5.70246354e-16  9.24384552e-16  3.19901978e-05
  -2.09858173e-06 -1.38647039e-08  8.62793863e-10]
 [ 9.92022822e-19 -1.36420271e-12 -2.30063645e-13  5.01119280e-11
  -1.91404522e-10 -5.70246354e-16  9.24384552e-16  3.19965380e-05
  -2.09858173e-06 -1.38433583e-08  8.63478012e-10]
 [ 9.92022822e-19 -1.36420271e-12 -2.30063645e-13  5.01119280e-11
  -1.91404522e-10 -5.70246354e-16  9.24384552e-16  3.19965380e-05
  -2.09858173e-06 -1.38530938e-08  8.63516089e-10]
 [ 9.92022822e-19 -1.36420271e-12 -2.30093524e-13  5.01274539e-11
  -1.91526980e-10 -5.70246354e-16  9.24384552e-16  3.19901978e-05
  -2.09858173e-06 -1.38647039e-08  8.62793863e-10]
 [ 9.92022822e-19 -1.36420271e-12 -2.30063645e-13  5.01119280e-11
  -1.91404522e-10 -5.70246354e-16  9.24384552e-16  3.19965380e-05
  -2.09858173e-06 -1.38433583e-08  8.63478012e-10]
 [ 9.92022822e-19 -1.36420271e-12 -2.30093524e-13  5.01274539e-11
  -1.91526980e-10 -5.70246354e-16  9.24384552e-16  3.19901978e-05
  -2.09858173e-06 -1.38647039e-08  8.63619995e-10]
 [ 9.92022822e-19 -1.36420271e-12 -2.30093524e-13  5.01274539e-11
  -1.91526980e-10 -5.70246354e-16  9.24384552e-16  3.19901978e-05
  -2.09858173e-06 -1.38647039e-08  8.62793863e-10]]

Mutated feature:[[ 9.92084324e-19 -1.36517393e-12 -2.30205097e-13  5.01274539e-11
  -1.91701192e-10 -5.70644440e-16  9.24719254e-16  3.20175175e-05
  -2.09868135e-06 -1.38753244e-08  8.62254612e-10]
 [ 9.91709986e-19 -1.36372913e-12 -2.29931043e-13  5.01573586e-11
  -1.91670680e-10 -5.70246354e-16  9.24086349e-16  3.19750855e-05
  -2.09808037e-06 -1.38719175e-08  8.62257294e-10]
 [ 9.91872046e-19 -1.36466157e-12 -2.30161058e-13  5.01515143e-11
  -1.91323576e-10 -5.70246354e-16  9.24199114e-16  3.19965380e-05
  -2.09858173e-06 -1.38429776e-08  8.63488551e-10]
 [ 9.92022822e-19 -1.36534507e-12 -2.30262499e-13  5.01334699e-11
  -1.91404522e-10 -5.70128177e-16  9.25134509e-16  3.19965380e-05
  -2.09762299e-06 -1.38464631e-08  8.63516089e-10]
 [ 9.91687383e-19 -1.36420271e-12 -2.30265727e-13  5.01124767e-11
  -1.91526980e-10 -5.70250016e-16  9.24810392e-16  3.20098307e-05
  -2.09680575e-06 -1.38628675e-08  8.63032472e-10]
 [ 9.92773322e-19 -1.36420271e-12 -2.30180670e-13  5.00909284e-11
  -1.91587218e-10 -5.69763939e-16  9.24941990e-16  3.19965380e-05
  -2.09915400e-06 -1.38408706e-08  8.63776985e-10]
 [ 9.91800776e-19 -1.36420271e-12 -2.30093524e-13  5.01543397e-11
  -1.91499183e-10 -5.70246354e-16  9.24868484e-16  3.19878118e-05
  -2.09868316e-06 -1.38514149e-08  8.64207514e-10]
 [ 9.92085574e-19 -1.36314533e-12 -2.29995017e-13  5.00960155e-11
  -1.91410020e-10 -5.69953624e-16  9.25231251e-16  3.19901978e-05
  -2.09980325e-06 -1.38524821e-08  8.62804723e-10]]


sending vector for error: [ 9.92084324e-19 -1.36517393e-12 -2.30205097e-13  5.01274539e-11
 -1.91701192e-10 -5.70644440e-16  9.24719254e-16  3.20175175e-05
 -2.09868135e-06 -1.38753244e-08  8.62254612e-10]
received errors: 533618879293.90686    121303591874.44531

sending vector for error: [ 9.91709986e-19 -1.36372913e-12 -2.29931043e-13  5.01573586e-11
 -1.91670680e-10 -5.70246354e-16  9.24086349e-16  3.19750855e-05
 -2.09808037e-06 -1.38719175e-08  8.62257294e-10]
received errors: 530938952996.89825    121411559748.30083

sending vector for error: [ 9.91872046e-19 -1.36466157e-12 -2.30161058e-13  5.01515143e-11
 -1.91323576e-10 -5.70246354e-16  9.24199114e-16  3.19965380e-05
 -2.09858173e-06 -1.38429776e-08  8.63488551e-10]
received errors: 529621788287.5548    138585815690.13446

sending vector for error: [ 9.92022822e-19 -1.36534507e-12 -2.30262499e-13  5.01334699e-11
 -1.91404522e-10 -5.70128177e-16  9.25134509e-16  3.19965380e-05
 -2.09762299e-06 -1.38464631e-08  8.63516089e-10]
received errors: 527490760853.68243    142441572359.37485

sending vector for error: [ 9.91687383e-19 -1.36420271e-12 -2.30265727e-13  5.01124767e-11
 -1.91526980e-10 -5.70250016e-16  9.24810392e-16  3.20098307e-05
 -2.09680575e-06 -1.38628675e-08  8.63032472e-10]
received errors: 526722378185.1084    137825978801.12738

sending vector for error: [ 9.92773322e-19 -1.36420271e-12 -2.30180670e-13  5.00909284e-11
 -1.91587218e-10 -5.69763939e-16  9.24941990e-16  3.19965380e-05
 -2.09915400e-06 -1.38408706e-08  8.63776985e-10]
received errors: 530142071538.9362    139985909865.65842

sending vector for error: [ 9.91800776e-19 -1.36420271e-12 -2.30093524e-13  5.01543397e-11
 -1.91499183e-10 -5.70246354e-16  9.24868484e-16  3.19878118e-05
 -2.09868316e-06 -1.38514149e-08  8.64207514e-10]
received errors: 527122353326.6532    143817982232.35956

sending vector for error: [ 9.92085574e-19 -1.36314533e-12 -2.29995017e-13  5.00960155e-11
 -1.91410020e-10 -5.69953624e-16  9.25231251e-16  3.19901978e-05
 -2.09980325e-06 -1.38524821e-08  8.62804723e-10]
received errors: 534120322520.7341    124817970087.45065


CROSSOVER:


	parent1 = [ 9.92085574e-19 -1.36314533e-12 -2.29995017e-13  5.00960155e-11
 -1.91410020e-10 -5.69953624e-16  9.25231251e-16  3.19901978e-05
 -2.09980325e-06 -1.38524821e-08  8.62804723e-10]
	parent2 = [ 9.92022822e-19 -1.36534507e-12 -2.30262499e-13  5.01334699e-11
 -1.91404522e-10 -5.70128177e-16  9.25134509e-16  3.19965380e-05
 -2.09762299e-06 -1.38464631e-08  8.63516089e-10]
	cutoff index = 6
	child 1 = [ 9.92085574e-19 -1.36314533e-12 -2.29995017e-13  5.00960155e-11
 -1.91410020e-10 -5.69953624e-16  9.25134509e-16  3.19965380e-05
 -2.09762299e-06 -1.38464631e-08  8.63516089e-10]
	child 2 = [ 9.92085574e-19 -1.36314533e-12 -2.29995017e-13  5.00960155e-11
 -1.91410020e-10 -5.69953624e-16  9.25231251e-16  3.19901978e-05
 -2.09980325e-06 -1.38524821e-08  8.62804723e-10]


CROSSOVER:


	parent1 = [ 9.91709986e-19 -1.36372913e-12 -2.29931043e-13  5.01573586e-11
 -1.91670680e-10 -5.70246354e-16  9.24086349e-16  3.19750855e-05
 -2.09808037e-06 -1.38719175e-08  8.62257294e-10]
	parent2 = [ 9.91709986e-19 -1.36372913e-12 -2.29931043e-13  5.01573586e-11
 -1.91670680e-10 -5.70246354e-16  9.24086349e-16  3.19750855e-05
 -2.09808037e-06 -1.38719175e-08  8.62257294e-10]
	cutoff index = 9
	child 1 = [ 9.91709986e-19 -1.36372913e-12 -2.29931043e-13  5.01573586e-11
 -1.91670680e-10 -5.70246354e-16  9.24086349e-16  3.19750855e-05
 -2.09808037e-06 -1.38719175e-08  8.62257294e-10]
	child 2 = [ 9.91709986e-19 -1.36372913e-12 -2.29931043e-13  5.01573586e-11
 -1.91670680e-10 -5.70246354e-16  9.24086349e-16  3.19750855e-05
 -2.09808037e-06 -1.38719175e-08  8.62257294e-10]


CROSSOVER:


	parent1 = [ 9.91709986e-19 -1.36372913e-12 -2.29931043e-13  5.01573586e-11
 -1.91670680e-10 -5.70246354e-16  9.24086349e-16  3.19750855e-05
 -2.09808037e-06 -1.38719175e-08  8.62257294e-10]
	parent2 = [ 9.92085574e-19 -1.36314533e-12 -2.29995017e-13  5.00960155e-11
 -1.91410020e-10 -5.69953624e-16  9.25231251e-16  3.19901978e-05
 -2.09980325e-06 -1.38524821e-08  8.62804723e-10]
	cutoff index = 4
	child 1 = [ 9.91709986e-19 -1.36372913e-12 -2.29931043e-13  5.01573586e-11
 -1.91410020e-10 -5.69953624e-16  9.25231251e-16  3.19901978e-05
 -2.09980325e-06 -1.38524821e-08  8.62804723e-10]
	child 2 = [ 9.91709986e-19 -1.36372913e-12 -2.29931043e-13  5.01573586e-11
 -1.91670680e-10 -5.70246354e-16  9.24086349e-16  3.19750855e-05
 -2.09808037e-06 -1.38719175e-08  8.62257294e-10]


CROSSOVER:


	parent1 = [ 9.91800776e-19 -1.36420271e-12 -2.30093524e-13  5.01543397e-11
 -1.91499183e-10 -5.70246354e-16  9.24868484e-16  3.19878118e-05
 -2.09868316e-06 -1.38514149e-08  8.64207514e-10]
	parent2 = [ 9.91709986e-19 -1.36372913e-12 -2.29931043e-13  5.01573586e-11
 -1.91410020e-10 -5.69953624e-16  9.25231251e-16  3.19901978e-05
 -2.09980325e-06 -1.38524821e-08  8.62804723e-10]
	cutoff index = 3
	child 1 = [ 9.91800776e-19 -1.36420271e-12 -2.30093524e-13  5.01573586e-11
 -1.91410020e-10 -5.69953624e-16  9.25231251e-16  3.19901978e-05
 -2.09980325e-06 -1.38524821e-08  8.62804723e-10]
	child 2 = [ 9.91800776e-19 -1.36420271e-12 -2.30093524e-13  5.01543397e-11
 -1.91499183e-10 -5.70246354e-16  9.24868484e-16  3.19878118e-05
 -2.09868316e-06 -1.38514149e-08  8.64207514e-10]


MUTATION: 

RECEIVED FOR MUTATTION: [[ 9.92085574e-19 -1.36314533e-12 -2.29995017e-13  5.00960155e-11
  -1.91410020e-10 -5.69953624e-16  9.25134509e-16  3.19965380e-05
  -2.09762299e-06 -1.38464631e-08  8.63516089e-10]
 [ 9.91800776e-19 -1.36420271e-12 -2.30093524e-13  5.01573586e-11
  -1.91410020e-10 -5.69953624e-16  9.25231251e-16  3.19901978e-05
  -2.09980325e-06 -1.38524821e-08  8.62804723e-10]
 [ 9.91709986e-19 -1.36372913e-12 -2.29931043e-13  5.01573586e-11
  -1.91670680e-10 -5.70246354e-16  9.24086349e-16  3.19750855e-05
  -2.09808037e-06 -1.38719175e-08  8.62257294e-10]
 [ 9.91709986e-19 -1.36372913e-12 -2.29931043e-13  5.01573586e-11
  -1.91670680e-10 -5.70246354e-16  9.24086349e-16  3.19750855e-05
  -2.09808037e-06 -1.38719175e-08  8.62257294e-10]
 [ 9.91800776e-19 -1.36420271e-12 -2.30093524e-13  5.01573586e-11
  -1.91410020e-10 -5.69953624e-16  9.25231251e-16  3.19901978e-05
  -2.09980325e-06 -1.38524821e-08  8.62804723e-10]
 [ 9.91709986e-19 -1.36372913e-12 -2.29931043e-13  5.01573586e-11
  -1.91670680e-10 -5.70246354e-16  9.24086349e-16  3.19750855e-05
  -2.09808037e-06 -1.38719175e-08  8.62257294e-10]
 [ 9.91800776e-19 -1.36420271e-12 -2.30093524e-13  5.01573586e-11
  -1.91410020e-10 -5.69953624e-16  9.25231251e-16  3.19901978e-05
  -2.09980325e-06 -1.38524821e-08  8.62804723e-10]
 [ 9.91800776e-19 -1.36420271e-12 -2.30093524e-13  5.01543397e-11
  -1.91499183e-10 -5.70246354e-16  9.24868484e-16  3.19878118e-05
  -2.09868316e-06 -1.38514149e-08  8.64207514e-10]]

Mutated feature:[[ 9.92260249e-19 -1.36331067e-12 -2.30010315e-13  5.01178317e-11
  -1.91410020e-10 -5.69981863e-16  9.25134509e-16  3.19862129e-05
  -2.09762299e-06 -1.38451732e-08  8.63516089e-10]
 [ 9.92740542e-19 -1.36398702e-12 -2.29891927e-13  5.02006595e-11
  -1.91264796e-10 -5.69953624e-16  9.26023449e-16  3.19862219e-05
  -2.10040826e-06 -1.38597037e-08  8.63492492e-10]
 [ 9.92015044e-19 -1.36497474e-12 -2.29715855e-13  5.01573586e-11
  -1.91670680e-10 -5.70361222e-16  9.24407992e-16  3.19441121e-05
  -2.09780270e-06 -1.38719175e-08  8.61852590e-10]
 [ 9.90866776e-19 -1.36338076e-12 -2.29876550e-13  5.01490235e-11
  -1.91514413e-10 -5.70304989e-16  9.23610373e-16  3.19988491e-05
  -2.09808037e-06 -1.38762587e-08  8.61453616e-10]
 [ 9.91800776e-19 -1.36503752e-12 -2.30093524e-13  5.01184652e-11
  -1.91256844e-10 -5.70074072e-16  9.25526120e-16  3.19901978e-05
  -2.09980325e-06 -1.38472750e-08  8.62804723e-10]
 [ 9.91466127e-19 -1.36253480e-12 -2.30159481e-13  5.01394213e-11
  -1.91626684e-10 -5.69912179e-16  9.24086349e-16  3.19750855e-05
  -2.09808037e-06 -1.38684160e-08  8.62342009e-10]
 [ 9.91997824e-19 -1.36326468e-12 -2.30086370e-13  5.01215089e-11
  -1.91386603e-10 -5.70513629e-16  9.24362281e-16  3.19612782e-05
  -2.10144738e-06 -1.38545567e-08  8.62248333e-10]
 [ 9.92755569e-19 -1.36518244e-12 -2.29865361e-13  5.01543397e-11
  -1.91526187e-10 -5.69677370e-16  9.24113990e-16  3.19899133e-05
  -2.09799153e-06 -1.38558157e-08  8.64207514e-10]]


sending vector for error: [ 9.92260249e-19 -1.36331067e-12 -2.30010315e-13  5.01178317e-11
 -1.91410020e-10 -5.69981863e-16  9.25134509e-16  3.19862129e-05
 -2.09762299e-06 -1.38451732e-08  8.63516089e-10]
received errors: 527134409093.03534    141875524556.05328

sending vector for error: [ 9.92740542e-19 -1.36398702e-12 -2.29891927e-13  5.02006595e-11
 -1.91264796e-10 -5.69953624e-16  9.26023449e-16  3.19862219e-05
 -2.10040826e-06 -1.38597037e-08  8.63492492e-10]
received errors: 532598894855.01697    127471033227.71603

sending vector for error: [ 9.92015044e-19 -1.36497474e-12 -2.29715855e-13  5.01573586e-11
 -1.91670680e-10 -5.70361222e-16  9.24407992e-16  3.19441121e-05
 -2.09780270e-06 -1.38719175e-08  8.61852590e-10]
received errors: 531266315286.15466    117451117546.57234

sending vector for error: [ 9.90866776e-19 -1.36338076e-12 -2.29876550e-13  5.01490235e-11
 -1.91514413e-10 -5.70304989e-16  9.23610373e-16  3.19988491e-05
 -2.09808037e-06 -1.38762587e-08  8.61453616e-10]
received errors: 535183707212.89435    115838871320.72339

sending vector for error: [ 9.91800776e-19 -1.36503752e-12 -2.30093524e-13  5.01184652e-11
 -1.91256844e-10 -5.70074072e-16  9.25526120e-16  3.19901978e-05
 -2.09980325e-06 -1.38472750e-08  8.62804723e-10]
received errors: 534274427985.8589    125685721574.59897

sending vector for error: [ 9.91466127e-19 -1.36253480e-12 -2.30159481e-13  5.01394213e-11
 -1.91626684e-10 -5.69912179e-16  9.24086349e-16  3.19750855e-05
 -2.09808037e-06 -1.38684160e-08  8.62342009e-10]
received errors: 530669569980.40234    122767776953.26721

sending vector for error: [ 9.91997824e-19 -1.36326468e-12 -2.30086370e-13  5.01215089e-11
 -1.91386603e-10 -5.70513629e-16  9.24362281e-16  3.19612782e-05
 -2.10144738e-06 -1.38545567e-08  8.62248333e-10]
received errors: 540764169282.2915    114431846944.38797

sending vector for error: [ 9.92755569e-19 -1.36518244e-12 -2.29865361e-13  5.01543397e-11
 -1.91526187e-10 -5.69677370e-16  9.24113990e-16  3.19899133e-05
 -2.09799153e-06 -1.38558157e-08  8.64207514e-10]
received errors: 525726177641.4378    146412119612.76215


CROSSOVER:


	parent1 = [ 9.92015044e-19 -1.36497474e-12 -2.29715855e-13  5.01573586e-11
 -1.91670680e-10 -5.70361222e-16  9.24407992e-16  3.19441121e-05
 -2.09780270e-06 -1.38719175e-08  8.61852590e-10]
	parent2 = [ 9.92015044e-19 -1.36497474e-12 -2.29715855e-13  5.01573586e-11
 -1.91670680e-10 -5.70361222e-16  9.24407992e-16  3.19441121e-05
 -2.09780270e-06 -1.38719175e-08  8.61852590e-10]
	cutoff index = 9
	child 1 = [ 9.92015044e-19 -1.36497474e-12 -2.29715855e-13  5.01573586e-11
 -1.91670680e-10 -5.70361222e-16  9.24407992e-16  3.19441121e-05
 -2.09780270e-06 -1.38719175e-08  8.61852590e-10]
	child 2 = [ 9.92015044e-19 -1.36497474e-12 -2.29715855e-13  5.01573586e-11
 -1.91670680e-10 -5.70361222e-16  9.24407992e-16  3.19441121e-05
 -2.09780270e-06 -1.38719175e-08  8.61852590e-10]


CROSSOVER:


	parent1 = [ 9.92015044e-19 -1.36497474e-12 -2.29715855e-13  5.01573586e-11
 -1.91670680e-10 -5.70361222e-16  9.24407992e-16  3.19441121e-05
 -2.09780270e-06 -1.38719175e-08  8.61852590e-10]
	parent2 = [ 9.91466127e-19 -1.36253480e-12 -2.30159481e-13  5.01394213e-11
 -1.91626684e-10 -5.69912179e-16  9.24086349e-16  3.19750855e-05
 -2.09808037e-06 -1.38684160e-08  8.62342009e-10]
	cutoff index = 7
	child 1 = [ 9.92015044e-19 -1.36497474e-12 -2.29715855e-13  5.01573586e-11
 -1.91670680e-10 -5.70361222e-16  9.24407992e-16  3.19750855e-05
 -2.09808037e-06 -1.38684160e-08  8.62342009e-10]
	child 2 = [ 9.92015044e-19 -1.36497474e-12 -2.29715855e-13  5.01573586e-11
 -1.91670680e-10 -5.70361222e-16  9.24407992e-16  3.19441121e-05
 -2.09780270e-06 -1.38719175e-08  8.61852590e-10]


CROSSOVER:


	parent1 = [ 9.90866776e-19 -1.36338076e-12 -2.29876550e-13  5.01490235e-11
 -1.91514413e-10 -5.70304989e-16  9.23610373e-16  3.19988491e-05
 -2.09808037e-06 -1.38762587e-08  8.61453616e-10]
	parent2 = [ 9.92015044e-19 -1.36497474e-12 -2.29715855e-13  5.01573586e-11
 -1.91670680e-10 -5.70361222e-16  9.24407992e-16  3.19441121e-05
 -2.09780270e-06 -1.38719175e-08  8.61852590e-10]
	cutoff index = 0
	child 1 = [ 9.92015044e-19 -1.36497474e-12 -2.29715855e-13  5.01573586e-11
 -1.91670680e-10 -5.70361222e-16  9.24407992e-16  3.19441121e-05
 -2.09780270e-06 -1.38719175e-08  8.61852590e-10]
	child 2 = [ 9.90866776e-19 -1.36338076e-12 -2.29876550e-13  5.01490235e-11
 -1.91514413e-10 -5.70304989e-16  9.23610373e-16  3.19988491e-05
 -2.09808037e-06 -1.38762587e-08  8.61453616e-10]


CROSSOVER:


	parent1 = [ 9.90866776e-19 -1.36338076e-12 -2.29876550e-13  5.01490235e-11
 -1.91514413e-10 -5.70304989e-16  9.23610373e-16  3.19988491e-05
 -2.09808037e-06 -1.38762587e-08  8.61453616e-10]
	parent2 = [ 9.92015044e-19 -1.36497474e-12 -2.29715855e-13  5.01573586e-11
 -1.91670680e-10 -5.70361222e-16  9.24407992e-16  3.19750855e-05
 -2.09808037e-06 -1.38684160e-08  8.62342009e-10]
	cutoff index = 9
	child 1 = [ 9.90866776e-19 -1.36338076e-12 -2.29876550e-13  5.01490235e-11
 -1.91514413e-10 -5.70304989e-16  9.23610373e-16  3.19988491e-05
 -2.09808037e-06 -1.38684160e-08  8.62342009e-10]
	child 2 = [ 9.90866776e-19 -1.36338076e-12 -2.29876550e-13  5.01490235e-11
 -1.91514413e-10 -5.70304989e-16  9.23610373e-16  3.19988491e-05
 -2.09808037e-06 -1.38762587e-08  8.61453616e-10]


MUTATION: 

RECEIVED FOR MUTATTION: [[ 9.92015044e-19 -1.36497474e-12 -2.29715855e-13  5.01573586e-11
  -1.91670680e-10 -5.70361222e-16  9.24407992e-16  3.19441121e-05
  -2.09780270e-06 -1.38719175e-08  8.61852590e-10]
 [ 9.92015044e-19 -1.36497474e-12 -2.29715855e-13  5.01573586e-11
  -1.91670680e-10 -5.70361222e-16  9.24407992e-16  3.19441121e-05
  -2.09780270e-06 -1.38719175e-08  8.61852590e-10]
 [ 9.90866776e-19 -1.36338076e-12 -2.29876550e-13  5.01490235e-11
  -1.91514413e-10 -5.70304989e-16  9.23610373e-16  3.19988491e-05
  -2.09808037e-06 -1.38684160e-08  8.62342009e-10]
 [ 9.92015044e-19 -1.36497474e-12 -2.29715855e-13  5.01573586e-11
  -1.91670680e-10 -5.70361222e-16  9.24407992e-16  3.19441121e-05
  -2.09780270e-06 -1.38719175e-08  8.61852590e-10]
 [ 9.92015044e-19 -1.36497474e-12 -2.29715855e-13  5.01573586e-11
  -1.91670680e-10 -5.70361222e-16  9.24407992e-16  3.19441121e-05
  -2.09780270e-06 -1.38719175e-08  8.61852590e-10]
 [ 9.90866776e-19 -1.36338076e-12 -2.29876550e-13  5.01490235e-11
  -1.91514413e-10 -5.70304989e-16  9.23610373e-16  3.19988491e-05
  -2.09808037e-06 -1.38762587e-08  8.61453616e-10]
 [ 9.90866776e-19 -1.36338076e-12 -2.29876550e-13  5.01490235e-11
  -1.91514413e-10 -5.70304989e-16  9.23610373e-16  3.19988491e-05
  -2.09808037e-06 -1.38684160e-08  8.62342009e-10]
 [ 9.90866776e-19 -1.36338076e-12 -2.29876550e-13  5.01490235e-11
  -1.91514413e-10 -5.70304989e-16  9.23610373e-16  3.19988491e-05
  -2.09808037e-06 -1.38762587e-08  8.61453616e-10]]

Mutated feature:[[ 9.91465839e-19 -1.36497474e-12 -2.29827606e-13  5.02057303e-11
  -1.91827244e-10 -5.70441593e-16  9.23787522e-16  3.19509515e-05
  -2.09780270e-06 -1.38838803e-08  8.61150313e-10]
 [ 9.92286438e-19 -1.36497474e-12 -2.29715855e-13  5.02014578e-11
  -1.91636667e-10 -5.70632387e-16  9.25196059e-16  3.19591426e-05
  -2.09858164e-06 -1.38745112e-08  8.61852590e-10]
 [ 9.90883564e-19 -1.36338076e-12 -2.29876550e-13  5.01417119e-11
  -1.91514413e-10 -5.70304989e-16  9.23382883e-16  3.19988687e-05
  -2.09916209e-06 -1.38684160e-08  8.61540147e-10]
 [ 9.91635134e-19 -1.36476727e-12 -2.29890848e-13  5.01573586e-11
  -1.91739545e-10 -5.70254970e-16  9.24150218e-16  3.19339761e-05
  -2.09701079e-06 -1.38719175e-08  8.62700677e-10]
 [ 9.91930628e-19 -1.36517285e-12 -2.29625150e-13  5.01078456e-11
  -1.91670680e-10 -5.70361222e-16  9.24407992e-16  3.19482908e-05
  -2.09706925e-06 -1.38822399e-08  8.61201677e-10]
 [ 9.90866776e-19 -1.36338076e-12 -2.29846420e-13  5.01490235e-11
  -1.91458070e-10 -5.70022508e-16  9.22900632e-16  3.19840099e-05
  -2.09808037e-06 -1.38871085e-08  8.62237112e-10]
 [ 9.90525832e-19 -1.36338076e-12 -2.29876550e-13  5.01036072e-11
  -1.91531474e-10 -5.70304989e-16  9.23610373e-16  3.20069578e-05
  -2.09721941e-06 -1.38686315e-08  8.62342009e-10]
 [ 9.90506999e-19 -1.36457465e-12 -2.29903514e-13  5.01450685e-11
  -1.91353379e-10 -5.70408869e-16  9.22747437e-16  3.19988491e-05
  -2.09693600e-06 -1.38762587e-08  8.61453616e-10]]


sending vector for error: [ 9.91465839e-19 -1.36497474e-12 -2.29827606e-13  5.02057303e-11
 -1.91827244e-10 -5.70441593e-16  9.23787522e-16  3.19509515e-05
 -2.09780270e-06 -1.38838803e-08  8.61150313e-10]
received errors: 535038103170.4447    111700845639.84851

sending vector for error: [ 9.92286438e-19 -1.36497474e-12 -2.29715855e-13  5.02014578e-11
 -1.91636667e-10 -5.70632387e-16  9.25196059e-16  3.19591426e-05
 -2.09858164e-06 -1.38745112e-08  8.61852590e-10]
received errors: 533864738312.64795    115775325116.59685

sending vector for error: [ 9.90883564e-19 -1.36338076e-12 -2.29876550e-13  5.01417119e-11
 -1.91514413e-10 -5.70304989e-16  9.23382883e-16  3.19988687e-05
 -2.09916209e-06 -1.38684160e-08  8.61540147e-10]
received errors: 538063345098.2838    114832355746.07877

sending vector for error: [ 9.91635134e-19 -1.36476727e-12 -2.29890848e-13  5.01573586e-11
 -1.91739545e-10 -5.70254970e-16  9.24150218e-16  3.19339761e-05
 -2.09701079e-06 -1.38719175e-08  8.62700677e-10]
received errors: 525173300100.0382    126223516860.33073

sending vector for error: [ 9.91930628e-19 -1.36517285e-12 -2.29625150e-13  5.01078456e-11
 -1.91670680e-10 -5.70361222e-16  9.24407992e-16  3.19482908e-05
 -2.09706925e-06 -1.38822399e-08  8.61201677e-10]
received errors: 532376813904.6107    113635946666.87024

sending vector for error: [ 9.90866776e-19 -1.36338076e-12 -2.29846420e-13  5.01490235e-11
 -1.91458070e-10 -5.70022508e-16  9.22900632e-16  3.19840099e-05
 -2.09808037e-06 -1.38871085e-08  8.62237112e-10]
received errors: 530954796704.88934    119445393713.9069

sending vector for error: [ 9.90525832e-19 -1.36338076e-12 -2.29876550e-13  5.01036072e-11
 -1.91531474e-10 -5.70304989e-16  9.23610373e-16  3.20069578e-05
 -2.09721941e-06 -1.38686315e-08  8.62342009e-10]
received errors: 529449828490.6124    127537559485.99112

sending vector for error: [ 9.90506999e-19 -1.36457465e-12 -2.29903514e-13  5.01450685e-11
 -1.91353379e-10 -5.70408869e-16  9.22747437e-16  3.19988491e-05
 -2.09693600e-06 -1.38762587e-08  8.61453616e-10]
received errors: 531895221770.4715    118889193044.57755


CROSSOVER:


	parent1 = [ 9.91635134e-19 -1.36476727e-12 -2.29890848e-13  5.01573586e-11
 -1.91739545e-10 -5.70254970e-16  9.24150218e-16  3.19339761e-05
 -2.09701079e-06 -1.38719175e-08  8.62700677e-10]
	parent2 = [ 9.90866776e-19 -1.36338076e-12 -2.29846420e-13  5.01490235e-11
 -1.91458070e-10 -5.70022508e-16  9.22900632e-16  3.19840099e-05
 -2.09808037e-06 -1.38871085e-08  8.62237112e-10]
	cutoff index = 7
	child 1 = [ 9.91635134e-19 -1.36476727e-12 -2.29890848e-13  5.01573586e-11
 -1.91739545e-10 -5.70254970e-16  9.24150218e-16  3.19840099e-05
 -2.09808037e-06 -1.38871085e-08  8.62237112e-10]
	child 2 = [ 9.91635134e-19 -1.36476727e-12 -2.29890848e-13  5.01573586e-11
 -1.91739545e-10 -5.70254970e-16  9.24150218e-16  3.19339761e-05
 -2.09701079e-06 -1.38719175e-08  8.62700677e-10]


CROSSOVER:


	parent1 = [ 9.91635134e-19 -1.36476727e-12 -2.29890848e-13  5.01573586e-11
 -1.91739545e-10 -5.70254970e-16  9.24150218e-16  3.19840099e-05
 -2.09808037e-06 -1.38871085e-08  8.62237112e-10]
	parent2 = [ 9.91635134e-19 -1.36476727e-12 -2.29890848e-13  5.01573586e-11
 -1.91739545e-10 -5.70254970e-16  9.24150218e-16  3.19840099e-05
 -2.09808037e-06 -1.38871085e-08  8.62237112e-10]
	cutoff index = 8
	child 1 = [ 9.91635134e-19 -1.36476727e-12 -2.29890848e-13  5.01573586e-11
 -1.91739545e-10 -5.70254970e-16  9.24150218e-16  3.19840099e-05
 -2.09808037e-06 -1.38871085e-08  8.62237112e-10]
	child 2 = [ 9.91635134e-19 -1.36476727e-12 -2.29890848e-13  5.01573586e-11
 -1.91739545e-10 -5.70254970e-16  9.24150218e-16  3.19840099e-05
 -2.09808037e-06 -1.38871085e-08  8.62237112e-10]


CROSSOVER:


	parent1 = [ 9.92286438e-19 -1.36497474e-12 -2.29715855e-13  5.02014578e-11
 -1.91636667e-10 -5.70632387e-16  9.25196059e-16  3.19591426e-05
 -2.09858164e-06 -1.38745112e-08  8.61852590e-10]
	parent2 = [ 9.91635134e-19 -1.36476727e-12 -2.29890848e-13  5.01573586e-11
 -1.91739545e-10 -5.70254970e-16  9.24150218e-16  3.19840099e-05
 -2.09808037e-06 -1.38871085e-08  8.62237112e-10]
	cutoff index = 4
	child 1 = [ 9.92286438e-19 -1.36497474e-12 -2.29715855e-13  5.02014578e-11
 -1.91739545e-10 -5.70254970e-16  9.24150218e-16  3.19840099e-05
 -2.09808037e-06 -1.38871085e-08  8.62237112e-10]
	child 2 = [ 9.92286438e-19 -1.36497474e-12 -2.29715855e-13  5.02014578e-11
 -1.91636667e-10 -5.70632387e-16  9.25196059e-16  3.19591426e-05
 -2.09858164e-06 -1.38745112e-08  8.61852590e-10]


CROSSOVER:


	parent1 = [ 9.92286438e-19 -1.36497474e-12 -2.29715855e-13  5.02014578e-11
 -1.91739545e-10 -5.70254970e-16  9.24150218e-16  3.19840099e-05
 -2.09808037e-06 -1.38871085e-08  8.62237112e-10]
	parent2 = [ 9.92286438e-19 -1.36497474e-12 -2.29715855e-13  5.02014578e-11
 -1.91636667e-10 -5.70632387e-16  9.25196059e-16  3.19591426e-05
 -2.09858164e-06 -1.38745112e-08  8.61852590e-10]
	cutoff index = 10
	child 1 = [ 9.92286438e-19 -1.36497474e-12 -2.29715855e-13  5.02014578e-11
 -1.91739545e-10 -5.70254970e-16  9.24150218e-16  3.19840099e-05
 -2.09808037e-06 -1.38871085e-08  8.61852590e-10]
	child 2 = [ 9.92286438e-19 -1.36497474e-12 -2.29715855e-13  5.02014578e-11
 -1.91739545e-10 -5.70254970e-16  9.24150218e-16  3.19840099e-05
 -2.09808037e-06 -1.38871085e-08  8.62237112e-10]


MUTATION: 

RECEIVED FOR MUTATTION: [[ 9.92286438e-19 -1.36497474e-12 -2.29715855e-13  5.02014578e-11
  -1.91739545e-10 -5.70254970e-16  9.24150218e-16  3.19840099e-05
  -2.09808037e-06 -1.38871085e-08  8.62237112e-10]
 [ 9.91635134e-19 -1.36476727e-12 -2.29890848e-13  5.01573586e-11
  -1.91739545e-10 -5.70254970e-16  9.24150218e-16  3.19339761e-05
  -2.09701079e-06 -1.38719175e-08  8.62700677e-10]
 [ 9.92286438e-19 -1.36497474e-12 -2.29715855e-13  5.02014578e-11
  -1.91739545e-10 -5.70254970e-16  9.24150218e-16  3.19840099e-05
  -2.09808037e-06 -1.38871085e-08  8.62237112e-10]
 [ 9.92286438e-19 -1.36497474e-12 -2.29715855e-13  5.02014578e-11
  -1.91739545e-10 -5.70254970e-16  9.24150218e-16  3.19840099e-05
  -2.09808037e-06 -1.38871085e-08  8.62237112e-10]
 [ 9.92286438e-19 -1.36497474e-12 -2.29715855e-13  5.02014578e-11
  -1.91739545e-10 -5.70254970e-16  9.24150218e-16  3.19840099e-05
  -2.09808037e-06 -1.38871085e-08  8.62237112e-10]
 [ 9.92286438e-19 -1.36497474e-12 -2.29715855e-13  5.02014578e-11
  -1.91739545e-10 -5.70254970e-16  9.24150218e-16  3.19840099e-05
  -2.09808037e-06 -1.38871085e-08  8.61852590e-10]
 [ 9.92286438e-19 -1.36497474e-12 -2.29715855e-13  5.02014578e-11
  -1.91739545e-10 -5.70254970e-16  9.24150218e-16  3.19840099e-05
  -2.09808037e-06 -1.38871085e-08  8.61852590e-10]
 [ 9.92286438e-19 -1.36497474e-12 -2.29715855e-13  5.02014578e-11
  -1.91739545e-10 -5.70254970e-16  9.24150218e-16  3.19840099e-05
  -2.09808037e-06 -1.38871085e-08  8.62237112e-10]]

Mutated feature:[[ 9.92286438e-19 -1.36516976e-12 -2.29931314e-13  5.01687609e-11
  -1.91784759e-10 -5.70254970e-16  9.23450950e-16  3.19840099e-05
  -2.09808037e-06 -1.38815965e-08  8.61632260e-10]
 [ 9.92190315e-19 -1.36564394e-12 -2.29778055e-13  5.01909445e-11
  -1.91796422e-10 -5.70559742e-16  9.24685779e-16  3.19326194e-05
  -2.09902262e-06 -1.38853863e-08  8.63132335e-10]
 [ 9.91454207e-19 -1.36600997e-12 -2.29734158e-13  5.01845386e-11
  -1.91799925e-10 -5.70469811e-16  9.24015203e-16  3.19840099e-05
  -2.09926739e-06 -1.38892860e-08  8.61708200e-10]
 [ 9.92286438e-19 -1.36550468e-12 -2.29725772e-13  5.02014578e-11
  -1.91638056e-10 -5.70254970e-16  9.23866389e-16  3.19574628e-05
  -2.09851090e-06 -1.38952207e-08  8.61436963e-10]
 [ 9.91732016e-19 -1.36497474e-12 -2.29504284e-13  5.02057384e-11
  -1.91617010e-10 -5.70436586e-16  9.23810724e-16  3.19840099e-05
  -2.09751480e-06 -1.38735594e-08  8.62025470e-10]
 [ 9.93053535e-19 -1.36588244e-12 -2.29715855e-13  5.02098161e-11
  -1.91739545e-10 -5.70254970e-16  9.24150218e-16  3.20036824e-05
  -2.09808037e-06 -1.38871085e-08  8.62435342e-10]
 [ 9.93113221e-19 -1.36531866e-12 -2.29519093e-13  5.02014578e-11
  -1.91769747e-10 -5.69877372e-16  9.24150218e-16  3.19695478e-05
  -2.09995838e-06 -1.38819932e-08  8.61197204e-10]
 [ 9.91594062e-19 -1.36627156e-12 -2.29887595e-13  5.02341836e-11
  -1.91885001e-10 -5.70254970e-16  9.23784298e-16  3.19840099e-05
  -2.09721319e-06 -1.38871085e-08  8.62752212e-10]]


sending vector for error: [ 9.92286438e-19 -1.36516976e-12 -2.29931314e-13  5.01687609e-11
 -1.91784759e-10 -5.70254970e-16  9.23450950e-16  3.19840099e-05
 -2.09808037e-06 -1.38815965e-08  8.61632260e-10]
received errors: 533928358298.6551    115723754766.95512

sending vector for error: [ 9.92190315e-19 -1.36564394e-12 -2.29778055e-13  5.01909445e-11
 -1.91796422e-10 -5.70559742e-16  9.24685779e-16  3.19326194e-05
 -2.09902262e-06 -1.38853863e-08  8.63132335e-10]
received errors: 528260441253.82404    121219698150.95845

sending vector for error: [ 9.91454207e-19 -1.36600997e-12 -2.29734158e-13  5.01845386e-11
 -1.91799925e-10 -5.70469811e-16  9.24015203e-16  3.19840099e-05
 -2.09926739e-06 -1.38892860e-08  8.61708200e-10]
received errors: 537181602938.20056    112580495142.08029

sending vector for error: [ 9.92286438e-19 -1.36550468e-12 -2.29725772e-13  5.02014578e-11
 -1.91638056e-10 -5.70254970e-16  9.23866389e-16  3.19574628e-05
 -2.09851090e-06 -1.38952207e-08  8.61436963e-10]
received errors: 535882316818.04114    111045922909.28659

sending vector for error: [ 9.91732016e-19 -1.36497474e-12 -2.29504284e-13  5.02057384e-11
 -1.91617010e-10 -5.70436586e-16  9.23810724e-16  3.19840099e-05
 -2.09751480e-06 -1.38735594e-08  8.62025470e-10]
received errors: 530617181489.72577    121402777022.30215

sending vector for error: [ 9.93053535e-19 -1.36588244e-12 -2.29715855e-13  5.02098161e-11
 -1.91739545e-10 -5.70254970e-16  9.24150218e-16  3.20036824e-05
 -2.09808037e-06 -1.38871085e-08  8.62435342e-10]
received errors: 530587611677.8107    122064898256.25339

sending vector for error: [ 9.93113221e-19 -1.36531866e-12 -2.29519093e-13  5.02014578e-11
 -1.91769747e-10 -5.69877372e-16  9.24150218e-16  3.19695478e-05
 -2.09995838e-06 -1.38819932e-08  8.61197204e-10]
received errors: 542257622903.62714    109123134546.45732

sending vector for error: [ 9.91594062e-19 -1.36627156e-12 -2.29887595e-13  5.02341836e-11
 -1.91885001e-10 -5.70254970e-16  9.23784298e-16  3.19840099e-05
 -2.09721319e-06 -1.38871085e-08  8.62752212e-10]
received errors: 526522639385.68585    126510171743.35556


CROSSOVER:


	parent1 = [ 9.91732016e-19 -1.36497474e-12 -2.29504284e-13  5.02057384e-11
 -1.91617010e-10 -5.70436586e-16  9.23810724e-16  3.19840099e-05
 -2.09751480e-06 -1.38735594e-08  8.62025470e-10]
	parent2 = [ 9.92190315e-19 -1.36564394e-12 -2.29778055e-13  5.01909445e-11
 -1.91796422e-10 -5.70559742e-16  9.24685779e-16  3.19326194e-05
 -2.09902262e-06 -1.38853863e-08  8.63132335e-10]
	cutoff index = 9
	child 1 = [ 9.91732016e-19 -1.36497474e-12 -2.29504284e-13  5.02057384e-11
 -1.91617010e-10 -5.70436586e-16  9.23810724e-16  3.19840099e-05
 -2.09751480e-06 -1.38853863e-08  8.63132335e-10]
	child 2 = [ 9.91732016e-19 -1.36497474e-12 -2.29504284e-13  5.02057384e-11
 -1.91617010e-10 -5.70436586e-16  9.23810724e-16  3.19840099e-05
 -2.09751480e-06 -1.38735594e-08  8.62025470e-10]


CROSSOVER:


	parent1 = [ 9.91732016e-19 -1.36497474e-12 -2.29504284e-13  5.02057384e-11
 -1.91617010e-10 -5.70436586e-16  9.23810724e-16  3.19840099e-05
 -2.09751480e-06 -1.38853863e-08  8.63132335e-10]
	parent2 = [ 9.91732016e-19 -1.36497474e-12 -2.29504284e-13  5.02057384e-11
 -1.91617010e-10 -5.70436586e-16  9.23810724e-16  3.19840099e-05
 -2.09751480e-06 -1.38853863e-08  8.63132335e-10]
	cutoff index = 4
	child 1 = [ 9.91732016e-19 -1.36497474e-12 -2.29504284e-13  5.02057384e-11
 -1.91617010e-10 -5.70436586e-16  9.23810724e-16  3.19840099e-05
 -2.09751480e-06 -1.38853863e-08  8.63132335e-10]
	child 2 = [ 9.91732016e-19 -1.36497474e-12 -2.29504284e-13  5.02057384e-11
 -1.91617010e-10 -5.70436586e-16  9.23810724e-16  3.19840099e-05
 -2.09751480e-06 -1.38853863e-08  8.63132335e-10]


CROSSOVER:


	parent1 = [ 9.92286438e-19 -1.36550468e-12 -2.29725772e-13  5.02014578e-11
 -1.91638056e-10 -5.70254970e-16  9.23866389e-16  3.19574628e-05
 -2.09851090e-06 -1.38952207e-08  8.61436963e-10]
	parent2 = [ 9.91732016e-19 -1.36497474e-12 -2.29504284e-13  5.02057384e-11
 -1.91617010e-10 -5.70436586e-16  9.23810724e-16  3.19840099e-05
 -2.09751480e-06 -1.38853863e-08  8.63132335e-10]
	cutoff index = 0
	child 1 = [ 9.91732016e-19 -1.36497474e-12 -2.29504284e-13  5.02057384e-11
 -1.91617010e-10 -5.70436586e-16  9.23810724e-16  3.19840099e-05
 -2.09751480e-06 -1.38853863e-08  8.63132335e-10]
	child 2 = [ 9.92286438e-19 -1.36550468e-12 -2.29725772e-13  5.02014578e-11
 -1.91638056e-10 -5.70254970e-16  9.23866389e-16  3.19574628e-05
 -2.09851090e-06 -1.38952207e-08  8.61436963e-10]


CROSSOVER:


	parent1 = [ 9.91594062e-19 -1.36627156e-12 -2.29887595e-13  5.02341836e-11
 -1.91885001e-10 -5.70254970e-16  9.23784298e-16  3.19840099e-05
 -2.09721319e-06 -1.38871085e-08  8.62752212e-10]
	parent2 = [ 9.91454207e-19 -1.36600997e-12 -2.29734158e-13  5.01845386e-11
 -1.91799925e-10 -5.70469811e-16  9.24015203e-16  3.19840099e-05
 -2.09926739e-06 -1.38892860e-08  8.61708200e-10]
	cutoff index = 7
	child 1 = [ 9.91594062e-19 -1.36627156e-12 -2.29887595e-13  5.02341836e-11
 -1.91885001e-10 -5.70254970e-16  9.23784298e-16  3.19840099e-05
 -2.09926739e-06 -1.38892860e-08  8.61708200e-10]
	child 2 = [ 9.91594062e-19 -1.36627156e-12 -2.29887595e-13  5.02341836e-11
 -1.91885001e-10 -5.70254970e-16  9.23784298e-16  3.19840099e-05
 -2.09721319e-06 -1.38871085e-08  8.62752212e-10]


MUTATION: 

RECEIVED FOR MUTATTION: [[ 9.91732016e-19 -1.36497474e-12 -2.29504284e-13  5.02057384e-11
  -1.91617010e-10 -5.70436586e-16  9.23810724e-16  3.19840099e-05
  -2.09751480e-06 -1.38853863e-08  8.63132335e-10]
 [ 9.91732016e-19 -1.36497474e-12 -2.29504284e-13  5.02057384e-11
  -1.91617010e-10 -5.70436586e-16  9.23810724e-16  3.19840099e-05
  -2.09751480e-06 -1.38735594e-08  8.62025470e-10]
 [ 9.91732016e-19 -1.36497474e-12 -2.29504284e-13  5.02057384e-11
  -1.91617010e-10 -5.70436586e-16  9.23810724e-16  3.19840099e-05
  -2.09751480e-06 -1.38853863e-08  8.63132335e-10]
 [ 9.91732016e-19 -1.36497474e-12 -2.29504284e-13  5.02057384e-11
  -1.91617010e-10 -5.70436586e-16  9.23810724e-16  3.19840099e-05
  -2.09751480e-06 -1.38853863e-08  8.63132335e-10]
 [ 9.91732016e-19 -1.36497474e-12 -2.29504284e-13  5.02057384e-11
  -1.91617010e-10 -5.70436586e-16  9.23810724e-16  3.19840099e-05
  -2.09751480e-06 -1.38853863e-08  8.63132335e-10]
 [ 9.92286438e-19 -1.36550468e-12 -2.29725772e-13  5.02014578e-11
  -1.91638056e-10 -5.70254970e-16  9.23866389e-16  3.19574628e-05
  -2.09851090e-06 -1.38952207e-08  8.61436963e-10]
 [ 9.91594062e-19 -1.36627156e-12 -2.29887595e-13  5.02341836e-11
  -1.91885001e-10 -5.70254970e-16  9.23784298e-16  3.19840099e-05
  -2.09926739e-06 -1.38892860e-08  8.61708200e-10]
 [ 9.91594062e-19 -1.36627156e-12 -2.29887595e-13  5.02341836e-11
  -1.91885001e-10 -5.70254970e-16  9.23784298e-16  3.19840099e-05
  -2.09721319e-06 -1.38871085e-08  8.62752212e-10]]

Mutated feature:[[ 9.92162808e-19 -1.36519231e-12 -2.29723141e-13  5.02143985e-11
  -1.91722109e-10 -5.70503280e-16  9.24028202e-16  3.19598495e-05
  -2.09681202e-06 -1.38793821e-08  8.62296929e-10]
 [ 9.92444802e-19 -1.36483995e-12 -2.29365974e-13  5.01593498e-11
  -1.91693641e-10 -5.70162173e-16  9.23810724e-16  3.20046806e-05
  -2.09634029e-06 -1.38728770e-08  8.62659848e-10]
 [ 9.92564883e-19 -1.36453725e-12 -2.29488574e-13  5.02211055e-11
  -1.91617010e-10 -5.70519807e-16  9.24541731e-16  3.20058936e-05
  -2.09724767e-06 -1.38913588e-08  8.63199946e-10]
 [ 9.90884683e-19 -1.36573186e-12 -2.29373254e-13  5.02057384e-11
  -1.91621887e-10 -5.70562083e-16  9.24605136e-16  3.19840099e-05
  -2.09740560e-06 -1.38931893e-08  8.63132335e-10]
 [ 9.91732016e-19 -1.36392067e-12 -2.29611162e-13  5.02126480e-11
  -1.91649303e-10 -5.70522206e-16  9.24534464e-16  3.20129337e-05
  -2.09824400e-06 -1.38721069e-08  8.62412307e-10]
 [ 9.92286438e-19 -1.36453567e-12 -2.29640357e-13  5.02392861e-11
  -1.91820236e-10 -5.70058620e-16  9.23866389e-16  3.19707511e-05
  -2.09860973e-06 -1.39085210e-08  8.61436963e-10]
 [ 9.91594062e-19 -1.36743043e-12 -2.29887595e-13  5.02341836e-11
  -1.91879882e-10 -5.69930687e-16  9.24625263e-16  3.19726841e-05
  -2.09989660e-06 -1.38915235e-08  8.61968335e-10]
 [ 9.91594062e-19 -1.36611951e-12 -2.30016095e-13  5.02818553e-11
  -1.91897059e-10 -5.70752857e-16  9.24673255e-16  3.19577587e-05
  -2.09873347e-06 -1.38940938e-08  8.62377497e-10]]


sending vector for error: [ 9.92162808e-19 -1.36519231e-12 -2.29723141e-13  5.02143985e-11
 -1.91722109e-10 -5.70503280e-16  9.24028202e-16  3.19598495e-05
 -2.09681202e-06 -1.38793821e-08  8.62296929e-10]
received errors: 526806121664.3934    123529500270.27075

sending vector for error: [ 9.92444802e-19 -1.36483995e-12 -2.29365974e-13  5.01593498e-11
 -1.91693641e-10 -5.70162173e-16  9.23810724e-16  3.20046806e-05
 -2.09634029e-06 -1.38728770e-08  8.62659848e-10]
received errors: 526119878530.4414    133146364687.76765

sending vector for error: [ 9.92564883e-19 -1.36453725e-12 -2.29488574e-13  5.02211055e-11
 -1.91617010e-10 -5.70519807e-16  9.24541731e-16  3.20058936e-05
 -2.09724767e-06 -1.38913588e-08  8.63199946e-10]
received errors: 525574775120.50574    131385418249.39339

sending vector for error: [ 9.90884683e-19 -1.36573186e-12 -2.29373254e-13  5.02057384e-11
 -1.91621887e-10 -5.70562083e-16  9.24605136e-16  3.19840099e-05
 -2.09740560e-06 -1.38931893e-08  8.63132335e-10]
received errors: 525354301118.7116    128211546120.16174

sending vector for error: [ 9.91732016e-19 -1.36392067e-12 -2.29611162e-13  5.02126480e-11
 -1.91649303e-10 -5.70522206e-16  9.24534464e-16  3.20129337e-05
 -2.09824400e-06 -1.38721069e-08  8.62412307e-10]
received errors: 531776643393.5036    124344405123.72421

sending vector for error: [ 9.92286438e-19 -1.36453567e-12 -2.29640357e-13  5.02392861e-11
 -1.91820236e-10 -5.70058620e-16  9.23866389e-16  3.19707511e-05
 -2.09860973e-06 -1.39085210e-08  8.61436963e-10]
received errors: 536510518437.3624    110015668883.46773

sending vector for error: [ 9.91594062e-19 -1.36743043e-12 -2.29887595e-13  5.02341836e-11
 -1.91879882e-10 -5.69930687e-16  9.24625263e-16  3.19726841e-05
 -2.09989660e-06 -1.38915235e-08  8.61968335e-10]
received errors: 537584364057.52734    112338193232.16414

sending vector for error: [ 9.91594062e-19 -1.36611951e-12 -2.30016095e-13  5.02818553e-11
 -1.91897059e-10 -5.70752857e-16  9.24673255e-16  3.19577587e-05
 -2.09873347e-06 -1.38940938e-08  8.62377497e-10]
received errors: 531480902480.6221    116361450465.36409


CROSSOVER:


	parent1 = [ 9.92444802e-19 -1.36483995e-12 -2.29365974e-13  5.01593498e-11
 -1.91693641e-10 -5.70162173e-16  9.23810724e-16  3.20046806e-05
 -2.09634029e-06 -1.38728770e-08  8.62659848e-10]
	parent2 = [ 9.92162808e-19 -1.36519231e-12 -2.29723141e-13  5.02143985e-11
 -1.91722109e-10 -5.70503280e-16  9.24028202e-16  3.19598495e-05
 -2.09681202e-06 -1.38793821e-08  8.62296929e-10]
	cutoff index = 4
	child 1 = [ 9.92444802e-19 -1.36483995e-12 -2.29365974e-13  5.01593498e-11
 -1.91722109e-10 -5.70503280e-16  9.24028202e-16  3.19598495e-05
 -2.09681202e-06 -1.38793821e-08  8.62296929e-10]
	child 2 = [ 9.92444802e-19 -1.36483995e-12 -2.29365974e-13  5.01593498e-11
 -1.91693641e-10 -5.70162173e-16  9.23810724e-16  3.20046806e-05
 -2.09634029e-06 -1.38728770e-08  8.62659848e-10]


CROSSOVER:


	parent1 = [ 9.91594062e-19 -1.36611951e-12 -2.30016095e-13  5.02818553e-11
 -1.91897059e-10 -5.70752857e-16  9.24673255e-16  3.19577587e-05
 -2.09873347e-06 -1.38940938e-08  8.62377497e-10]
	parent2 = [ 9.90884683e-19 -1.36573186e-12 -2.29373254e-13  5.02057384e-11
 -1.91621887e-10 -5.70562083e-16  9.24605136e-16  3.19840099e-05
 -2.09740560e-06 -1.38931893e-08  8.63132335e-10]
	cutoff index = 3
	child 1 = [ 9.91594062e-19 -1.36611951e-12 -2.30016095e-13  5.02057384e-11
 -1.91621887e-10 -5.70562083e-16  9.24605136e-16  3.19840099e-05
 -2.09740560e-06 -1.38931893e-08  8.63132335e-10]
	child 2 = [ 9.91594062e-19 -1.36611951e-12 -2.30016095e-13  5.02818553e-11
 -1.91897059e-10 -5.70752857e-16  9.24673255e-16  3.19577587e-05
 -2.09873347e-06 -1.38940938e-08  8.62377497e-10]


CROSSOVER:


	parent1 = [ 9.92444802e-19 -1.36483995e-12 -2.29365974e-13  5.01593498e-11
 -1.91722109e-10 -5.70503280e-16  9.24028202e-16  3.19598495e-05
 -2.09681202e-06 -1.38793821e-08  8.62296929e-10]
	parent2 = [ 9.92444802e-19 -1.36483995e-12 -2.29365974e-13  5.01593498e-11
 -1.91722109e-10 -5.70503280e-16  9.24028202e-16  3.19598495e-05
 -2.09681202e-06 -1.38793821e-08  8.62296929e-10]
	cutoff index = 6
	child 1 = [ 9.92444802e-19 -1.36483995e-12 -2.29365974e-13  5.01593498e-11
 -1.91722109e-10 -5.70503280e-16  9.24028202e-16  3.19598495e-05
 -2.09681202e-06 -1.38793821e-08  8.62296929e-10]
	child 2 = [ 9.92444802e-19 -1.36483995e-12 -2.29365974e-13  5.01593498e-11
 -1.91722109e-10 -5.70503280e-16  9.24028202e-16  3.19598495e-05
 -2.09681202e-06 -1.38793821e-08  8.62296929e-10]


CROSSOVER:


	parent1 = [ 9.92444802e-19 -1.36483995e-12 -2.29365974e-13  5.01593498e-11
 -1.91722109e-10 -5.70503280e-16  9.24028202e-16  3.19598495e-05
 -2.09681202e-06 -1.38793821e-08  8.62296929e-10]
	parent2 = [ 9.91594062e-19 -1.36611951e-12 -2.30016095e-13  5.02818553e-11
 -1.91897059e-10 -5.70752857e-16  9.24673255e-16  3.19577587e-05
 -2.09873347e-06 -1.38940938e-08  8.62377497e-10]
	cutoff index = 8
	child 1 = [ 9.92444802e-19 -1.36483995e-12 -2.29365974e-13  5.01593498e-11
 -1.91722109e-10 -5.70503280e-16  9.24028202e-16  3.19598495e-05
 -2.09873347e-06 -1.38940938e-08  8.62377497e-10]
	child 2 = [ 9.92444802e-19 -1.36483995e-12 -2.29365974e-13  5.01593498e-11
 -1.91722109e-10 -5.70503280e-16  9.24028202e-16  3.19598495e-05
 -2.09681202e-06 -1.38793821e-08  8.62296929e-10]


MUTATION: 

RECEIVED FOR MUTATTION: [[ 9.92444802e-19 -1.36483995e-12 -2.29365974e-13  5.01593498e-11
  -1.91722109e-10 -5.70503280e-16  9.24028202e-16  3.19598495e-05
  -2.09681202e-06 -1.38793821e-08  8.62296929e-10]
 [ 9.92444802e-19 -1.36483995e-12 -2.29365974e-13  5.01593498e-11
  -1.91693641e-10 -5.70162173e-16  9.23810724e-16  3.20046806e-05
  -2.09634029e-06 -1.38728770e-08  8.62659848e-10]
 [ 9.91594062e-19 -1.36611951e-12 -2.30016095e-13  5.02057384e-11
  -1.91621887e-10 -5.70562083e-16  9.24605136e-16  3.19840099e-05
  -2.09740560e-06 -1.38931893e-08  8.63132335e-10]
 [ 9.92444802e-19 -1.36483995e-12 -2.29365974e-13  5.01593498e-11
  -1.91722109e-10 -5.70503280e-16  9.24028202e-16  3.19598495e-05
  -2.09873347e-06 -1.38940938e-08  8.62377497e-10]
 [ 9.92444802e-19 -1.36483995e-12 -2.29365974e-13  5.01593498e-11
  -1.91722109e-10 -5.70503280e-16  9.24028202e-16  3.19598495e-05
  -2.09681202e-06 -1.38793821e-08  8.62296929e-10]
 [ 9.92444802e-19 -1.36483995e-12 -2.29365974e-13  5.01593498e-11
  -1.91722109e-10 -5.70503280e-16  9.24028202e-16  3.19598495e-05
  -2.09681202e-06 -1.38793821e-08  8.62296929e-10]
 [ 9.92444802e-19 -1.36483995e-12 -2.29365974e-13  5.01593498e-11
  -1.91722109e-10 -5.70503280e-16  9.24028202e-16  3.19598495e-05
  -2.09873347e-06 -1.38940938e-08  8.62377497e-10]
 [ 9.92444802e-19 -1.36483995e-12 -2.29365974e-13  5.01593498e-11
  -1.91722109e-10 -5.70503280e-16  9.24028202e-16  3.19598495e-05
  -2.09681202e-06 -1.38793821e-08  8.62296929e-10]]

Mutated feature:[[ 9.93095479e-19 -1.36470357e-12 -2.29163711e-13  5.01593498e-11
  -1.91810140e-10 -5.71055752e-16  9.24010684e-16  3.19863624e-05
  -2.09486317e-06 -1.38658269e-08  8.62296929e-10]
 [ 9.92444802e-19 -1.36462427e-12 -2.29365974e-13  5.01155083e-11
  -1.91605189e-10 -5.70002782e-16  9.23137473e-16  3.19937777e-05
  -2.09678826e-06 -1.38773019e-08  8.63193939e-10]
 [ 9.92059135e-19 -1.36530951e-12 -2.30045875e-13  5.01902004e-11
  -1.91808629e-10 -5.70257694e-16  9.24635297e-16  3.20071656e-05
  -2.09569243e-06 -1.38931893e-08  8.63427104e-10]
 [ 9.92931675e-19 -1.36483995e-12 -2.29292643e-13  5.01315273e-11
  -1.91627731e-10 -5.70503280e-16  9.24247816e-16  3.19522994e-05
  -2.09804102e-06 -1.39027816e-08  8.62476541e-10]
 [ 9.92444802e-19 -1.36542898e-12 -2.29594311e-13  5.01891582e-11
  -1.91705939e-10 -5.70550019e-16  9.24833237e-16  3.19653755e-05
  -2.09508797e-06 -1.38829605e-08  8.62296929e-10]
 [ 9.92784486e-19 -1.36401913e-12 -2.29463990e-13  5.01600232e-11
  -1.91605900e-10 -5.70867238e-16  9.24541165e-16  3.19889291e-05
  -2.09796312e-06 -1.38848751e-08  8.62116173e-10]
 [ 9.93218325e-19 -1.36547470e-12 -2.29324094e-13  5.01877368e-11
  -1.91722109e-10 -5.70147022e-16  9.24433913e-16  3.19639835e-05
  -2.09873347e-06 -1.38975869e-08  8.62377497e-10]
 [ 9.92309923e-19 -1.36575050e-12 -2.29365974e-13  5.01632128e-11
  -1.91900449e-10 -5.70503280e-16  9.24028202e-16  3.19483455e-05
  -2.09681202e-06 -1.38888379e-08  8.62478663e-10]]


sending vector for error: [ 9.93095479e-19 -1.36470357e-12 -2.29163711e-13  5.01593498e-11
 -1.91810140e-10 -5.71055752e-16  9.24010684e-16  3.19863624e-05
 -2.09486317e-06 -1.38658269e-08  8.62296929e-10]
received errors: 523674130711.9461    135116574045.753

sending vector for error: [ 9.92444802e-19 -1.36462427e-12 -2.29365974e-13  5.01155083e-11
 -1.91605189e-10 -5.70002782e-16  9.23137473e-16  3.19937777e-05
 -2.09678826e-06 -1.38773019e-08  8.63193939e-10]
received errors: 524838159996.26013    135300494898.25525

sending vector for error: [ 9.92059135e-19 -1.36530951e-12 -2.30045875e-13  5.01902004e-11
 -1.91808629e-10 -5.70257694e-16  9.24635297e-16  3.20071656e-05
 -2.09569243e-06 -1.38931893e-08  8.63427104e-10]
received errors: 521646580473.61115    140192309654.91693

sending vector for error: [ 9.92931675e-19 -1.36483995e-12 -2.29292643e-13  5.01315273e-11
 -1.91627731e-10 -5.70503280e-16  9.24247816e-16  3.19522994e-05
 -2.09804102e-06 -1.39027816e-08  8.62476541e-10]
received errors: 528744356010.27576    117430479652.86353

sending vector for error: [ 9.92444802e-19 -1.36542898e-12 -2.29594311e-13  5.01891582e-11
 -1.91705939e-10 -5.70550019e-16  9.24833237e-16  3.19653755e-05
 -2.09508797e-06 -1.38829605e-08  8.62296929e-10]
received errors: 522636083554.45374    129246064606.57475

sending vector for error: [ 9.92784486e-19 -1.36401913e-12 -2.29463990e-13  5.01600232e-11
 -1.91605900e-10 -5.70867238e-16  9.24541165e-16  3.19889291e-05
 -2.09796312e-06 -1.38848751e-08  8.62116173e-10]
received errors: 531326374094.74884    119220405803.92757

sending vector for error: [ 9.93218325e-19 -1.36547470e-12 -2.29324094e-13  5.01877368e-11
 -1.91722109e-10 -5.70147022e-16  9.24433913e-16  3.19639835e-05
 -2.09873347e-06 -1.38975869e-08  8.62377497e-10]
received errors: 531583026570.81104    116313038860.38968

sending vector for error: [ 9.92309923e-19 -1.36575050e-12 -2.29365974e-13  5.01632128e-11
 -1.91900449e-10 -5.70503280e-16  9.24028202e-16  3.19483455e-05
 -2.09681202e-06 -1.38888379e-08  8.62478663e-10]
received errors: 525480941520.6525    122835171847.76192


CROSSOVER:


	parent1 = [ 9.92444802e-19 -1.36542898e-12 -2.29594311e-13  5.01891582e-11
 -1.91705939e-10 -5.70550019e-16  9.24833237e-16  3.19653755e-05
 -2.09508797e-06 -1.38829605e-08  8.62296929e-10]
	parent2 = [ 9.92931675e-19 -1.36483995e-12 -2.29292643e-13  5.01315273e-11
 -1.91627731e-10 -5.70503280e-16  9.24247816e-16  3.19522994e-05
 -2.09804102e-06 -1.39027816e-08  8.62476541e-10]
	cutoff index = 7
	child 1 = [ 9.92444802e-19 -1.36542898e-12 -2.29594311e-13  5.01891582e-11
 -1.91705939e-10 -5.70550019e-16  9.24833237e-16  3.19522994e-05
 -2.09804102e-06 -1.39027816e-08  8.62476541e-10]
	child 2 = [ 9.92444802e-19 -1.36542898e-12 -2.29594311e-13  5.01891582e-11
 -1.91705939e-10 -5.70550019e-16  9.24833237e-16  3.19653755e-05
 -2.09508797e-06 -1.38829605e-08  8.62296929e-10]


CROSSOVER:


	parent1 = [ 9.92444802e-19 -1.36542898e-12 -2.29594311e-13  5.01891582e-11
 -1.91705939e-10 -5.70550019e-16  9.24833237e-16  3.19653755e-05
 -2.09508797e-06 -1.38829605e-08  8.62296929e-10]
	parent2 = [ 9.92309923e-19 -1.36575050e-12 -2.29365974e-13  5.01632128e-11
 -1.91900449e-10 -5.70503280e-16  9.24028202e-16  3.19483455e-05
 -2.09681202e-06 -1.38888379e-08  8.62478663e-10]
	cutoff index = 9
	child 1 = [ 9.92444802e-19 -1.36542898e-12 -2.29594311e-13  5.01891582e-11
 -1.91705939e-10 -5.70550019e-16  9.24833237e-16  3.19653755e-05
 -2.09508797e-06 -1.38888379e-08  8.62478663e-10]
	child 2 = [ 9.92444802e-19 -1.36542898e-12 -2.29594311e-13  5.01891582e-11
 -1.91705939e-10 -5.70550019e-16  9.24833237e-16  3.19653755e-05
 -2.09508797e-06 -1.38829605e-08  8.62296929e-10]


CROSSOVER:


	parent1 = [ 9.92059135e-19 -1.36530951e-12 -2.30045875e-13  5.01902004e-11
 -1.91808629e-10 -5.70257694e-16  9.24635297e-16  3.20071656e-05
 -2.09569243e-06 -1.38931893e-08  8.63427104e-10]
	parent2 = [ 9.92444802e-19 -1.36542898e-12 -2.29594311e-13  5.01891582e-11
 -1.91705939e-10 -5.70550019e-16  9.24833237e-16  3.19522994e-05
 -2.09804102e-06 -1.39027816e-08  8.62476541e-10]
	cutoff index = 9
	child 1 = [ 9.92059135e-19 -1.36530951e-12 -2.30045875e-13  5.01902004e-11
 -1.91808629e-10 -5.70257694e-16  9.24635297e-16  3.20071656e-05
 -2.09569243e-06 -1.39027816e-08  8.62476541e-10]
	child 2 = [ 9.92059135e-19 -1.36530951e-12 -2.30045875e-13  5.01902004e-11
 -1.91808629e-10 -5.70257694e-16  9.24635297e-16  3.20071656e-05
 -2.09569243e-06 -1.38931893e-08  8.63427104e-10]


CROSSOVER:


	parent1 = [ 9.92059135e-19 -1.36530951e-12 -2.30045875e-13  5.01902004e-11
 -1.91808629e-10 -5.70257694e-16  9.24635297e-16  3.20071656e-05
 -2.09569243e-06 -1.39027816e-08  8.62476541e-10]
	parent2 = [ 9.92444802e-19 -1.36542898e-12 -2.29594311e-13  5.01891582e-11
 -1.91705939e-10 -5.70550019e-16  9.24833237e-16  3.19653755e-05
 -2.09508797e-06 -1.38829605e-08  8.62296929e-10]
	cutoff index = 10
	child 1 = [ 9.92059135e-19 -1.36530951e-12 -2.30045875e-13  5.01902004e-11
 -1.91808629e-10 -5.70257694e-16  9.24635297e-16  3.20071656e-05
 -2.09569243e-06 -1.39027816e-08  8.62296929e-10]
	child 2 = [ 9.92059135e-19 -1.36530951e-12 -2.30045875e-13  5.01902004e-11
 -1.91808629e-10 -5.70257694e-16  9.24635297e-16  3.20071656e-05
 -2.09569243e-06 -1.39027816e-08  8.62476541e-10]


MUTATION: 

RECEIVED FOR MUTATTION: [[ 9.92059135e-19 -1.36530951e-12 -2.30045875e-13  5.01902004e-11
  -1.91808629e-10 -5.70257694e-16  9.24635297e-16  3.20071656e-05
  -2.09569243e-06 -1.39027816e-08  8.62476541e-10]
 [ 9.92059135e-19 -1.36530951e-12 -2.30045875e-13  5.01902004e-11
  -1.91808629e-10 -5.70257694e-16  9.24635297e-16  3.20071656e-05
  -2.09569243e-06 -1.39027816e-08  8.62296929e-10]
 [ 9.92444802e-19 -1.36542898e-12 -2.29594311e-13  5.01891582e-11
  -1.91705939e-10 -5.70550019e-16  9.24833237e-16  3.19653755e-05
  -2.09508797e-06 -1.38888379e-08  8.62478663e-10]
 [ 9.92059135e-19 -1.36530951e-12 -2.30045875e-13  5.01902004e-11
  -1.91808629e-10 -5.70257694e-16  9.24635297e-16  3.20071656e-05
  -2.09569243e-06 -1.39027816e-08  8.62296929e-10]
 [ 9.92059135e-19 -1.36530951e-12 -2.30045875e-13  5.01902004e-11
  -1.91808629e-10 -5.70257694e-16  9.24635297e-16  3.20071656e-05
  -2.09569243e-06 -1.39027816e-08  8.62476541e-10]
 [ 9.92059135e-19 -1.36530951e-12 -2.30045875e-13  5.01902004e-11
  -1.91808629e-10 -5.70257694e-16  9.24635297e-16  3.20071656e-05
  -2.09569243e-06 -1.38931893e-08  8.63427104e-10]
 [ 9.92059135e-19 -1.36530951e-12 -2.30045875e-13  5.01902004e-11
  -1.91808629e-10 -5.70257694e-16  9.24635297e-16  3.20071656e-05
  -2.09569243e-06 -1.39027816e-08  8.62296929e-10]
 [ 9.92059135e-19 -1.36530951e-12 -2.30045875e-13  5.01902004e-11
  -1.91808629e-10 -5.70257694e-16  9.24635297e-16  3.20071656e-05
  -2.09569243e-06 -1.39027816e-08  8.62476541e-10]]

Mutated feature:[[ 9.92886389e-19 -1.36636551e-12 -2.30133827e-13  5.02198283e-11
  -1.91897635e-10 -5.69811272e-16  9.24631099e-16  3.19973688e-05
  -2.09569243e-06 -1.38900002e-08  8.63221371e-10]
 [ 9.92677735e-19 -1.36530951e-12 -2.30136261e-13  5.02002254e-11
  -1.91873336e-10 -5.70257694e-16  9.24234911e-16  3.20182627e-05
  -2.09569243e-06 -1.39027816e-08  8.62027788e-10]
 [ 9.92386274e-19 -1.36542898e-12 -2.29656172e-13  5.02372198e-11
  -1.91702604e-10 -5.70934471e-16  9.25139868e-16  3.19348742e-05
  -2.09661995e-06 -1.38968626e-08  8.62829424e-10]
 [ 9.92059135e-19 -1.36461893e-12 -2.30165825e-13  5.01532922e-11
  -1.91885783e-10 -5.69897790e-16  9.24635297e-16  3.20376581e-05
  -2.09454516e-06 -1.39126250e-08  8.61948095e-10]
 [ 9.91969351e-19 -1.36530951e-12 -2.30142618e-13  5.01493372e-11
  -1.91892123e-10 -5.70543224e-16  9.25392207e-16  3.20144166e-05
  -2.09631227e-06 -1.39046196e-08  8.62528961e-10]
 [ 9.92262509e-19 -1.36530951e-12 -2.29860015e-13  5.01930593e-11
  -1.91870878e-10 -5.70047066e-16  9.23942312e-16  3.20071656e-05
  -2.09564417e-06 -1.38865691e-08  8.62939749e-10]
 [ 9.92177160e-19 -1.36460294e-12 -2.30136304e-13  5.01807461e-11
  -1.91637810e-10 -5.69919092e-16  9.24649428e-16  3.20215396e-05
  -2.09584428e-06 -1.39117416e-08  8.61489043e-10]
 [ 9.92159504e-19 -1.36438357e-12 -2.30045875e-13  5.01902004e-11
  -1.91652235e-10 -5.70257694e-16  9.24635297e-16  3.20335309e-05
  -2.09772580e-06 -1.39004070e-08  8.62131041e-10]]


sending vector for error: [ 9.92886389e-19 -1.36636551e-12 -2.30133827e-13  5.02198283e-11
 -1.91897635e-10 -5.69811272e-16  9.24631099e-16  3.19973688e-05
 -2.09569243e-06 -1.38900002e-08  8.63221371e-10]
received errors: 521991804693.124    137848323861.28128

sending vector for error: [ 9.92677735e-19 -1.36530951e-12 -2.30136261e-13  5.02002254e-11
 -1.91873336e-10 -5.70257694e-16  9.24234911e-16  3.20182627e-05
 -2.09569243e-06 -1.39027816e-08  8.62027788e-10]
received errors: 526074120894.3273    124482140064.64314

sending vector for error: [ 9.92386274e-19 -1.36542898e-12 -2.29656172e-13  5.02372198e-11
 -1.91702604e-10 -5.70934471e-16  9.25139868e-16  3.19348742e-05
 -2.09661995e-06 -1.38968626e-08  8.62829424e-10]
received errors: 522933136305.0524    124218596857.55798

sending vector for error: [ 9.92059135e-19 -1.36461893e-12 -2.30165825e-13  5.01532922e-11
 -1.91885783e-10 -5.69897790e-16  9.24635297e-16  3.20376581e-05
 -2.09454516e-06 -1.39126250e-08  8.61948095e-10]
received errors: 523881067974.0295    127394683656.14832

sending vector for error: [ 9.91969351e-19 -1.36530951e-12 -2.30142618e-13  5.01493372e-11
 -1.91892123e-10 -5.70543224e-16  9.25392207e-16  3.20144166e-05
 -2.09631227e-06 -1.39046196e-08  8.62528961e-10]
received errors: 525504831338.4181    126315385765.5883

sending vector for error: [ 9.92262509e-19 -1.36530951e-12 -2.29860015e-13  5.01930593e-11
 -1.91870878e-10 -5.70047066e-16  9.23942312e-16  3.20071656e-05
 -2.09564417e-06 -1.38865691e-08  8.62939749e-10]
received errors: 523235393111.8495    136392015003.21284

sending vector for error: [ 9.92177160e-19 -1.36460294e-12 -2.30136304e-13  5.01807461e-11
 -1.91637810e-10 -5.69919092e-16  9.24649428e-16  3.20215396e-05
 -2.09584428e-06 -1.39117416e-08  8.61489043e-10]
received errors: 528616700681.95245    118235169439.70166

sending vector for error: [ 9.92159504e-19 -1.36438357e-12 -2.30045875e-13  5.01902004e-11
 -1.91652235e-10 -5.70257694e-16  9.24635297e-16  3.20335309e-05
 -2.09772580e-06 -1.39004070e-08  8.62131041e-10]
received errors: 531443249560.2477    120178755505.3783


CROSSOVER:


	parent1 = [ 9.92059135e-19 -1.36461893e-12 -2.30165825e-13  5.01532922e-11
 -1.91885783e-10 -5.69897790e-16  9.24635297e-16  3.20376581e-05
 -2.09454516e-06 -1.39126250e-08  8.61948095e-10]
	parent2 = [ 9.92386274e-19 -1.36542898e-12 -2.29656172e-13  5.02372198e-11
 -1.91702604e-10 -5.70934471e-16  9.25139868e-16  3.19348742e-05
 -2.09661995e-06 -1.38968626e-08  8.62829424e-10]
	cutoff index = 7
	child 1 = [ 9.92059135e-19 -1.36461893e-12 -2.30165825e-13  5.01532922e-11
 -1.91885783e-10 -5.69897790e-16  9.24635297e-16  3.19348742e-05
 -2.09661995e-06 -1.38968626e-08  8.62829424e-10]
	child 2 = [ 9.92059135e-19 -1.36461893e-12 -2.30165825e-13  5.01532922e-11
 -1.91885783e-10 -5.69897790e-16  9.24635297e-16  3.20376581e-05
 -2.09454516e-06 -1.39126250e-08  8.61948095e-10]


CROSSOVER:


	parent1 = [ 9.92059135e-19 -1.36461893e-12 -2.30165825e-13  5.01532922e-11
 -1.91885783e-10 -5.69897790e-16  9.24635297e-16  3.20376581e-05
 -2.09454516e-06 -1.39126250e-08  8.61948095e-10]
	parent2 = [ 9.92177160e-19 -1.36460294e-12 -2.30136304e-13  5.01807461e-11
 -1.91637810e-10 -5.69919092e-16  9.24649428e-16  3.20215396e-05
 -2.09584428e-06 -1.39117416e-08  8.61489043e-10]
	cutoff index = 10
	child 1 = [ 9.92059135e-19 -1.36461893e-12 -2.30165825e-13  5.01532922e-11
 -1.91885783e-10 -5.69897790e-16  9.24635297e-16  3.20376581e-05
 -2.09454516e-06 -1.39126250e-08  8.61489043e-10]
	child 2 = [ 9.92059135e-19 -1.36461893e-12 -2.30165825e-13  5.01532922e-11
 -1.91885783e-10 -5.69897790e-16  9.24635297e-16  3.20376581e-05
 -2.09454516e-06 -1.39126250e-08  8.61948095e-10]


CROSSOVER:


	parent1 = [ 9.92059135e-19 -1.36461893e-12 -2.30165825e-13  5.01532922e-11
 -1.91885783e-10 -5.69897790e-16  9.24635297e-16  3.20376581e-05
 -2.09454516e-06 -1.39126250e-08  8.61948095e-10]
	parent2 = [ 9.92059135e-19 -1.36461893e-12 -2.30165825e-13  5.01532922e-11
 -1.91885783e-10 -5.69897790e-16  9.24635297e-16  3.20376581e-05
 -2.09454516e-06 -1.39126250e-08  8.61489043e-10]
	cutoff index = 6
	child 1 = [ 9.92059135e-19 -1.36461893e-12 -2.30165825e-13  5.01532922e-11
 -1.91885783e-10 -5.69897790e-16  9.24635297e-16  3.20376581e-05
 -2.09454516e-06 -1.39126250e-08  8.61489043e-10]
	child 2 = [ 9.92059135e-19 -1.36461893e-12 -2.30165825e-13  5.01532922e-11
 -1.91885783e-10 -5.69897790e-16  9.24635297e-16  3.20376581e-05
 -2.09454516e-06 -1.39126250e-08  8.61948095e-10]


CROSSOVER:


	parent1 = [ 9.92059135e-19 -1.36461893e-12 -2.30165825e-13  5.01532922e-11
 -1.91885783e-10 -5.69897790e-16  9.24635297e-16  3.20376581e-05
 -2.09454516e-06 -1.39126250e-08  8.61489043e-10]
	parent2 = [ 9.92059135e-19 -1.36461893e-12 -2.30165825e-13  5.01532922e-11
 -1.91885783e-10 -5.69897790e-16  9.24635297e-16  3.19348742e-05
 -2.09661995e-06 -1.38968626e-08  8.62829424e-10]
	cutoff index = 10
	child 1 = [ 9.92059135e-19 -1.36461893e-12 -2.30165825e-13  5.01532922e-11
 -1.91885783e-10 -5.69897790e-16  9.24635297e-16  3.20376581e-05
 -2.09454516e-06 -1.39126250e-08  8.62829424e-10]
	child 2 = [ 9.92059135e-19 -1.36461893e-12 -2.30165825e-13  5.01532922e-11
 -1.91885783e-10 -5.69897790e-16  9.24635297e-16  3.20376581e-05
 -2.09454516e-06 -1.39126250e-08  8.61489043e-10]


MUTATION: 

RECEIVED FOR MUTATTION: [[ 9.92059135e-19 -1.36461893e-12 -2.30165825e-13  5.01532922e-11
  -1.91885783e-10 -5.69897790e-16  9.24635297e-16  3.20376581e-05
  -2.09454516e-06 -1.39126250e-08  8.62829424e-10]
 [ 9.92059135e-19 -1.36461893e-12 -2.30165825e-13  5.01532922e-11
  -1.91885783e-10 -5.69897790e-16  9.24635297e-16  3.20376581e-05
  -2.09454516e-06 -1.39126250e-08  8.61948095e-10]
 [ 9.92059135e-19 -1.36461893e-12 -2.30165825e-13  5.01532922e-11
  -1.91885783e-10 -5.69897790e-16  9.24635297e-16  3.20376581e-05
  -2.09454516e-06 -1.39126250e-08  8.61489043e-10]
 [ 9.92059135e-19 -1.36461893e-12 -2.30165825e-13  5.01532922e-11
  -1.91885783e-10 -5.69897790e-16  9.24635297e-16  3.20376581e-05
  -2.09454516e-06 -1.39126250e-08  8.61948095e-10]
 [ 9.92059135e-19 -1.36461893e-12 -2.30165825e-13  5.01532922e-11
  -1.91885783e-10 -5.69897790e-16  9.24635297e-16  3.20376581e-05
  -2.09454516e-06 -1.39126250e-08  8.61489043e-10]
 [ 9.92059135e-19 -1.36461893e-12 -2.30165825e-13  5.01532922e-11
  -1.91885783e-10 -5.69897790e-16  9.24635297e-16  3.20376581e-05
  -2.09454516e-06 -1.39126250e-08  8.61948095e-10]
 [ 9.92059135e-19 -1.36461893e-12 -2.30165825e-13  5.01532922e-11
  -1.91885783e-10 -5.69897790e-16  9.24635297e-16  3.20376581e-05
  -2.09454516e-06 -1.39126250e-08  8.62829424e-10]
 [ 9.92059135e-19 -1.36461893e-12 -2.30165825e-13  5.01532922e-11
  -1.91885783e-10 -5.69897790e-16  9.24635297e-16  3.20376581e-05
  -2.09454516e-06 -1.39126250e-08  8.61489043e-10]]

Mutated feature:[[ 9.92025234e-19 -1.36341830e-12 -2.30286068e-13  5.01495619e-11
  -1.91760162e-10 -5.69897790e-16  9.23787921e-16  3.20678270e-05
  -2.09454516e-06 -1.38999686e-08  8.61980207e-10]
 [ 9.91690675e-19 -1.36394500e-12 -2.30244852e-13  5.01532922e-11
  -1.91813599e-10 -5.70126947e-16  9.23980373e-16  3.20279288e-05
  -2.09312761e-06 -1.39126250e-08  8.61948095e-10]
 [ 9.91211621e-19 -1.36439905e-12 -2.30136396e-13  5.01888332e-11
  -1.91885783e-10 -5.70151414e-16  9.25300008e-16  3.20379308e-05
  -2.09501296e-06 -1.39052061e-08  8.61067945e-10]
 [ 9.91496071e-19 -1.36448203e-12 -2.30200782e-13  5.01545871e-11
  -1.91699963e-10 -5.69748857e-16  9.23972855e-16  3.20376581e-05
  -2.09535093e-06 -1.39126250e-08  8.62793312e-10]
 [ 9.91298724e-19 -1.36533421e-12 -2.30115859e-13  5.01512296e-11
  -1.91925006e-10 -5.69897790e-16  9.25174623e-16  3.20122998e-05
  -2.09271239e-06 -1.39223041e-08  8.61969325e-10]
 [ 9.91567259e-19 -1.36549721e-12 -2.30139153e-13  5.02028931e-11
  -1.91976813e-10 -5.69574727e-16  9.24741597e-16  3.20423702e-05
  -2.09638114e-06 -1.39171560e-08  8.62035884e-10]
 [ 9.92411755e-19 -1.36356831e-12 -2.30174587e-13  5.01532922e-11
  -1.92053324e-10 -5.69897790e-16  9.24062236e-16  3.20580648e-05
  -2.09332558e-06 -1.39112826e-08  8.62829424e-10]
 [ 9.92235461e-19 -1.36397516e-12 -2.30165825e-13  5.01054125e-11
  -1.92016491e-10 -5.70015416e-16  9.25463071e-16  3.20597860e-05
  -2.09418829e-06 -1.39191562e-08  8.61850447e-10]]


sending vector for error: [ 9.92025234e-19 -1.36341830e-12 -2.30286068e-13  5.01495619e-11
 -1.91760162e-10 -5.69897790e-16  9.23787921e-16  3.20678270e-05
 -2.09454516e-06 -1.38999686e-08  8.61980207e-10]
received errors: 525414498307.3416    132534083541.1709

sending vector for error: [ 9.91690675e-19 -1.36394500e-12 -2.30244852e-13  5.01532922e-11
 -1.91813599e-10 -5.70126947e-16  9.23980373e-16  3.20279288e-05
 -2.09312761e-06 -1.39126250e-08  8.61948095e-10]
received errors: 520345711369.1053    132135448142.70256

sending vector for error: [ 9.91211621e-19 -1.36439905e-12 -2.30136396e-13  5.01888332e-11
 -1.91885783e-10 -5.70151414e-16  9.25300008e-16  3.20379308e-05
 -2.09501296e-06 -1.39052061e-08  8.61067945e-10]
received errors: 528760229115.0879    119143046406.96115

sending vector for error: [ 9.91496071e-19 -1.36448203e-12 -2.30200782e-13  5.01545871e-11
 -1.91699963e-10 -5.69748857e-16  9.23972855e-16  3.20376581e-05
 -2.09535093e-06 -1.39126250e-08  8.62793312e-10]
received errors: 522915415707.30945    132954686799.06506

sending vector for error: [ 9.91298724e-19 -1.36533421e-12 -2.30115859e-13  5.01512296e-11
 -1.91925006e-10 -5.69897790e-16  9.25174623e-16  3.20122998e-05
 -2.09271239e-06 -1.39223041e-08  8.61969325e-10]
received errors: 518362693130.9451    130884749013.87651

sending vector for error: [ 9.91567259e-19 -1.36549721e-12 -2.30139153e-13  5.02028931e-11
 -1.91976813e-10 -5.69574727e-16  9.24741597e-16  3.20423702e-05
 -2.09638114e-06 -1.39171560e-08  8.62035884e-10]
received errors: 528115990500.1335    121484071443.53745

sending vector for error: [ 9.92411755e-19 -1.36356831e-12 -2.30174587e-13  5.01532922e-11
 -1.92053324e-10 -5.69897790e-16  9.24062236e-16  3.20580648e-05
 -2.09332558e-06 -1.39112826e-08  8.62829424e-10]
received errors: 519820383351.6034    144500443893.62344

sending vector for error: [ 9.92235461e-19 -1.36397516e-12 -2.30165825e-13  5.01054125e-11
 -1.92016491e-10 -5.70015416e-16  9.25463071e-16  3.20597860e-05
 -2.09418829e-06 -1.39191562e-08  8.61850447e-10]
received errors: 523876229219.34064    128040810649.37288


CROSSOVER:


	parent1 = [ 9.91298724e-19 -1.36533421e-12 -2.30115859e-13  5.01512296e-11
 -1.91925006e-10 -5.69897790e-16  9.25174623e-16  3.20122998e-05
 -2.09271239e-06 -1.39223041e-08  8.61969325e-10]
	parent2 = [ 9.91298724e-19 -1.36533421e-12 -2.30115859e-13  5.01512296e-11
 -1.91925006e-10 -5.69897790e-16  9.25174623e-16  3.20122998e-05
 -2.09271239e-06 -1.39223041e-08  8.61969325e-10]
	cutoff index = 2
	child 1 = [ 9.91298724e-19 -1.36533421e-12 -2.30115859e-13  5.01512296e-11
 -1.91925006e-10 -5.69897790e-16  9.25174623e-16  3.20122998e-05
 -2.09271239e-06 -1.39223041e-08  8.61969325e-10]
	child 2 = [ 9.91298724e-19 -1.36533421e-12 -2.30115859e-13  5.01512296e-11
 -1.91925006e-10 -5.69897790e-16  9.25174623e-16  3.20122998e-05
 -2.09271239e-06 -1.39223041e-08  8.61969325e-10]


CROSSOVER:


	parent1 = [ 9.91567259e-19 -1.36549721e-12 -2.30139153e-13  5.02028931e-11
 -1.91976813e-10 -5.69574727e-16  9.24741597e-16  3.20423702e-05
 -2.09638114e-06 -1.39171560e-08  8.62035884e-10]
	parent2 = [ 9.91298724e-19 -1.36533421e-12 -2.30115859e-13  5.01512296e-11
 -1.91925006e-10 -5.69897790e-16  9.25174623e-16  3.20122998e-05
 -2.09271239e-06 -1.39223041e-08  8.61969325e-10]
	cutoff index = 9
	child 1 = [ 9.91567259e-19 -1.36549721e-12 -2.30139153e-13  5.02028931e-11
 -1.91976813e-10 -5.69574727e-16  9.24741597e-16  3.20423702e-05
 -2.09638114e-06 -1.39223041e-08  8.61969325e-10]
	child 2 = [ 9.91567259e-19 -1.36549721e-12 -2.30139153e-13  5.02028931e-11
 -1.91976813e-10 -5.69574727e-16  9.24741597e-16  3.20423702e-05
 -2.09638114e-06 -1.39171560e-08  8.62035884e-10]


CROSSOVER:


	parent1 = [ 9.91567259e-19 -1.36549721e-12 -2.30139153e-13  5.02028931e-11
 -1.91976813e-10 -5.69574727e-16  9.24741597e-16  3.20423702e-05
 -2.09638114e-06 -1.39223041e-08  8.61969325e-10]
	parent2 = [ 9.91690675e-19 -1.36394500e-12 -2.30244852e-13  5.01532922e-11
 -1.91813599e-10 -5.70126947e-16  9.23980373e-16  3.20279288e-05
 -2.09312761e-06 -1.39126250e-08  8.61948095e-10]
	cutoff index = 2
	child 1 = [ 9.91567259e-19 -1.36549721e-12 -2.30244852e-13  5.01532922e-11
 -1.91813599e-10 -5.70126947e-16  9.23980373e-16  3.20279288e-05
 -2.09312761e-06 -1.39126250e-08  8.61948095e-10]
	child 2 = [ 9.91567259e-19 -1.36549721e-12 -2.30139153e-13  5.02028931e-11
 -1.91976813e-10 -5.69574727e-16  9.24741597e-16  3.20423702e-05
 -2.09638114e-06 -1.39223041e-08  8.61969325e-10]


CROSSOVER:


	parent1 = [ 9.91496071e-19 -1.36448203e-12 -2.30200782e-13  5.01545871e-11
 -1.91699963e-10 -5.69748857e-16  9.23972855e-16  3.20376581e-05
 -2.09535093e-06 -1.39126250e-08  8.62793312e-10]
	parent2 = [ 9.91211621e-19 -1.36439905e-12 -2.30136396e-13  5.01888332e-11
 -1.91885783e-10 -5.70151414e-16  9.25300008e-16  3.20379308e-05
 -2.09501296e-06 -1.39052061e-08  8.61067945e-10]
	cutoff index = 8
	child 1 = [ 9.91496071e-19 -1.36448203e-12 -2.30200782e-13  5.01545871e-11
 -1.91699963e-10 -5.69748857e-16  9.23972855e-16  3.20376581e-05
 -2.09501296e-06 -1.39052061e-08  8.61067945e-10]
	child 2 = [ 9.91496071e-19 -1.36448203e-12 -2.30200782e-13  5.01545871e-11
 -1.91699963e-10 -5.69748857e-16  9.23972855e-16  3.20376581e-05
 -2.09535093e-06 -1.39126250e-08  8.62793312e-10]


MUTATION: 

RECEIVED FOR MUTATTION: [[ 9.91567259e-19 -1.36549721e-12 -2.30139153e-13  5.02028931e-11
  -1.91976813e-10 -5.69574727e-16  9.24741597e-16  3.20423702e-05
  -2.09638114e-06 -1.39223041e-08  8.61969325e-10]
 [ 9.91567259e-19 -1.36549721e-12 -2.30139153e-13  5.02028931e-11
  -1.91976813e-10 -5.69574727e-16  9.24741597e-16  3.20423702e-05
  -2.09638114e-06 -1.39223041e-08  8.61969325e-10]
 [ 9.91567259e-19 -1.36549721e-12 -2.30139153e-13  5.02028931e-11
  -1.91976813e-10 -5.69574727e-16  9.24741597e-16  3.20423702e-05
  -2.09638114e-06 -1.39223041e-08  8.61969325e-10]
 [ 9.91567259e-19 -1.36549721e-12 -2.30139153e-13  5.02028931e-11
  -1.91976813e-10 -5.69574727e-16  9.24741597e-16  3.20423702e-05
  -2.09638114e-06 -1.39171560e-08  8.62035884e-10]
 [ 9.91567259e-19 -1.36549721e-12 -2.30244852e-13  5.01532922e-11
  -1.91813599e-10 -5.70126947e-16  9.23980373e-16  3.20279288e-05
  -2.09312761e-06 -1.39126250e-08  8.61948095e-10]
 [ 9.91567259e-19 -1.36549721e-12 -2.30139153e-13  5.02028931e-11
  -1.91976813e-10 -5.69574727e-16  9.24741597e-16  3.20423702e-05
  -2.09638114e-06 -1.39223041e-08  8.61969325e-10]
 [ 9.91496071e-19 -1.36448203e-12 -2.30200782e-13  5.01545871e-11
  -1.91699963e-10 -5.69748857e-16  9.23972855e-16  3.20376581e-05
  -2.09501296e-06 -1.39052061e-08  8.61067945e-10]
 [ 9.91496071e-19 -1.36448203e-12 -2.30200782e-13  5.01545871e-11
  -1.91699963e-10 -5.69748857e-16  9.23972855e-16  3.20376581e-05
  -2.09535093e-06 -1.39126250e-08  8.62793312e-10]]

Mutated feature:[[ 9.92370393e-19 -1.36620738e-12 -2.30270095e-13  5.01565989e-11
  -1.91997287e-10 -5.69511363e-16  9.24741597e-16  3.20732838e-05
  -2.09471893e-06 -1.39199659e-08  8.61969325e-10]
 [ 9.91419068e-19 -1.36660017e-12 -2.30139153e-13  5.02179590e-11
  -1.92006693e-10 -5.69330158e-16  9.25023018e-16  3.20663493e-05
  -2.09649391e-06 -1.39323909e-08  8.61348798e-10]
 [ 9.91567259e-19 -1.36542580e-12 -2.30162215e-13  5.02028931e-11
  -1.91910493e-10 -5.69574727e-16  9.25126354e-16  3.20406403e-05
  -2.09613505e-06 -1.39291011e-08  8.62522876e-10]
 [ 9.91643597e-19 -1.36465629e-12 -2.30105515e-13  5.01911612e-11
  -1.92158461e-10 -5.69574727e-16  9.24741597e-16  3.20616094e-05
  -2.09681708e-06 -1.39171560e-08  8.62531609e-10]
 [ 9.91059353e-19 -1.36669379e-12 -2.30085610e-13  5.01515401e-11
  -1.91828368e-10 -5.70202010e-16  9.23424558e-16  3.20405855e-05
  -2.09119091e-06 -1.39201360e-08  8.61948095e-10]
 [ 9.91567259e-19 -1.36542694e-12 -2.30114844e-13  5.02028931e-11
  -1.92024150e-10 -5.69708719e-16  9.24817610e-16  3.20528789e-05
  -2.09460978e-06 -1.39232756e-08  8.61345636e-10]
 [ 9.91540278e-19 -1.36448203e-12 -2.30200782e-13  5.01149637e-11
  -1.91627678e-10 -5.69380662e-16  9.23229762e-16  3.20592745e-05
  -2.09701625e-06 -1.39036834e-08  8.61067945e-10]
 [ 9.92384439e-19 -1.36391763e-12 -2.30386271e-13  5.01498200e-11
  -1.91599913e-10 -5.69964062e-16  9.24589777e-16  3.20116357e-05
  -2.09731707e-06 -1.39043423e-08  8.62793312e-10]]


sending vector for error: [ 9.92370393e-19 -1.36620738e-12 -2.30270095e-13  5.01565989e-11
 -1.91997287e-10 -5.69511363e-16  9.24741597e-16  3.20732838e-05
 -2.09471893e-06 -1.39199659e-08  8.61969325e-10]
received errors: 525145181340.1571    128173207025.1237

sending vector for error: [ 9.91419068e-19 -1.36660017e-12 -2.30139153e-13  5.02179590e-11
 -1.92006693e-10 -5.69330158e-16  9.25023018e-16  3.20663493e-05
 -2.09649391e-06 -1.39323909e-08  8.61348798e-10]
received errors: 531890310622.08936    114819414642.88081

sending vector for error: [ 9.91567259e-19 -1.36542580e-12 -2.30162215e-13  5.02028931e-11
 -1.91910493e-10 -5.69574727e-16  9.25126354e-16  3.20406403e-05
 -2.09613505e-06 -1.39291011e-08  8.62522876e-10]
received errors: 525127210981.5262    124428123454.39401

sending vector for error: [ 9.91643597e-19 -1.36465629e-12 -2.30105515e-13  5.01911612e-11
 -1.92158461e-10 -5.69574727e-16  9.24741597e-16  3.20616094e-05
 -2.09681708e-06 -1.39171560e-08  8.62531609e-10]
received errors: 527824510572.36896    125661580955.50542

sending vector for error: [ 9.91059353e-19 -1.36669379e-12 -2.30085610e-13  5.01515401e-11
 -1.91828368e-10 -5.70202010e-16  9.23424558e-16  3.20405855e-05
 -2.09119091e-06 -1.39201360e-08  8.61948095e-10]
received errors: 516579409778.15906    139991669736.91257

sending vector for error: [ 9.91567259e-19 -1.36542694e-12 -2.30114844e-13  5.02028931e-11
 -1.92024150e-10 -5.69708719e-16  9.24817610e-16  3.20528789e-05
 -2.09460978e-06 -1.39232756e-08  8.61345636e-10]
received errors: 526486510241.3381    120758331322.39938

sending vector for error: [ 9.91540278e-19 -1.36448203e-12 -2.30200782e-13  5.01149637e-11
 -1.91627678e-10 -5.69380662e-16  9.23229762e-16  3.20592745e-05
 -2.09701625e-06 -1.39036834e-08  8.61067945e-10]
received errors: 534969221824.1826    115059776018.5024

sending vector for error: [ 9.92384439e-19 -1.36391763e-12 -2.30386271e-13  5.01498200e-11
 -1.91599913e-10 -5.69964062e-16  9.24589777e-16  3.20116357e-05
 -2.09731707e-06 -1.39043423e-08  8.62793312e-10]
received errors: 526919755684.35657    125305883918.99533


CROSSOVER:


	parent1 = [ 9.91059353e-19 -1.36669379e-12 -2.30085610e-13  5.01515401e-11
 -1.91828368e-10 -5.70202010e-16  9.23424558e-16  3.20405855e-05
 -2.09119091e-06 -1.39201360e-08  8.61948095e-10]
	parent2 = [ 9.91567259e-19 -1.36542580e-12 -2.30162215e-13  5.02028931e-11
 -1.91910493e-10 -5.69574727e-16  9.25126354e-16  3.20406403e-05
 -2.09613505e-06 -1.39291011e-08  8.62522876e-10]
	cutoff index = 4
	child 1 = [ 9.91059353e-19 -1.36669379e-12 -2.30085610e-13  5.01515401e-11
 -1.91910493e-10 -5.69574727e-16  9.25126354e-16  3.20406403e-05
 -2.09613505e-06 -1.39291011e-08  8.62522876e-10]
	child 2 = [ 9.91059353e-19 -1.36669379e-12 -2.30085610e-13  5.01515401e-11
 -1.91828368e-10 -5.70202010e-16  9.23424558e-16  3.20405855e-05
 -2.09119091e-06 -1.39201360e-08  8.61948095e-10]


CROSSOVER:


	parent1 = [ 9.91059353e-19 -1.36669379e-12 -2.30085610e-13  5.01515401e-11
 -1.91910493e-10 -5.69574727e-16  9.25126354e-16  3.20406403e-05
 -2.09613505e-06 -1.39291011e-08  8.62522876e-10]
	parent2 = [ 9.91567259e-19 -1.36542694e-12 -2.30114844e-13  5.02028931e-11
 -1.92024150e-10 -5.69708719e-16  9.24817610e-16  3.20528789e-05
 -2.09460978e-06 -1.39232756e-08  8.61345636e-10]
	cutoff index = 4
	child 1 = [ 9.91059353e-19 -1.36669379e-12 -2.30085610e-13  5.01515401e-11
 -1.92024150e-10 -5.69708719e-16  9.24817610e-16  3.20528789e-05
 -2.09460978e-06 -1.39232756e-08  8.61345636e-10]
	child 2 = [ 9.91059353e-19 -1.36669379e-12 -2.30085610e-13  5.01515401e-11
 -1.91910493e-10 -5.69574727e-16  9.25126354e-16  3.20406403e-05
 -2.09613505e-06 -1.39291011e-08  8.62522876e-10]


CROSSOVER:


	parent1 = [ 9.91643597e-19 -1.36465629e-12 -2.30105515e-13  5.01911612e-11
 -1.92158461e-10 -5.69574727e-16  9.24741597e-16  3.20616094e-05
 -2.09681708e-06 -1.39171560e-08  8.62531609e-10]
	parent2 = [ 9.91059353e-19 -1.36669379e-12 -2.30085610e-13  5.01515401e-11
 -1.91828368e-10 -5.70202010e-16  9.23424558e-16  3.20405855e-05
 -2.09119091e-06 -1.39201360e-08  8.61948095e-10]
	cutoff index = 2
	child 1 = [ 9.91643597e-19 -1.36465629e-12 -2.30085610e-13  5.01515401e-11
 -1.91828368e-10 -5.70202010e-16  9.23424558e-16  3.20405855e-05
 -2.09119091e-06 -1.39201360e-08  8.61948095e-10]
	child 2 = [ 9.91643597e-19 -1.36465629e-12 -2.30105515e-13  5.01911612e-11
 -1.92158461e-10 -5.69574727e-16  9.24741597e-16  3.20616094e-05
 -2.09681708e-06 -1.39171560e-08  8.62531609e-10]


CROSSOVER:


	parent1 = [ 9.91059353e-19 -1.36669379e-12 -2.30085610e-13  5.01515401e-11
 -1.91910493e-10 -5.69574727e-16  9.25126354e-16  3.20406403e-05
 -2.09613505e-06 -1.39291011e-08  8.62522876e-10]
	parent2 = [ 9.91059353e-19 -1.36669379e-12 -2.30085610e-13  5.01515401e-11
 -1.92024150e-10 -5.69708719e-16  9.24817610e-16  3.20528789e-05
 -2.09460978e-06 -1.39232756e-08  8.61345636e-10]
	cutoff index = 8
	child 1 = [ 9.91059353e-19 -1.36669379e-12 -2.30085610e-13  5.01515401e-11
 -1.91910493e-10 -5.69574727e-16  9.25126354e-16  3.20406403e-05
 -2.09460978e-06 -1.39232756e-08  8.61345636e-10]
	child 2 = [ 9.91059353e-19 -1.36669379e-12 -2.30085610e-13  5.01515401e-11
 -1.91910493e-10 -5.69574727e-16  9.25126354e-16  3.20406403e-05
 -2.09613505e-06 -1.39291011e-08  8.62522876e-10]


MUTATION: 

RECEIVED FOR MUTATTION: [[ 9.91059353e-19 -1.36669379e-12 -2.30085610e-13  5.01515401e-11
  -1.91910493e-10 -5.69574727e-16  9.25126354e-16  3.20406403e-05
  -2.09613505e-06 -1.39291011e-08  8.62522876e-10]
 [ 9.91643597e-19 -1.36465629e-12 -2.30085610e-13  5.01515401e-11
  -1.91828368e-10 -5.70202010e-16  9.23424558e-16  3.20405855e-05
  -2.09119091e-06 -1.39201360e-08  8.61948095e-10]
 [ 9.91059353e-19 -1.36669379e-12 -2.30085610e-13  5.01515401e-11
  -1.91910493e-10 -5.69574727e-16  9.25126354e-16  3.20406403e-05
  -2.09460978e-06 -1.39232756e-08  8.61345636e-10]
 [ 9.91059353e-19 -1.36669379e-12 -2.30085610e-13  5.01515401e-11
  -1.91910493e-10 -5.69574727e-16  9.25126354e-16  3.20406403e-05
  -2.09613505e-06 -1.39291011e-08  8.62522876e-10]
 [ 9.91643597e-19 -1.36465629e-12 -2.30085610e-13  5.01515401e-11
  -1.91828368e-10 -5.70202010e-16  9.23424558e-16  3.20405855e-05
  -2.09119091e-06 -1.39201360e-08  8.61948095e-10]
 [ 9.91643597e-19 -1.36465629e-12 -2.30105515e-13  5.01911612e-11
  -1.92158461e-10 -5.69574727e-16  9.24741597e-16  3.20616094e-05
  -2.09681708e-06 -1.39171560e-08  8.62531609e-10]
 [ 9.91059353e-19 -1.36669379e-12 -2.30085610e-13  5.01515401e-11
  -1.91910493e-10 -5.69574727e-16  9.25126354e-16  3.20406403e-05
  -2.09460978e-06 -1.39232756e-08  8.61345636e-10]
 [ 9.91059353e-19 -1.36669379e-12 -2.30085610e-13  5.01515401e-11
  -1.91910493e-10 -5.69574727e-16  9.25126354e-16  3.20406403e-05
  -2.09613505e-06 -1.39291011e-08  8.62522876e-10]]

Mutated feature:[[ 9.91059353e-19 -1.36603417e-12 -2.29907057e-13  5.01515401e-11
  -1.92071410e-10 -5.69368262e-16  9.24963835e-16  3.20211067e-05
  -2.09580935e-06 -1.39291011e-08  8.63113269e-10]
 [ 9.90756916e-19 -1.36461424e-12 -2.30275659e-13  5.01043480e-11
  -1.91825613e-10 -5.69721873e-16  9.23424558e-16  3.20405855e-05
  -2.08981046e-06 -1.39079277e-08  8.61913886e-10]
 [ 9.90664814e-19 -1.36652619e-12 -2.30055588e-13  5.01515401e-11
  -1.92019099e-10 -5.69096082e-16  9.25917681e-16  3.20363548e-05
  -2.09460978e-06 -1.39232756e-08  8.60858545e-10]
 [ 9.90601145e-19 -1.36762686e-12 -2.30109479e-13  5.01515401e-11
  -1.91910493e-10 -5.69401824e-16  9.25126354e-16  3.20569011e-05
  -2.09535559e-06 -1.39191942e-08  8.62902103e-10]
 [ 9.92571309e-19 -1.36424646e-12 -2.30144624e-13  5.01932379e-11
  -1.91828368e-10 -5.70278050e-16  9.23424558e-16  3.20405855e-05
  -2.09231326e-06 -1.39201360e-08  8.61948095e-10]
 [ 9.91643597e-19 -1.36465629e-12 -2.30283969e-13  5.02188998e-11
  -1.92105295e-10 -5.69036811e-16  9.24741597e-16  3.20631485e-05
  -2.09514666e-06 -1.39204501e-08  8.62531609e-10]
 [ 9.91059353e-19 -1.36687133e-12 -2.30085610e-13  5.01310135e-11
  -1.91910493e-10 -5.69453342e-16  9.25029383e-16  3.20259377e-05
  -2.09460978e-06 -1.39153246e-08  8.61497230e-10]
 [ 9.90223789e-19 -1.36669379e-12 -2.29986507e-13  5.01032623e-11
  -1.91742735e-10 -5.69804151e-16  9.25744103e-16  3.20723073e-05
  -2.09779827e-06 -1.39397412e-08  8.62315689e-10]]

best fit vector:
[9.915672591936594e-19, -1.3654972148183978e-12, -2.3013915250437e-13, 5.0202893139928207e-11, -1.9197681316495378e-10, -5.695747268129501e-16, 9.247415970198904e-16, 3.204237015306432e-05, -2.0963811355424884e-06, -1.3922304080398685e-08, 8.619693246341732e-10]
error:    5.183627e+11    1.308847e+11