

MUTATION: 

RECEIVED FOR MUTATTION: [[ 1.00746003e-18 -1.33566865e-12 -2.33253763e-13  4.89547419e-11
  -1.96875533e-10 -5.53322110e-16  9.26030325e-16  3.18072631e-05
  -2.02492434e-06 -1.43391702e-08  8.38120964e-10]
 [ 1.00746003e-18 -1.33566865e-12 -2.33253763e-13  4.89547419e-11
  -1.96875533e-10 -5.53322110e-16  9.26030325e-16  3.18072631e-05
  -2.02492434e-06 -1.43391702e-08  8.38120964e-10]
 [ 1.00746003e-18 -1.33566865e-12 -2.33253763e-13  4.89547419e-11
  -1.96875533e-10 -5.53322110e-16  9.26030325e-16  3.18072631e-05
  -2.02492434e-06 -1.43391702e-08  8.38120964e-10]
 [ 1.00746003e-18 -1.33566865e-12 -2.33253763e-13  4.89547419e-11
  -1.96875533e-10 -5.53322110e-16  9.26030325e-16  3.18072631e-05
  -2.02492434e-06 -1.43391702e-08  8.38120964e-10]
 [ 1.00746003e-18 -1.33566865e-12 -2.33253763e-13  4.89547419e-11
  -1.96875533e-10 -5.53322110e-16  9.26030325e-16  3.18072631e-05
  -2.02492434e-06 -1.43391702e-08  8.38120964e-10]
 [ 1.00746003e-18 -1.33566865e-12 -2.33253763e-13  4.89547419e-11
  -1.96875533e-10 -5.53322110e-16  9.26030325e-16  3.18072631e-05
  -2.02492434e-06 -1.43391702e-08  8.38120964e-10]
 [ 1.00746003e-18 -1.33566865e-12 -2.33253763e-13  4.89547419e-11
  -1.96875533e-10 -5.53322110e-16  9.26030325e-16  3.18072631e-05
  -2.02492434e-06 -1.43391702e-08  8.38120964e-10]
 [ 1.00746003e-18 -1.33566865e-12 -2.33253763e-13  4.89547419e-11
  -1.96875533e-10 -5.53322110e-16  9.26030325e-16  3.18072631e-05
  -2.02492434e-06 -1.43391702e-08  8.38120964e-10]]

Mutated feature:[[ 1.01192336e-18 -1.33566865e-12 -2.29170275e-13  4.86225730e-11
  -1.96875533e-10 -5.48911045e-16  9.28682241e-16  3.18877365e-05
  -2.01844952e-06 -1.41769752e-08  8.45403885e-10]
 [ 9.94540489e-19 -1.34123195e-12 -2.33253763e-13  4.89547419e-11
  -1.94764365e-10 -5.53382909e-16  9.26030325e-16  3.11954685e-05
  -2.00897186e-06 -1.46100486e-08  8.38377227e-10]
 [ 1.01734663e-18 -1.32923072e-12 -2.29511542e-13  4.90210213e-11
  -1.98930165e-10 -5.54204232e-16  9.20166544e-16  3.18072631e-05
  -2.02849147e-06 -1.41011471e-08  8.37008092e-10]
 [ 1.00060797e-18 -1.32852366e-12 -2.32755112e-13  4.85514650e-11
  -1.96875533e-10 -5.59055322e-16  9.32989798e-16  3.19463190e-05
  -2.03029100e-06 -1.40786058e-08  8.32167411e-10]
 [ 9.90724752e-19 -1.33566865e-12 -2.35003486e-13  4.89697136e-11
  -2.00131945e-10 -5.48125792e-16  9.41367428e-16  3.15243746e-05
  -2.00829355e-06 -1.43391702e-08  8.30530704e-10]
 [ 9.94470157e-19 -1.34866170e-12 -2.33298231e-13  4.80145742e-11
  -1.95766690e-10 -5.46843059e-16  9.32074457e-16  3.22730764e-05
  -2.03101533e-06 -1.44879274e-08  8.30074505e-10]
 [ 9.94089666e-19 -1.33407205e-12 -2.32807038e-13  4.89547419e-11
  -1.99861644e-10 -5.53802285e-16  9.31267261e-16  3.15398453e-05
  -2.06204107e-06 -1.44335368e-08  8.46264896e-10]
 [ 1.01659279e-18 -1.35175314e-12 -2.32097212e-13  4.89373497e-11
  -1.94819586e-10 -5.50426827e-16  9.28411984e-16  3.18119681e-05
  -1.99294687e-06 -1.43391702e-08  8.41231839e-10]]



POPULATION: [[ 1.00746003e-18 -1.33566865e-12 -2.33253763e-13  4.89547419e-11
  -1.96875533e-10 -5.53322110e-16  9.26030325e-16  3.18072631e-05
  -2.02492434e-06 -1.43391702e-08  8.38120964e-10]
 [ 9.94540489e-19 -1.34123195e-12 -2.33253763e-13  4.89547419e-11
  -1.94764365e-10 -5.53382909e-16  9.26030325e-16  3.11954685e-05
  -2.00897186e-06 -1.46100486e-08  8.38377227e-10]
 [ 1.01734663e-18 -1.32923072e-12 -2.29511542e-13  4.90210213e-11
  -1.98930165e-10 -5.54204232e-16  9.20166544e-16  3.18072631e-05
  -2.02849147e-06 -1.41011471e-08  8.37008092e-10]
 [ 1.00060797e-18 -1.32852366e-12 -2.32755112e-13  4.85514650e-11
  -1.96875533e-10 -5.59055322e-16  9.32989798e-16  3.19463190e-05
  -2.03029100e-06 -1.40786058e-08  8.32167411e-10]
 [ 9.90724752e-19 -1.33566865e-12 -2.35003486e-13  4.89697136e-11
  -2.00131945e-10 -5.48125792e-16  9.41367428e-16  3.15243746e-05
  -2.00829355e-06 -1.43391702e-08  8.30530704e-10]
 [ 9.94470157e-19 -1.34866170e-12 -2.33298231e-13  4.80145742e-11
  -1.95766690e-10 -5.46843059e-16  9.32074457e-16  3.22730764e-05
  -2.03101533e-06 -1.44879274e-08  8.30074505e-10]
 [ 9.94089666e-19 -1.33407205e-12 -2.32807038e-13  4.89547419e-11
  -1.99861644e-10 -5.53802285e-16  9.31267261e-16  3.15398453e-05
  -2.06204107e-06 -1.44335368e-08  8.46264896e-10]
 [ 1.01659279e-18 -1.35175314e-12 -2.32097212e-13  4.89373497e-11
  -1.94819586e-10 -5.50426827e-16  9.28411984e-16  3.18119681e-05
  -1.99294687e-06 -1.43391702e-08  8.41231839e-10]]


sending vector for error: [ 1.00746003e-18 -1.33566865e-12 -2.33253763e-13  4.89547419e-11
 -1.96875533e-10 -5.53322110e-16  9.26030325e-16  3.18072631e-05
 -2.02492434e-06 -1.43391702e-08  8.38120964e-10]
received errors: 437291158833.3673    77438224427.22707

sending vector for error: [ 9.94540489e-19 -1.34123195e-12 -2.33253763e-13  4.89547419e-11
 -1.94764365e-10 -5.53382909e-16  9.26030325e-16  3.11954685e-05
 -2.00897186e-06 -1.46100486e-08  8.38377227e-10]
received errors: 401958318957.56396    87131198355.54337

sending vector for error: [ 1.01734663e-18 -1.32923072e-12 -2.29511542e-13  4.90210213e-11
 -1.98930165e-10 -5.54204232e-16  9.20166544e-16  3.18072631e-05
 -2.02849147e-06 -1.41011471e-08  8.37008092e-10]
received errors: 449311315317.6533    85999649713.39114

sending vector for error: [ 1.00060797e-18 -1.32852366e-12 -2.32755112e-13  4.85514650e-11
 -1.96875533e-10 -5.59055322e-16  9.32989798e-16  3.19463190e-05
 -2.03029100e-06 -1.40786058e-08  8.32167411e-10]
received errors: 490952649690.2831    73621104506.08533

sending vector for error: [ 9.90724752e-19 -1.33566865e-12 -2.35003486e-13  4.89697136e-11
 -2.00131945e-10 -5.48125792e-16  9.41367428e-16  3.15243746e-05
 -2.00829355e-06 -1.43391702e-08  8.30530704e-10]
received errors: 434881723010.8408    75675978512.48631

sending vector for error: [ 9.94470157e-19 -1.34866170e-12 -2.33298231e-13  4.80145742e-11
 -1.95766690e-10 -5.46843059e-16  9.32074457e-16  3.22730764e-05
 -2.03101533e-06 -1.44879274e-08  8.30074505e-10]
received errors: 567059056238.3351    131494379043.64114

sending vector for error: [ 9.94089666e-19 -1.33407205e-12 -2.32807038e-13  4.89547419e-11
 -1.99861644e-10 -5.53802285e-16  9.31267261e-16  3.15398453e-05
 -2.06204107e-06 -1.44335368e-08  8.46264896e-10]
received errors: 593303597126.3907    201518923651.57364

sending vector for error: [ 1.01659279e-18 -1.35175314e-12 -2.32097212e-13  4.89373497e-11
 -1.94819586e-10 -5.50426827e-16  9.28411984e-16  3.18119681e-05
 -1.99294687e-06 -1.43391702e-08  8.41231839e-10]
received errors: 416991503964.0188    349085351902.56604


CROSSOVER:


	parent1 = [ 9.90724752e-19 -1.33566865e-12 -2.35003486e-13  4.89697136e-11
 -2.00131945e-10 -5.48125792e-16  9.41367428e-16  3.15243746e-05
 -2.00829355e-06 -1.43391702e-08  8.30530704e-10]
	parent2 = [ 1.01734663e-18 -1.32923072e-12 -2.29511542e-13  4.90210213e-11
 -1.98930165e-10 -5.54204232e-16  9.20166544e-16  3.18072631e-05
 -2.02849147e-06 -1.41011471e-08  8.37008092e-10]
	cutoff index = 5
	child 1 = [ 9.90724752e-19 -1.33566865e-12 -2.35003486e-13  4.89697136e-11
 -2.00131945e-10 -5.54204232e-16  9.20166544e-16  3.18072631e-05
 -2.02849147e-06 -1.41011471e-08  8.37008092e-10]
	child 2 = [ 9.90724752e-19 -1.33566865e-12 -2.35003486e-13  4.89697136e-11
 -2.00131945e-10 -5.48125792e-16  9.41367428e-16  3.15243746e-05
 -2.00829355e-06 -1.43391702e-08  8.30530704e-10]


CROSSOVER:


	parent1 = [ 9.90724752e-19 -1.33566865e-12 -2.35003486e-13  4.89697136e-11
 -2.00131945e-10 -5.54204232e-16  9.20166544e-16  3.18072631e-05
 -2.02849147e-06 -1.41011471e-08  8.37008092e-10]
	parent2 = [ 1.01659279e-18 -1.35175314e-12 -2.32097212e-13  4.89373497e-11
 -1.94819586e-10 -5.50426827e-16  9.28411984e-16  3.18119681e-05
 -1.99294687e-06 -1.43391702e-08  8.41231839e-10]
	cutoff index = 0
	child 1 = [ 1.01659279e-18 -1.35175314e-12 -2.32097212e-13  4.89373497e-11
 -1.94819586e-10 -5.50426827e-16  9.28411984e-16  3.18119681e-05
 -1.99294687e-06 -1.43391702e-08  8.41231839e-10]
	child 2 = [ 9.90724752e-19 -1.33566865e-12 -2.35003486e-13  4.89697136e-11
 -2.00131945e-10 -5.54204232e-16  9.20166544e-16  3.18072631e-05
 -2.02849147e-06 -1.41011471e-08  8.37008092e-10]


CROSSOVER:


	parent1 = [ 9.94540489e-19 -1.34123195e-12 -2.33253763e-13  4.89547419e-11
 -1.94764365e-10 -5.53382909e-16  9.26030325e-16  3.11954685e-05
 -2.00897186e-06 -1.46100486e-08  8.38377227e-10]
	parent2 = [ 1.00746003e-18 -1.33566865e-12 -2.33253763e-13  4.89547419e-11
 -1.96875533e-10 -5.53322110e-16  9.26030325e-16  3.18072631e-05
 -2.02492434e-06 -1.43391702e-08  8.38120964e-10]
	cutoff index = 0
	child 1 = [ 1.00746003e-18 -1.33566865e-12 -2.33253763e-13  4.89547419e-11
 -1.96875533e-10 -5.53322110e-16  9.26030325e-16  3.18072631e-05
 -2.02492434e-06 -1.43391702e-08  8.38120964e-10]
	child 2 = [ 9.94540489e-19 -1.34123195e-12 -2.33253763e-13  4.89547419e-11
 -1.94764365e-10 -5.53382909e-16  9.26030325e-16  3.11954685e-05
 -2.00897186e-06 -1.46100486e-08  8.38377227e-10]


CROSSOVER:


	parent1 = [ 9.90724752e-19 -1.33566865e-12 -2.35003486e-13  4.89697136e-11
 -2.00131945e-10 -5.54204232e-16  9.20166544e-16  3.18072631e-05
 -2.02849147e-06 -1.41011471e-08  8.37008092e-10]
	parent2 = [ 1.00060797e-18 -1.32852366e-12 -2.32755112e-13  4.85514650e-11
 -1.96875533e-10 -5.59055322e-16  9.32989798e-16  3.19463190e-05
 -2.03029100e-06 -1.40786058e-08  8.32167411e-10]
	cutoff index = 5
	child 1 = [ 9.90724752e-19 -1.33566865e-12 -2.35003486e-13  4.89697136e-11
 -2.00131945e-10 -5.59055322e-16  9.32989798e-16  3.19463190e-05
 -2.03029100e-06 -1.40786058e-08  8.32167411e-10]
	child 2 = [ 9.90724752e-19 -1.33566865e-12 -2.35003486e-13  4.89697136e-11
 -2.00131945e-10 -5.54204232e-16  9.20166544e-16  3.18072631e-05
 -2.02849147e-06 -1.41011471e-08  8.37008092e-10]


MUTATION: 

RECEIVED FOR MUTATTION: [[ 9.90724752e-19 -1.33566865e-12 -2.35003486e-13  4.89697136e-11
  -2.00131945e-10 -5.54204232e-16  9.20166544e-16  3.18072631e-05
  -2.02849147e-06 -1.41011471e-08  8.37008092e-10]
 [ 9.90724752e-19 -1.33566865e-12 -2.35003486e-13  4.89697136e-11
  -2.00131945e-10 -5.48125792e-16  9.41367428e-16  3.15243746e-05
  -2.00829355e-06 -1.43391702e-08  8.30530704e-10]
 [ 1.01659279e-18 -1.35175314e-12 -2.32097212e-13  4.89373497e-11
  -1.94819586e-10 -5.50426827e-16  9.28411984e-16  3.18119681e-05
  -1.99294687e-06 -1.43391702e-08  8.41231839e-10]
 [ 9.90724752e-19 -1.33566865e-12 -2.35003486e-13  4.89697136e-11
  -2.00131945e-10 -5.54204232e-16  9.20166544e-16  3.18072631e-05
  -2.02849147e-06 -1.41011471e-08  8.37008092e-10]
 [ 1.00746003e-18 -1.33566865e-12 -2.33253763e-13  4.89547419e-11
  -1.96875533e-10 -5.53322110e-16  9.26030325e-16  3.18072631e-05
  -2.02492434e-06 -1.43391702e-08  8.38120964e-10]
 [ 9.94540489e-19 -1.34123195e-12 -2.33253763e-13  4.89547419e-11
  -1.94764365e-10 -5.53382909e-16  9.26030325e-16  3.11954685e-05
  -2.00897186e-06 -1.46100486e-08  8.38377227e-10]
 [ 9.90724752e-19 -1.33566865e-12 -2.35003486e-13  4.89697136e-11
  -2.00131945e-10 -5.59055322e-16  9.32989798e-16  3.19463190e-05
  -2.03029100e-06 -1.40786058e-08  8.32167411e-10]
 [ 9.90724752e-19 -1.33566865e-12 -2.35003486e-13  4.89697136e-11
  -2.00131945e-10 -5.54204232e-16  9.20166544e-16  3.18072631e-05
  -2.02849147e-06 -1.41011471e-08  8.37008092e-10]]

Mutated feature:[[ 1.00198496e-18 -1.33749838e-12 -2.38232439e-13  4.82868859e-11
  -2.00484692e-10 -5.51560727e-16  9.31309930e-16  3.13031303e-05
  -2.02849147e-06 -1.43547963e-08  8.24668319e-10]
 [ 9.84049997e-19 -1.33566865e-12 -2.37853317e-13  4.96419304e-11
  -2.01605917e-10 -5.50866551e-16  9.37922237e-16  3.16620501e-05
  -2.01008703e-06 -1.41573560e-08  8.41134784e-10]
 [ 1.00714987e-18 -1.36547017e-12 -2.33233408e-13  4.95439384e-11
  -1.92879965e-10 -5.41384692e-16  9.10747557e-16  3.19405585e-05
  -1.95341879e-06 -1.43630780e-08  8.44372908e-10]
 [ 9.71119722e-19 -1.35621917e-12 -2.35003486e-13  4.85671231e-11
  -1.96371212e-10 -5.59580246e-16  9.31926179e-16  3.15721739e-05
  -2.03429637e-06 -1.39935205e-08  8.34704930e-10]
 [ 1.00220484e-18 -1.33535556e-12 -2.28750528e-13  4.97925784e-11
  -1.95455510e-10 -5.45475092e-16  9.08834817e-16  3.18072631e-05
  -2.01766570e-06 -1.44233642e-08  8.32811433e-10]
 [ 1.00161019e-18 -1.34974970e-12 -2.33253763e-13  4.89547419e-11
  -1.96513586e-10 -5.53636461e-16  9.38353347e-16  3.08322337e-05
  -2.00897186e-06 -1.44386759e-08  8.23977007e-10]
 [ 9.98096184e-19 -1.33824973e-12 -2.37467093e-13  4.86426859e-11
  -2.00131945e-10 -5.66641147e-16  9.32989798e-16  3.21256155e-05
  -2.03029100e-06 -1.40786058e-08  8.32167411e-10]
 [ 9.90724752e-19 -1.32808415e-12 -2.34181189e-13  4.94084821e-11
  -2.03902807e-10 -5.64438890e-16  9.20166544e-16  3.17995843e-05
  -2.01985121e-06 -1.40107948e-08  8.37008092e-10]]


sending vector for error: [ 1.00198496e-18 -1.33749838e-12 -2.38232439e-13  4.82868859e-11
 -2.00484692e-10 -5.51560727e-16  9.31309930e-16  3.13031303e-05
 -2.02849147e-06 -1.43547963e-08  8.24668319e-10]
received errors: 730979220929.3152    380425307361.24994

sending vector for error: [ 9.84049997e-19 -1.33566865e-12 -2.37853317e-13  4.96419304e-11
 -2.01605917e-10 -5.50866551e-16  9.37922237e-16  3.16620501e-05
 -2.01008703e-06 -1.41573560e-08  8.41134784e-10]
received errors: 410841494303.2279    219686530056.69614

sending vector for error: [ 1.00714987e-18 -1.36547017e-12 -2.33233408e-13  4.95439384e-11
 -1.92879965e-10 -5.41384692e-16  9.10747557e-16  3.19405585e-05
 -1.95341879e-06 -1.43630780e-08  8.44372908e-10]
received errors: 753273471319.4247    1370594754937.8323

sending vector for error: [ 9.71119722e-19 -1.35621917e-12 -2.35003486e-13  4.85671231e-11
 -1.96371212e-10 -5.59580246e-16  9.31926179e-16  3.15721739e-05
 -2.03429637e-06 -1.39935205e-08  8.34704930e-10]
received errors: 486637889805.4089    81139754687.02374

sending vector for error: [ 1.00220484e-18 -1.33535556e-12 -2.28750528e-13  4.97925784e-11
 -1.95455510e-10 -5.45475092e-16  9.08834817e-16  3.18072631e-05
 -2.01766570e-06 -1.44233642e-08  8.32811433e-10]
received errors: 459123148495.12805    79803118065.44684

sending vector for error: [ 1.00161019e-18 -1.34974970e-12 -2.33253763e-13  4.89547419e-11
 -1.96513586e-10 -5.53636461e-16  9.38353347e-16  3.08322337e-05
 -2.00897186e-06 -1.44386759e-08  8.23977007e-10]
received errors: 640288744090.976    327314877977.73157

sending vector for error: [ 9.98096184e-19 -1.33824973e-12 -2.37467093e-13  4.86426859e-11
 -2.00131945e-10 -5.66641147e-16  9.32989798e-16  3.21256155e-05
 -2.03029100e-06 -1.40786058e-08  8.32167411e-10]
received errors: 489341923370.0809    71243924257.34853

sending vector for error: [ 9.90724752e-19 -1.32808415e-12 -2.34181189e-13  4.94084821e-11
 -2.03902807e-10 -5.64438890e-16  9.20166544e-16  3.17995843e-05
 -2.01985121e-06 -1.40107948e-08  8.37008092e-10]
received errors: 433802986378.08276    137764454212.55502


CROSSOVER:


	parent1 = [ 1.00220484e-18 -1.33535556e-12 -2.28750528e-13  4.97925784e-11
 -1.95455510e-10 -5.45475092e-16  9.08834817e-16  3.18072631e-05
 -2.01766570e-06 -1.44233642e-08  8.32811433e-10]
	parent2 = [ 9.71119722e-19 -1.35621917e-12 -2.35003486e-13  4.85671231e-11
 -1.96371212e-10 -5.59580246e-16  9.31926179e-16  3.15721739e-05
 -2.03429637e-06 -1.39935205e-08  8.34704930e-10]
	cutoff index = 10
	child 1 = [ 1.00220484e-18 -1.33535556e-12 -2.28750528e-13  4.97925784e-11
 -1.95455510e-10 -5.45475092e-16  9.08834817e-16  3.18072631e-05
 -2.01766570e-06 -1.44233642e-08  8.34704930e-10]
	child 2 = [ 1.00220484e-18 -1.33535556e-12 -2.28750528e-13  4.97925784e-11
 -1.95455510e-10 -5.45475092e-16  9.08834817e-16  3.18072631e-05
 -2.01766570e-06 -1.44233642e-08  8.32811433e-10]


CROSSOVER:


	parent1 = [ 9.90724752e-19 -1.32808415e-12 -2.34181189e-13  4.94084821e-11
 -2.03902807e-10 -5.64438890e-16  9.20166544e-16  3.17995843e-05
 -2.01985121e-06 -1.40107948e-08  8.37008092e-10]
	parent2 = [ 1.00220484e-18 -1.33535556e-12 -2.28750528e-13  4.97925784e-11
 -1.95455510e-10 -5.45475092e-16  9.08834817e-16  3.18072631e-05
 -2.01766570e-06 -1.44233642e-08  8.34704930e-10]
	cutoff index = 10
	child 1 = [ 9.90724752e-19 -1.32808415e-12 -2.34181189e-13  4.94084821e-11
 -2.03902807e-10 -5.64438890e-16  9.20166544e-16  3.17995843e-05
 -2.01985121e-06 -1.40107948e-08  8.34704930e-10]
	child 2 = [ 9.90724752e-19 -1.32808415e-12 -2.34181189e-13  4.94084821e-11
 -2.03902807e-10 -5.64438890e-16  9.20166544e-16  3.17995843e-05
 -2.01985121e-06 -1.40107948e-08  8.37008092e-10]


CROSSOVER:


	parent1 = [ 1.00161019e-18 -1.34974970e-12 -2.33253763e-13  4.89547419e-11
 -1.96513586e-10 -5.53636461e-16  9.38353347e-16  3.08322337e-05
 -2.00897186e-06 -1.44386759e-08  8.23977007e-10]
	parent2 = [ 1.00220484e-18 -1.33535556e-12 -2.28750528e-13  4.97925784e-11
 -1.95455510e-10 -5.45475092e-16  9.08834817e-16  3.18072631e-05
 -2.01766570e-06 -1.44233642e-08  8.32811433e-10]
	cutoff index = 1
	child 1 = [ 1.00161019e-18 -1.33535556e-12 -2.28750528e-13  4.97925784e-11
 -1.95455510e-10 -5.45475092e-16  9.08834817e-16  3.18072631e-05
 -2.01766570e-06 -1.44233642e-08  8.32811433e-10]
	child 2 = [ 1.00161019e-18 -1.34974970e-12 -2.33253763e-13  4.89547419e-11
 -1.96513586e-10 -5.53636461e-16  9.38353347e-16  3.08322337e-05
 -2.00897186e-06 -1.44386759e-08  8.23977007e-10]


CROSSOVER:


	parent1 = [ 9.90724752e-19 -1.32808415e-12 -2.34181189e-13  4.94084821e-11
 -2.03902807e-10 -5.64438890e-16  9.20166544e-16  3.17995843e-05
 -2.01985121e-06 -1.40107948e-08  8.34704930e-10]
	parent2 = [ 1.00161019e-18 -1.34974970e-12 -2.33253763e-13  4.89547419e-11
 -1.96513586e-10 -5.53636461e-16  9.38353347e-16  3.08322337e-05
 -2.00897186e-06 -1.44386759e-08  8.23977007e-10]
	cutoff index = 10
	child 1 = [ 9.90724752e-19 -1.32808415e-12 -2.34181189e-13  4.94084821e-11
 -2.03902807e-10 -5.64438890e-16  9.20166544e-16  3.17995843e-05
 -2.01985121e-06 -1.40107948e-08  8.23977007e-10]
	child 2 = [ 9.90724752e-19 -1.32808415e-12 -2.34181189e-13  4.94084821e-11
 -2.03902807e-10 -5.64438890e-16  9.20166544e-16  3.17995843e-05
 -2.01985121e-06 -1.40107948e-08  8.34704930e-10]


MUTATION: 

RECEIVED FOR MUTATTION: [[ 9.90724752e-19 -1.32808415e-12 -2.34181189e-13  4.94084821e-11
  -2.03902807e-10 -5.64438890e-16  9.20166544e-16  3.17995843e-05
  -2.01985121e-06 -1.40107948e-08  8.34704930e-10]
 [ 1.00161019e-18 -1.33535556e-12 -2.28750528e-13  4.97925784e-11
  -1.95455510e-10 -5.45475092e-16  9.08834817e-16  3.18072631e-05
  -2.01766570e-06 -1.44233642e-08  8.32811433e-10]
 [ 9.90724752e-19 -1.32808415e-12 -2.34181189e-13  4.94084821e-11
  -2.03902807e-10 -5.64438890e-16  9.20166544e-16  3.17995843e-05
  -2.01985121e-06 -1.40107948e-08  8.34704930e-10]
 [ 9.90724752e-19 -1.32808415e-12 -2.34181189e-13  4.94084821e-11
  -2.03902807e-10 -5.64438890e-16  9.20166544e-16  3.17995843e-05
  -2.01985121e-06 -1.40107948e-08  8.37008092e-10]
 [ 1.00161019e-18 -1.33535556e-12 -2.28750528e-13  4.97925784e-11
  -1.95455510e-10 -5.45475092e-16  9.08834817e-16  3.18072631e-05
  -2.01766570e-06 -1.44233642e-08  8.32811433e-10]
 [ 9.90724752e-19 -1.32808415e-12 -2.34181189e-13  4.94084821e-11
  -2.03902807e-10 -5.64438890e-16  9.20166544e-16  3.17995843e-05
  -2.01985121e-06 -1.40107948e-08  8.23977007e-10]
 [ 9.90724752e-19 -1.32808415e-12 -2.34181189e-13  4.94084821e-11
  -2.03902807e-10 -5.64438890e-16  9.20166544e-16  3.17995843e-05
  -2.01985121e-06 -1.40107948e-08  8.23977007e-10]
 [ 9.90724752e-19 -1.32808415e-12 -2.34181189e-13  4.94084821e-11
  -2.03902807e-10 -5.64438890e-16  9.20166544e-16  3.17995843e-05
  -2.01985121e-06 -1.40107948e-08  8.34704930e-10]]

Mutated feature:[[ 9.73814441e-19 -1.31621888e-12 -2.29729688e-13  4.94084821e-11
  -2.05953505e-10 -5.53948186e-16  9.13828858e-16  3.18833856e-05
  -2.01985121e-06 -1.38440843e-08  8.21720077e-10]
 [ 1.00161019e-18 -1.31531546e-12 -2.28750528e-13  5.01842493e-11
  -1.95455510e-10 -5.45475092e-16  9.14482847e-16  3.13526316e-05
  -2.00770547e-06 -1.43203202e-08  8.32811433e-10]
 [ 1.00400953e-18 -1.33310294e-12 -2.34181189e-13  4.96851377e-11
  -2.01685589e-10 -5.73362048e-16  9.20082373e-16  3.21283897e-05
  -2.05675795e-06 -1.42350162e-08  8.26831590e-10]
 [ 9.90724752e-19 -1.32808415e-12 -2.35346251e-13  4.89467766e-11
  -2.04055671e-10 -5.72274060e-16  9.20166544e-16  3.24005756e-05
  -2.05954958e-06 -1.38137793e-08  8.33357814e-10]
 [ 1.00492915e-18 -1.33900918e-12 -2.31605184e-13  4.97925784e-11
  -1.95455510e-10 -5.38428380e-16  9.01768141e-16  3.21200038e-05
  -2.04780098e-06 -1.44697743e-08  8.21093524e-10]
 [ 9.90724752e-19 -1.34656669e-12 -2.31740547e-13  5.00528046e-11
  -2.00113950e-10 -5.64438890e-16  9.20166544e-16  3.19615939e-05
  -2.03858151e-06 -1.40107948e-08  8.38363835e-10]
 [ 1.00741731e-18 -1.30531834e-12 -2.35488393e-13  4.87588321e-11
  -2.02593111e-10 -5.59050769e-16  9.23071296e-16  3.12876114e-05
  -2.00367554e-06 -1.38578067e-08  8.35047963e-10]
 [ 9.75106720e-19 -1.31088852e-12 -2.30301959e-13  4.88604984e-11
  -2.03902807e-10 -5.64438890e-16  9.09504392e-16  3.17912120e-05
  -1.98090927e-06 -1.40658718e-08  8.47981604e-10]]


sending vector for error: [ 9.73814441e-19 -1.31621888e-12 -2.29729688e-13  4.94084821e-11
 -2.05953505e-10 -5.53948186e-16  9.13828858e-16  3.18833856e-05
 -2.01985121e-06 -1.38440843e-08  8.21720077e-10]
received errors: 520891019726.9707    71778974858.92896

sending vector for error: [ 1.00161019e-18 -1.31531546e-12 -2.28750528e-13  5.01842493e-11
 -1.95455510e-10 -5.45475092e-16  9.14482847e-16  3.13526316e-05
 -2.00770547e-06 -1.43203202e-08  8.32811433e-10]
received errors: 413013604255.31177    75761794436.09087

sending vector for error: [ 1.00400953e-18 -1.33310294e-12 -2.34181189e-13  4.96851377e-11
 -2.01685589e-10 -5.73362048e-16  9.20082373e-16  3.21283897e-05
 -2.05675795e-06 -1.42350162e-08  8.26831590e-10]
received errors: 832886664486.8973    394987073621.06256

sending vector for error: [ 9.90724752e-19 -1.32808415e-12 -2.35346251e-13  4.89467766e-11
 -2.04055671e-10 -5.72274060e-16  9.20166544e-16  3.24005756e-05
 -2.05954958e-06 -1.38137793e-08  8.33357814e-10]
received errors: 593664676486.188    81399927608.53601

sending vector for error: [ 1.00492915e-18 -1.33900918e-12 -2.31605184e-13  4.97925784e-11
 -1.95455510e-10 -5.38428380e-16  9.01768141e-16  3.21200038e-05
 -2.04780098e-06 -1.44697743e-08  8.21093524e-10]
received errors: 974149260247.097    631156704100.5264

sending vector for error: [ 9.90724752e-19 -1.34656669e-12 -2.31740547e-13  5.00528046e-11
 -2.00113950e-10 -5.64438890e-16  9.20166544e-16  3.19615939e-05
 -2.03858151e-06 -1.40107948e-08  8.38363835e-10]
received errors: 474571187980.0884    86892107235.29106

sending vector for error: [ 1.00741731e-18 -1.30531834e-12 -2.35488393e-13  4.87588321e-11
 -2.02593111e-10 -5.59050769e-16  9.23071296e-16  3.12876114e-05
 -2.00367554e-06 -1.38578067e-08  8.35047963e-10]
received errors: 411296711954.54596    205300647788.47968

sending vector for error: [ 9.75106720e-19 -1.31088852e-12 -2.30301959e-13  4.88604984e-11
 -2.03902807e-10 -5.64438890e-16  9.09504392e-16  3.17912120e-05
 -1.98090927e-06 -1.40658718e-08  8.47981604e-10]
received errors: 691940565694.8933    1132075402669.9685


CROSSOVER:


	parent1 = [ 9.73814441e-19 -1.31621888e-12 -2.29729688e-13  4.94084821e-11
 -2.05953505e-10 -5.53948186e-16  9.13828858e-16  3.18833856e-05
 -2.01985121e-06 -1.38440843e-08  8.21720077e-10]
	parent2 = [ 1.00161019e-18 -1.31531546e-12 -2.28750528e-13  5.01842493e-11
 -1.95455510e-10 -5.45475092e-16  9.14482847e-16  3.13526316e-05
 -2.00770547e-06 -1.43203202e-08  8.32811433e-10]
	cutoff index = 8
	child 1 = [ 9.73814441e-19 -1.31621888e-12 -2.29729688e-13  4.94084821e-11
 -2.05953505e-10 -5.53948186e-16  9.13828858e-16  3.18833856e-05
 -2.00770547e-06 -1.43203202e-08  8.32811433e-10]
	child 2 = [ 9.73814441e-19 -1.31621888e-12 -2.29729688e-13  4.94084821e-11
 -2.05953505e-10 -5.53948186e-16  9.13828858e-16  3.18833856e-05
 -2.01985121e-06 -1.38440843e-08  8.21720077e-10]


CROSSOVER:


	parent1 = [ 1.00741731e-18 -1.30531834e-12 -2.35488393e-13  4.87588321e-11
 -2.02593111e-10 -5.59050769e-16  9.23071296e-16  3.12876114e-05
 -2.00367554e-06 -1.38578067e-08  8.35047963e-10]
	parent2 = [ 1.00741731e-18 -1.30531834e-12 -2.35488393e-13  4.87588321e-11
 -2.02593111e-10 -5.59050769e-16  9.23071296e-16  3.12876114e-05
 -2.00367554e-06 -1.38578067e-08  8.35047963e-10]
	cutoff index = 2
	child 1 = [ 1.00741731e-18 -1.30531834e-12 -2.35488393e-13  4.87588321e-11
 -2.02593111e-10 -5.59050769e-16  9.23071296e-16  3.12876114e-05
 -2.00367554e-06 -1.38578067e-08  8.35047963e-10]
	child 2 = [ 1.00741731e-18 -1.30531834e-12 -2.35488393e-13  4.87588321e-11
 -2.02593111e-10 -5.59050769e-16  9.23071296e-16  3.12876114e-05
 -2.00367554e-06 -1.38578067e-08  8.35047963e-10]


CROSSOVER:


	parent1 = [ 1.00741731e-18 -1.30531834e-12 -2.35488393e-13  4.87588321e-11
 -2.02593111e-10 -5.59050769e-16  9.23071296e-16  3.12876114e-05
 -2.00367554e-06 -1.38578067e-08  8.35047963e-10]
	parent2 = [ 9.90724752e-19 -1.34656669e-12 -2.31740547e-13  5.00528046e-11
 -2.00113950e-10 -5.64438890e-16  9.20166544e-16  3.19615939e-05
 -2.03858151e-06 -1.40107948e-08  8.38363835e-10]
	cutoff index = 8
	child 1 = [ 1.00741731e-18 -1.30531834e-12 -2.35488393e-13  4.87588321e-11
 -2.02593111e-10 -5.59050769e-16  9.23071296e-16  3.12876114e-05
 -2.03858151e-06 -1.40107948e-08  8.38363835e-10]
	child 2 = [ 1.00741731e-18 -1.30531834e-12 -2.35488393e-13  4.87588321e-11
 -2.02593111e-10 -5.59050769e-16  9.23071296e-16  3.12876114e-05
 -2.00367554e-06 -1.38578067e-08  8.35047963e-10]


CROSSOVER:


	parent1 = [ 1.00741731e-18 -1.30531834e-12 -2.35488393e-13  4.87588321e-11
 -2.02593111e-10 -5.59050769e-16  9.23071296e-16  3.12876114e-05
 -2.00367554e-06 -1.38578067e-08  8.35047963e-10]
	parent2 = [ 1.00741731e-18 -1.30531834e-12 -2.35488393e-13  4.87588321e-11
 -2.02593111e-10 -5.59050769e-16  9.23071296e-16  3.12876114e-05
 -2.03858151e-06 -1.40107948e-08  8.38363835e-10]
	cutoff index = 0
	child 1 = [ 1.00741731e-18 -1.30531834e-12 -2.35488393e-13  4.87588321e-11
 -2.02593111e-10 -5.59050769e-16  9.23071296e-16  3.12876114e-05
 -2.03858151e-06 -1.40107948e-08  8.38363835e-10]
	child 2 = [ 1.00741731e-18 -1.30531834e-12 -2.35488393e-13  4.87588321e-11
 -2.02593111e-10 -5.59050769e-16  9.23071296e-16  3.12876114e-05
 -2.00367554e-06 -1.38578067e-08  8.35047963e-10]


MUTATION: 

RECEIVED FOR MUTATTION: [[ 9.73814441e-19 -1.31621888e-12 -2.29729688e-13  4.94084821e-11
  -2.05953505e-10 -5.53948186e-16  9.13828858e-16  3.18833856e-05
  -2.00770547e-06 -1.43203202e-08  8.32811433e-10]
 [ 9.73814441e-19 -1.31621888e-12 -2.29729688e-13  4.94084821e-11
  -2.05953505e-10 -5.53948186e-16  9.13828858e-16  3.18833856e-05
  -2.01985121e-06 -1.38440843e-08  8.21720077e-10]
 [ 1.00741731e-18 -1.30531834e-12 -2.35488393e-13  4.87588321e-11
  -2.02593111e-10 -5.59050769e-16  9.23071296e-16  3.12876114e-05
  -2.00367554e-06 -1.38578067e-08  8.35047963e-10]
 [ 1.00741731e-18 -1.30531834e-12 -2.35488393e-13  4.87588321e-11
  -2.02593111e-10 -5.59050769e-16  9.23071296e-16  3.12876114e-05
  -2.00367554e-06 -1.38578067e-08  8.35047963e-10]
 [ 1.00741731e-18 -1.30531834e-12 -2.35488393e-13  4.87588321e-11
  -2.02593111e-10 -5.59050769e-16  9.23071296e-16  3.12876114e-05
  -2.03858151e-06 -1.40107948e-08  8.38363835e-10]
 [ 1.00741731e-18 -1.30531834e-12 -2.35488393e-13  4.87588321e-11
  -2.02593111e-10 -5.59050769e-16  9.23071296e-16  3.12876114e-05
  -2.00367554e-06 -1.38578067e-08  8.35047963e-10]
 [ 1.00741731e-18 -1.30531834e-12 -2.35488393e-13  4.87588321e-11
  -2.02593111e-10 -5.59050769e-16  9.23071296e-16  3.12876114e-05
  -2.03858151e-06 -1.40107948e-08  8.38363835e-10]
 [ 1.00741731e-18 -1.30531834e-12 -2.35488393e-13  4.87588321e-11
  -2.02593111e-10 -5.59050769e-16  9.23071296e-16  3.12876114e-05
  -2.00367554e-06 -1.38578067e-08  8.35047963e-10]]

Mutated feature:[[ 9.68163982e-19 -1.32621938e-12 -2.29729688e-13  5.01322970e-11
  -2.06484032e-10 -5.59823997e-16  8.99219904e-16  3.25203724e-05
  -2.03474474e-06 -1.42967426e-08  8.39697279e-10]
 [ 9.73814441e-19 -1.29821689e-12 -2.29433991e-13  5.03003411e-11
  -2.03812864e-10 -5.62845275e-16  9.04612729e-16  3.16991895e-05
  -1.99797860e-06 -1.37335520e-08  8.20749156e-10]
 [ 1.01263640e-18 -1.31231864e-12 -2.31787560e-13  4.96745041e-11
  -2.02086553e-10 -5.64377515e-16  9.27453429e-16  3.16554983e-05
  -2.00957071e-06 -1.37705859e-08  8.23652358e-10]
 [ 1.00299063e-18 -1.30531834e-12 -2.35488393e-13  4.85233068e-11
  -2.04332338e-10 -5.67683045e-16  9.23071296e-16  3.11095010e-05
  -2.02194652e-06 -1.38872447e-08  8.35047963e-10]
 [ 1.02412581e-18 -1.32638786e-12 -2.34583565e-13  4.78921082e-11
  -1.98954708e-10 -5.61222006e-16  9.05030002e-16  3.07141661e-05
  -2.06939203e-06 -1.39977509e-08  8.40016614e-10]
 [ 1.02573258e-18 -1.30531834e-12 -2.32844289e-13  4.95804430e-11
  -1.98810989e-10 -5.60947206e-16  9.25345286e-16  3.12876114e-05
  -1.98024270e-06 -1.40202426e-08  8.19945587e-10]
 [ 9.90288432e-19 -1.28053459e-12 -2.38848065e-13  4.87588321e-11
  -2.02593111e-10 -5.50129556e-16  9.29858902e-16  3.16301389e-05
  -2.02354085e-06 -1.41117984e-08  8.54940765e-10]
 [ 1.00741731e-18 -1.31606212e-12 -2.35488393e-13  4.90898119e-11
  -2.02220040e-10 -5.54730723e-16  9.13654466e-16  3.14713171e-05
  -1.97592007e-06 -1.35916638e-08  8.35047963e-10]]


sending vector for error: [ 9.68163982e-19 -1.32621938e-12 -2.29729688e-13  5.01322970e-11
 -2.06484032e-10 -5.59823997e-16  8.99219904e-16  3.25203724e-05
 -2.03474474e-06 -1.42967426e-08  8.39697279e-10]
received errors: 466660871209.89075    97632126251.55971

sending vector for error: [ 9.73814441e-19 -1.29821689e-12 -2.29433991e-13  5.03003411e-11
 -2.03812864e-10 -5.62845275e-16  9.04612729e-16  3.16991895e-05
 -1.99797860e-06 -1.37335520e-08  8.20749156e-10]
received errors: 444264187352.88025    101893757698.63126

sending vector for error: [ 1.01263640e-18 -1.31231864e-12 -2.31787560e-13  4.96745041e-11
 -2.02086553e-10 -5.64377515e-16  9.27453429e-16  3.16554983e-05
 -2.00957071e-06 -1.37705859e-08  8.23652358e-10]
received errors: 459805905327.3535    77319464868.0527

sending vector for error: [ 1.00299063e-18 -1.30531834e-12 -2.35488393e-13  4.85233068e-11
 -2.04332338e-10 -5.67683045e-16  9.23071296e-16  3.11095010e-05
 -2.02194652e-06 -1.38872447e-08  8.35047963e-10]
received errors: 430909064110.7291    84316312990.69075

sending vector for error: [ 1.02412581e-18 -1.32638786e-12 -2.34583565e-13  4.78921082e-11
 -1.98954708e-10 -5.61222006e-16  9.05030002e-16  3.07141661e-05
 -2.06939203e-06 -1.39977509e-08  8.40016614e-10]
received errors: 764120030756.1542    416757392530.4406

sending vector for error: [ 1.02573258e-18 -1.30531834e-12 -2.32844289e-13  4.95804430e-11
 -1.98810989e-10 -5.60947206e-16  9.25345286e-16  3.12876114e-05
 -1.98024270e-06 -1.40202426e-08  8.19945587e-10]
received errors: 389878086856.89056    76748629960.48038

sending vector for error: [ 9.90288432e-19 -1.28053459e-12 -2.38848065e-13  4.87588321e-11
 -2.02593111e-10 -5.50129556e-16  9.29858902e-16  3.16301389e-05
 -2.02354085e-06 -1.41117984e-08  8.54940765e-10]
received errors: 486325561533.4237    486826788122.7572

sending vector for error: [ 1.00741731e-18 -1.31606212e-12 -2.35488393e-13  4.90898119e-11
 -2.02220040e-10 -5.54730723e-16  9.13654466e-16  3.14713171e-05
 -1.97592007e-06 -1.35916638e-08  8.35047963e-10]
received errors: 639189349987.7898    921559892683.0111


CROSSOVER:


	parent1 = [ 9.73814441e-19 -1.29821689e-12 -2.29433991e-13  5.03003411e-11
 -2.03812864e-10 -5.62845275e-16  9.04612729e-16  3.16991895e-05
 -1.99797860e-06 -1.37335520e-08  8.20749156e-10]
	parent2 = [ 1.02573258e-18 -1.30531834e-12 -2.32844289e-13  4.95804430e-11
 -1.98810989e-10 -5.60947206e-16  9.25345286e-16  3.12876114e-05
 -1.98024270e-06 -1.40202426e-08  8.19945587e-10]
	cutoff index = 0
	child 1 = [ 1.02573258e-18 -1.30531834e-12 -2.32844289e-13  4.95804430e-11
 -1.98810989e-10 -5.60947206e-16  9.25345286e-16  3.12876114e-05
 -1.98024270e-06 -1.40202426e-08  8.19945587e-10]
	child 2 = [ 9.73814441e-19 -1.29821689e-12 -2.29433991e-13  5.03003411e-11
 -2.03812864e-10 -5.62845275e-16  9.04612729e-16  3.16991895e-05
 -1.99797860e-06 -1.37335520e-08  8.20749156e-10]


CROSSOVER:


	parent1 = [ 1.00299063e-18 -1.30531834e-12 -2.35488393e-13  4.85233068e-11
 -2.04332338e-10 -5.67683045e-16  9.23071296e-16  3.11095010e-05
 -2.02194652e-06 -1.38872447e-08  8.35047963e-10]
	parent2 = [ 9.73814441e-19 -1.29821689e-12 -2.29433991e-13  5.03003411e-11
 -2.03812864e-10 -5.62845275e-16  9.04612729e-16  3.16991895e-05
 -1.99797860e-06 -1.37335520e-08  8.20749156e-10]
	cutoff index = 8
	child 1 = [ 1.00299063e-18 -1.30531834e-12 -2.35488393e-13  4.85233068e-11
 -2.04332338e-10 -5.67683045e-16  9.23071296e-16  3.11095010e-05
 -1.99797860e-06 -1.37335520e-08  8.20749156e-10]
	child 2 = [ 1.00299063e-18 -1.30531834e-12 -2.35488393e-13  4.85233068e-11
 -2.04332338e-10 -5.67683045e-16  9.23071296e-16  3.11095010e-05
 -2.02194652e-06 -1.38872447e-08  8.35047963e-10]


CROSSOVER:


	parent1 = [ 9.90288432e-19 -1.28053459e-12 -2.38848065e-13  4.87588321e-11
 -2.02593111e-10 -5.50129556e-16  9.29858902e-16  3.16301389e-05
 -2.02354085e-06 -1.41117984e-08  8.54940765e-10]
	parent2 = [ 1.01263640e-18 -1.31231864e-12 -2.31787560e-13  4.96745041e-11
 -2.02086553e-10 -5.64377515e-16  9.27453429e-16  3.16554983e-05
 -2.00957071e-06 -1.37705859e-08  8.23652358e-10]
	cutoff index = 7
	child 1 = [ 9.90288432e-19 -1.28053459e-12 -2.38848065e-13  4.87588321e-11
 -2.02593111e-10 -5.50129556e-16  9.29858902e-16  3.16554983e-05
 -2.00957071e-06 -1.37705859e-08  8.23652358e-10]
	child 2 = [ 9.90288432e-19 -1.28053459e-12 -2.38848065e-13  4.87588321e-11
 -2.02593111e-10 -5.50129556e-16  9.29858902e-16  3.16301389e-05
 -2.02354085e-06 -1.41117984e-08  8.54940765e-10]


CROSSOVER:


	parent1 = [ 1.02573258e-18 -1.30531834e-12 -2.32844289e-13  4.95804430e-11
 -1.98810989e-10 -5.60947206e-16  9.25345286e-16  3.12876114e-05
 -1.98024270e-06 -1.40202426e-08  8.19945587e-10]
	parent2 = [ 1.00299063e-18 -1.30531834e-12 -2.35488393e-13  4.85233068e-11
 -2.04332338e-10 -5.67683045e-16  9.23071296e-16  3.11095010e-05
 -2.02194652e-06 -1.38872447e-08  8.35047963e-10]
	cutoff index = 0
	child 1 = [ 1.00299063e-18 -1.30531834e-12 -2.35488393e-13  4.85233068e-11
 -2.04332338e-10 -5.67683045e-16  9.23071296e-16  3.11095010e-05
 -2.02194652e-06 -1.38872447e-08  8.35047963e-10]
	child 2 = [ 1.02573258e-18 -1.30531834e-12 -2.32844289e-13  4.95804430e-11
 -1.98810989e-10 -5.60947206e-16  9.25345286e-16  3.12876114e-05
 -1.98024270e-06 -1.40202426e-08  8.19945587e-10]


MUTATION: 

RECEIVED FOR MUTATTION: [[ 1.02573258e-18 -1.30531834e-12 -2.32844289e-13  4.95804430e-11
  -1.98810989e-10 -5.60947206e-16  9.25345286e-16  3.12876114e-05
  -1.98024270e-06 -1.40202426e-08  8.19945587e-10]
 [ 1.00299063e-18 -1.30531834e-12 -2.35488393e-13  4.85233068e-11
  -2.04332338e-10 -5.67683045e-16  9.23071296e-16  3.11095010e-05
  -1.99797860e-06 -1.37335520e-08  8.20749156e-10]
 [ 1.00299063e-18 -1.30531834e-12 -2.35488393e-13  4.85233068e-11
  -2.04332338e-10 -5.67683045e-16  9.23071296e-16  3.11095010e-05
  -1.99797860e-06 -1.37335520e-08  8.20749156e-10]
 [ 1.00299063e-18 -1.30531834e-12 -2.35488393e-13  4.85233068e-11
  -2.04332338e-10 -5.67683045e-16  9.23071296e-16  3.11095010e-05
  -2.02194652e-06 -1.38872447e-08  8.35047963e-10]
 [ 9.90288432e-19 -1.28053459e-12 -2.38848065e-13  4.87588321e-11
  -2.02593111e-10 -5.50129556e-16  9.29858902e-16  3.16554983e-05
  -2.00957071e-06 -1.37705859e-08  8.23652358e-10]
 [ 9.90288432e-19 -1.28053459e-12 -2.38848065e-13  4.87588321e-11
  -2.02593111e-10 -5.50129556e-16  9.29858902e-16  3.16301389e-05
  -2.02354085e-06 -1.41117984e-08  8.54940765e-10]
 [ 1.00299063e-18 -1.30531834e-12 -2.35488393e-13  4.85233068e-11
  -2.04332338e-10 -5.67683045e-16  9.23071296e-16  3.11095010e-05
  -2.02194652e-06 -1.38872447e-08  8.35047963e-10]
 [ 1.02573258e-18 -1.30531834e-12 -2.32844289e-13  4.95804430e-11
  -1.98810989e-10 -5.60947206e-16  9.25345286e-16  3.12876114e-05
  -1.98024270e-06 -1.40202426e-08  8.19945587e-10]]

Mutated feature:[[ 1.03689067e-18 -1.30531834e-12 -2.33073606e-13  4.90119814e-11
  -1.98810989e-10 -5.60947206e-16  9.10877518e-16  3.18514889e-05
  -2.00484010e-06 -1.39035391e-08  8.03969723e-10]
 [ 1.01364474e-18 -1.32289974e-12 -2.34119386e-13  4.76792247e-11
  -2.05571803e-10 -5.77530884e-16  9.23071296e-16  3.15845819e-05
  -1.95919027e-06 -1.34967053e-08  8.16726277e-10]
 [ 9.95121029e-19 -1.32833522e-12 -2.35488393e-13  4.77304537e-11
  -2.06811662e-10 -5.59811580e-16  9.18822241e-16  3.11200452e-05
  -1.99797860e-06 -1.37540519e-08  8.27834065e-10]
 [ 1.01712964e-18 -1.30859580e-12 -2.35488393e-13  4.85039375e-11
  -2.02562495e-10 -5.67683045e-16  9.23071296e-16  3.11095010e-05
  -2.01614199e-06 -1.38859961e-08  8.30009331e-10]
 [ 9.73313981e-19 -1.28053459e-12 -2.38866432e-13  4.81827221e-11
  -2.00705803e-10 -5.50129556e-16  9.14240001e-16  3.14782875e-05
  -2.04802435e-06 -1.36665082e-08  8.23652358e-10]
 [ 9.94029424e-19 -1.28053459e-12 -2.37822564e-13  4.84223602e-11
  -2.02593111e-10 -5.61104227e-16  9.26107998e-16  3.14671353e-05
  -2.02354085e-06 -1.43627838e-08  8.48438104e-10]
 [ 1.00413205e-18 -1.30729077e-12 -2.38651988e-13  4.85233068e-11
  -2.02585408e-10 -5.57304493e-16  9.31643922e-16  3.14538596e-05
  -2.02194652e-06 -1.36427392e-08  8.35047963e-10]
 [ 1.04603946e-18 -1.31935853e-12 -2.29773503e-13  4.93015440e-11
  -1.97352519e-10 -5.60947206e-16  9.28370305e-16  3.12876114e-05
  -1.95982672e-06 -1.38876320e-08  8.19945587e-10]]


sending vector for error: [ 1.03689067e-18 -1.30531834e-12 -2.33073606e-13  4.90119814e-11
 -1.98810989e-10 -5.60947206e-16  9.10877518e-16  3.18514889e-05
 -2.00484010e-06 -1.39035391e-08  8.03969723e-10]
received errors: 718324804026.3088    254848179813.92944

sending vector for error: [ 1.01364474e-18 -1.32289974e-12 -2.34119386e-13  4.76792247e-11
 -2.05571803e-10 -5.77530884e-16  9.23071296e-16  3.15845819e-05
 -1.95919027e-06 -1.34967053e-08  8.16726277e-10]
received errors: 502294981308.6032    509433217238.1992

sending vector for error: [ 9.95121029e-19 -1.32833522e-12 -2.35488393e-13  4.77304537e-11
 -2.06811662e-10 -5.59811580e-16  9.18822241e-16  3.11200452e-05
 -1.99797860e-06 -1.37540519e-08  8.27834065e-10]
received errors: 404869594973.6359    129952552387.73355

sending vector for error: [ 1.01712964e-18 -1.30859580e-12 -2.35488393e-13  4.85039375e-11
 -2.02562495e-10 -5.67683045e-16  9.23071296e-16  3.11095010e-05
 -2.01614199e-06 -1.38859961e-08  8.30009331e-10]
received errors: 446545642329.4762    77121323727.95895

sending vector for error: [ 9.73313981e-19 -1.28053459e-12 -2.38866432e-13  4.81827221e-11
 -2.00705803e-10 -5.50129556e-16  9.14240001e-16  3.14782875e-05
 -2.04802435e-06 -1.36665082e-08  8.23652358e-10]
received errors: 686469575950.5989    210413101502.49683

sending vector for error: [ 9.94029424e-19 -1.28053459e-12 -2.37822564e-13  4.84223602e-11
 -2.02593111e-10 -5.61104227e-16  9.26107998e-16  3.14671353e-05
 -2.02354085e-06 -1.43627838e-08  8.48438104e-10]
received errors: 383488303380.7519    142156548625.1551

sending vector for error: [ 1.00413205e-18 -1.30729077e-12 -2.38651988e-13  4.85233068e-11
 -2.02585408e-10 -5.57304493e-16  9.31643922e-16  3.14538596e-05
 -2.02194652e-06 -1.36427392e-08  8.35047963e-10]
received errors: 453302513905.92303    170986006239.85788

sending vector for error: [ 1.04603946e-18 -1.31935853e-12 -2.29773503e-13  4.93015440e-11
 -1.97352519e-10 -5.60947206e-16  9.28370305e-16  3.12876114e-05
 -1.95982672e-06 -1.38876320e-08  8.19945587e-10]
received errors: 389063255271.013    265301178479.96246


CROSSOVER:


	parent1 = [ 1.00413205e-18 -1.30729077e-12 -2.38651988e-13  4.85233068e-11
 -2.02585408e-10 -5.57304493e-16  9.31643922e-16  3.14538596e-05
 -2.02194652e-06 -1.36427392e-08  8.35047963e-10]
	parent2 = [ 1.01364474e-18 -1.32289974e-12 -2.34119386e-13  4.76792247e-11
 -2.05571803e-10 -5.77530884e-16  9.23071296e-16  3.15845819e-05
 -1.95919027e-06 -1.34967053e-08  8.16726277e-10]
	cutoff index = 5
	child 1 = [ 1.00413205e-18 -1.30729077e-12 -2.38651988e-13  4.85233068e-11
 -2.02585408e-10 -5.77530884e-16  9.23071296e-16  3.15845819e-05
 -1.95919027e-06 -1.34967053e-08  8.16726277e-10]
	child 2 = [ 1.00413205e-18 -1.30729077e-12 -2.38651988e-13  4.85233068e-11
 -2.02585408e-10 -5.57304493e-16  9.31643922e-16  3.14538596e-05
 -2.02194652e-06 -1.36427392e-08  8.35047963e-10]


CROSSOVER:


	parent1 = [ 1.00413205e-18 -1.30729077e-12 -2.38651988e-13  4.85233068e-11
 -2.02585408e-10 -5.57304493e-16  9.31643922e-16  3.14538596e-05
 -2.02194652e-06 -1.36427392e-08  8.35047963e-10]
	parent2 = [ 1.00413205e-18 -1.30729077e-12 -2.38651988e-13  4.85233068e-11
 -2.02585408e-10 -5.57304493e-16  9.31643922e-16  3.14538596e-05
 -2.02194652e-06 -1.36427392e-08  8.35047963e-10]
	cutoff index = 0
	child 1 = [ 1.00413205e-18 -1.30729077e-12 -2.38651988e-13  4.85233068e-11
 -2.02585408e-10 -5.57304493e-16  9.31643922e-16  3.14538596e-05
 -2.02194652e-06 -1.36427392e-08  8.35047963e-10]
	child 2 = [ 1.00413205e-18 -1.30729077e-12 -2.38651988e-13  4.85233068e-11
 -2.02585408e-10 -5.57304493e-16  9.31643922e-16  3.14538596e-05
 -2.02194652e-06 -1.36427392e-08  8.35047963e-10]


CROSSOVER:


	parent1 = [ 1.04603946e-18 -1.31935853e-12 -2.29773503e-13  4.93015440e-11
 -1.97352519e-10 -5.60947206e-16  9.28370305e-16  3.12876114e-05
 -1.95982672e-06 -1.38876320e-08  8.19945587e-10]
	parent2 = [ 1.00413205e-18 -1.30729077e-12 -2.38651988e-13  4.85233068e-11
 -2.02585408e-10 -5.77530884e-16  9.23071296e-16  3.15845819e-05
 -1.95919027e-06 -1.34967053e-08  8.16726277e-10]
	cutoff index = 0
	child 1 = [ 1.00413205e-18 -1.30729077e-12 -2.38651988e-13  4.85233068e-11
 -2.02585408e-10 -5.77530884e-16  9.23071296e-16  3.15845819e-05
 -1.95919027e-06 -1.34967053e-08  8.16726277e-10]
	child 2 = [ 1.04603946e-18 -1.31935853e-12 -2.29773503e-13  4.93015440e-11
 -1.97352519e-10 -5.60947206e-16  9.28370305e-16  3.12876114e-05
 -1.95982672e-06 -1.38876320e-08  8.19945587e-10]


CROSSOVER:


	parent1 = [ 9.94029424e-19 -1.28053459e-12 -2.37822564e-13  4.84223602e-11
 -2.02593111e-10 -5.61104227e-16  9.26107998e-16  3.14671353e-05
 -2.02354085e-06 -1.43627838e-08  8.48438104e-10]
	parent2 = [ 9.95121029e-19 -1.32833522e-12 -2.35488393e-13  4.77304537e-11
 -2.06811662e-10 -5.59811580e-16  9.18822241e-16  3.11200452e-05
 -1.99797860e-06 -1.37540519e-08  8.27834065e-10]
	cutoff index = 6
	child 1 = [ 9.94029424e-19 -1.28053459e-12 -2.37822564e-13  4.84223602e-11
 -2.02593111e-10 -5.61104227e-16  9.18822241e-16  3.11200452e-05
 -1.99797860e-06 -1.37540519e-08  8.27834065e-10]
	child 2 = [ 9.94029424e-19 -1.28053459e-12 -2.37822564e-13  4.84223602e-11
 -2.02593111e-10 -5.61104227e-16  9.26107998e-16  3.14671353e-05
 -2.02354085e-06 -1.43627838e-08  8.48438104e-10]


MUTATION: 

RECEIVED FOR MUTATTION: [[ 1.00413205e-18 -1.30729077e-12 -2.38651988e-13  4.85233068e-11
  -2.02585408e-10 -5.77530884e-16  9.23071296e-16  3.15845819e-05
  -1.95919027e-06 -1.34967053e-08  8.16726277e-10]
 [ 1.00413205e-18 -1.30729077e-12 -2.38651988e-13  4.85233068e-11
  -2.02585408e-10 -5.57304493e-16  9.31643922e-16  3.14538596e-05
  -2.02194652e-06 -1.36427392e-08  8.35047963e-10]
 [ 1.00413205e-18 -1.30729077e-12 -2.38651988e-13  4.85233068e-11
  -2.02585408e-10 -5.57304493e-16  9.31643922e-16  3.14538596e-05
  -2.02194652e-06 -1.36427392e-08  8.35047963e-10]
 [ 1.00413205e-18 -1.30729077e-12 -2.38651988e-13  4.85233068e-11
  -2.02585408e-10 -5.57304493e-16  9.31643922e-16  3.14538596e-05
  -2.02194652e-06 -1.36427392e-08  8.35047963e-10]
 [ 1.00413205e-18 -1.30729077e-12 -2.38651988e-13  4.85233068e-11
  -2.02585408e-10 -5.77530884e-16  9.23071296e-16  3.15845819e-05
  -1.95919027e-06 -1.34967053e-08  8.16726277e-10]
 [ 1.04603946e-18 -1.31935853e-12 -2.29773503e-13  4.93015440e-11
  -1.97352519e-10 -5.60947206e-16  9.28370305e-16  3.12876114e-05
  -1.95982672e-06 -1.38876320e-08  8.19945587e-10]
 [ 9.94029424e-19 -1.28053459e-12 -2.37822564e-13  4.84223602e-11
  -2.02593111e-10 -5.61104227e-16  9.18822241e-16  3.11200452e-05
  -1.99797860e-06 -1.37540519e-08  8.27834065e-10]
 [ 9.94029424e-19 -1.28053459e-12 -2.37822564e-13  4.84223602e-11
  -2.02593111e-10 -5.61104227e-16  9.26107998e-16  3.14671353e-05
  -2.02354085e-06 -1.43627838e-08  8.48438104e-10]]

Mutated feature:[[ 1.00161103e-18 -1.28448138e-12 -2.40419763e-13  4.78005031e-11
  -2.02935258e-10 -5.72325214e-16  9.33556860e-16  3.10974444e-05
  -1.98859580e-06 -1.34970757e-08  8.07156652e-10]
 [ 1.00279143e-18 -1.29654653e-12 -2.38651988e-13  4.77476557e-11
  -2.04793950e-10 -5.57266148e-16  9.49493034e-16  3.10073682e-05
  -2.02270063e-06 -1.36427392e-08  8.32915019e-10]
 [ 1.00786635e-18 -1.32405610e-12 -2.36686785e-13  4.84999733e-11
  -2.04978587e-10 -5.61495576e-16  9.41759937e-16  3.13517926e-05
  -2.00626795e-06 -1.34302986e-08  8.31255744e-10]
 [ 1.00413205e-18 -1.32720267e-12 -2.35331958e-13  4.87673615e-11
  -2.02585408e-10 -5.62789660e-16  9.31643922e-16  3.14538596e-05
  -1.99340660e-06 -1.36427392e-08  8.35047963e-10]
 [ 1.01208187e-18 -1.31004407e-12 -2.38967586e-13  4.91679277e-11
  -2.02461493e-10 -5.77530884e-16  9.07312242e-16  3.12921759e-05
  -1.99239773e-06 -1.32387029e-08  8.16726277e-10]
 [ 1.03508737e-18 -1.31935853e-12 -2.29773503e-13  5.02408544e-11
  -1.97528161e-10 -5.60947206e-16  9.18815990e-16  3.12876114e-05
  -1.95982672e-06 -1.38876320e-08  8.18013550e-10]
 [ 9.74890382e-19 -1.28732054e-12 -2.35077981e-13  4.84223602e-11
  -1.99259651e-10 -5.64112039e-16  9.29027810e-16  3.13766624e-05
  -1.99797860e-06 -1.35919185e-08  8.44276772e-10]
 [ 1.00545500e-18 -1.28053459e-12 -2.33854426e-13  4.77845188e-11
  -2.04876874e-10 -5.58015102e-16  9.21247074e-16  3.11346235e-05
  -2.01701837e-06 -1.41013573e-08  8.42764102e-10]]


sending vector for error: [ 1.00161103e-18 -1.28448138e-12 -2.40419763e-13  4.78005031e-11
 -2.02935258e-10 -5.72325214e-16  9.33556860e-16  3.10974444e-05
 -1.98859580e-06 -1.34970757e-08  8.07156652e-10]
received errors: 500700826853.3732    71810286715.18224

sending vector for error: [ 1.00279143e-18 -1.29654653e-12 -2.38651988e-13  4.77476557e-11
 -2.04793950e-10 -5.57266148e-16  9.49493034e-16  3.10073682e-05
 -2.02270063e-06 -1.36427392e-08  8.32915019e-10]
received errors: 440163234053.9914    95270150895.0589

sending vector for error: [ 1.00786635e-18 -1.32405610e-12 -2.36686785e-13  4.84999733e-11
 -2.04978587e-10 -5.61495576e-16  9.41759937e-16  3.13517926e-05
 -2.00626795e-06 -1.34302986e-08  8.31255744e-10]
received errors: 479292464153.96533    315658563399.6089

sending vector for error: [ 1.00413205e-18 -1.32720267e-12 -2.35331958e-13  4.87673615e-11
 -2.02585408e-10 -5.62789660e-16  9.31643922e-16  3.14538596e-05
 -1.99340660e-06 -1.36427392e-08  8.35047963e-10]
received errors: 506272691168.8109    510507530320.2409

sending vector for error: [ 1.01208187e-18 -1.31004407e-12 -2.38967586e-13  4.91679277e-11
 -2.02461493e-10 -5.77530884e-16  9.07312242e-16  3.12921759e-05
 -1.99239773e-06 -1.32387029e-08  8.16726277e-10]
received errors: 461891462425.48694    175330246049.62692

sending vector for error: [ 1.03508737e-18 -1.31935853e-12 -2.29773503e-13  5.02408544e-11
 -1.97528161e-10 -5.60947206e-16  9.18815990e-16  3.12876114e-05
 -1.95982672e-06 -1.38876320e-08  8.18013550e-10]
received errors: 380740380504.2441    216442899284.3894

sending vector for error: [ 9.74890382e-19 -1.28732054e-12 -2.35077981e-13  4.84223602e-11
 -1.99259651e-10 -5.64112039e-16  9.29027810e-16  3.13766624e-05
 -1.99797860e-06 -1.35919185e-08  8.44276772e-10]
received errors: 625448275433.2604    860603424936.1023

sending vector for error: [ 1.00545500e-18 -1.28053459e-12 -2.33854426e-13  4.77845188e-11
 -2.04876874e-10 -5.58015102e-16  9.21247074e-16  3.11346235e-05
 -2.01701837e-06 -1.41013573e-08  8.42764102e-10]
received errors: 386091361317.0032    136775033741.1888


CROSSOVER:


	parent1 = [ 1.00545500e-18 -1.28053459e-12 -2.33854426e-13  4.77845188e-11
 -2.04876874e-10 -5.58015102e-16  9.21247074e-16  3.11346235e-05
 -2.01701837e-06 -1.41013573e-08  8.42764102e-10]
	parent2 = [ 1.00279143e-18 -1.29654653e-12 -2.38651988e-13  4.77476557e-11
 -2.04793950e-10 -5.57266148e-16  9.49493034e-16  3.10073682e-05
 -2.02270063e-06 -1.36427392e-08  8.32915019e-10]
	cutoff index = 3
	child 1 = [ 1.00545500e-18 -1.28053459e-12 -2.33854426e-13  4.77476557e-11
 -2.04793950e-10 -5.57266148e-16  9.49493034e-16  3.10073682e-05
 -2.02270063e-06 -1.36427392e-08  8.32915019e-10]
	child 2 = [ 1.00545500e-18 -1.28053459e-12 -2.33854426e-13  4.77845188e-11
 -2.04876874e-10 -5.58015102e-16  9.21247074e-16  3.11346235e-05
 -2.01701837e-06 -1.41013573e-08  8.42764102e-10]


CROSSOVER:


	parent1 = [ 1.00161103e-18 -1.28448138e-12 -2.40419763e-13  4.78005031e-11
 -2.02935258e-10 -5.72325214e-16  9.33556860e-16  3.10974444e-05
 -1.98859580e-06 -1.34970757e-08  8.07156652e-10]
	parent2 = [ 1.00786635e-18 -1.32405610e-12 -2.36686785e-13  4.84999733e-11
 -2.04978587e-10 -5.61495576e-16  9.41759937e-16  3.13517926e-05
 -2.00626795e-06 -1.34302986e-08  8.31255744e-10]
	cutoff index = 2
	child 1 = [ 1.00161103e-18 -1.28448138e-12 -2.36686785e-13  4.84999733e-11
 -2.04978587e-10 -5.61495576e-16  9.41759937e-16  3.13517926e-05
 -2.00626795e-06 -1.34302986e-08  8.31255744e-10]
	child 2 = [ 1.00161103e-18 -1.28448138e-12 -2.40419763e-13  4.78005031e-11
 -2.02935258e-10 -5.72325214e-16  9.33556860e-16  3.10974444e-05
 -1.98859580e-06 -1.34970757e-08  8.07156652e-10]


CROSSOVER:


	parent1 = [ 1.03508737e-18 -1.31935853e-12 -2.29773503e-13  5.02408544e-11
 -1.97528161e-10 -5.60947206e-16  9.18815990e-16  3.12876114e-05
 -1.95982672e-06 -1.38876320e-08  8.18013550e-10]
	parent2 = [ 1.00161103e-18 -1.28448138e-12 -2.36686785e-13  4.84999733e-11
 -2.04978587e-10 -5.61495576e-16  9.41759937e-16  3.13517926e-05
 -2.00626795e-06 -1.34302986e-08  8.31255744e-10]
	cutoff index = 6
	child 1 = [ 1.03508737e-18 -1.31935853e-12 -2.29773503e-13  5.02408544e-11
 -1.97528161e-10 -5.60947206e-16  9.41759937e-16  3.13517926e-05
 -2.00626795e-06 -1.34302986e-08  8.31255744e-10]
	child 2 = [ 1.03508737e-18 -1.31935853e-12 -2.29773503e-13  5.02408544e-11
 -1.97528161e-10 -5.60947206e-16  9.18815990e-16  3.12876114e-05
 -1.95982672e-06 -1.38876320e-08  8.18013550e-10]


CROSSOVER:


	parent1 = [ 1.03508737e-18 -1.31935853e-12 -2.29773503e-13  5.02408544e-11
 -1.97528161e-10 -5.60947206e-16  9.18815990e-16  3.12876114e-05
 -1.95982672e-06 -1.38876320e-08  8.18013550e-10]
	parent2 = [ 1.03508737e-18 -1.31935853e-12 -2.29773503e-13  5.02408544e-11
 -1.97528161e-10 -5.60947206e-16  9.41759937e-16  3.13517926e-05
 -2.00626795e-06 -1.34302986e-08  8.31255744e-10]
	cutoff index = 7
	child 1 = [ 1.03508737e-18 -1.31935853e-12 -2.29773503e-13  5.02408544e-11
 -1.97528161e-10 -5.60947206e-16  9.18815990e-16  3.13517926e-05
 -2.00626795e-06 -1.34302986e-08  8.31255744e-10]
	child 2 = [ 1.03508737e-18 -1.31935853e-12 -2.29773503e-13  5.02408544e-11
 -1.97528161e-10 -5.60947206e-16  9.18815990e-16  3.12876114e-05
 -1.95982672e-06 -1.38876320e-08  8.18013550e-10]


MUTATION: 

RECEIVED FOR MUTATTION: [[ 1.00545500e-18 -1.28053459e-12 -2.33854426e-13  4.77476557e-11
  -2.04793950e-10 -5.57266148e-16  9.49493034e-16  3.10073682e-05
  -2.02270063e-06 -1.36427392e-08  8.32915019e-10]
 [ 1.00545500e-18 -1.28053459e-12 -2.33854426e-13  4.77845188e-11
  -2.04876874e-10 -5.58015102e-16  9.21247074e-16  3.11346235e-05
  -2.01701837e-06 -1.41013573e-08  8.42764102e-10]
 [ 1.03508737e-18 -1.31935853e-12 -2.29773503e-13  5.02408544e-11
  -1.97528161e-10 -5.60947206e-16  9.18815990e-16  3.13517926e-05
  -2.00626795e-06 -1.34302986e-08  8.31255744e-10]
 [ 1.00161103e-18 -1.28448138e-12 -2.40419763e-13  4.78005031e-11
  -2.02935258e-10 -5.72325214e-16  9.33556860e-16  3.10974444e-05
  -1.98859580e-06 -1.34970757e-08  8.07156652e-10]
 [ 1.03508737e-18 -1.31935853e-12 -2.29773503e-13  5.02408544e-11
  -1.97528161e-10 -5.60947206e-16  9.18815990e-16  3.13517926e-05
  -2.00626795e-06 -1.34302986e-08  8.31255744e-10]
 [ 1.03508737e-18 -1.31935853e-12 -2.29773503e-13  5.02408544e-11
  -1.97528161e-10 -5.60947206e-16  9.18815990e-16  3.12876114e-05
  -1.95982672e-06 -1.38876320e-08  8.18013550e-10]
 [ 1.03508737e-18 -1.31935853e-12 -2.29773503e-13  5.02408544e-11
  -1.97528161e-10 -5.60947206e-16  9.18815990e-16  3.13517926e-05
  -2.00626795e-06 -1.34302986e-08  8.31255744e-10]
 [ 1.03508737e-18 -1.31935853e-12 -2.29773503e-13  5.02408544e-11
  -1.97528161e-10 -5.60947206e-16  9.18815990e-16  3.12876114e-05
  -1.95982672e-06 -1.38876320e-08  8.18013550e-10]]

Mutated feature:[[ 9.88085601e-19 -1.25612288e-12 -2.35025677e-13  4.72846110e-11
  -2.08036128e-10 -5.66200512e-16  9.49493034e-16  3.15216378e-05
  -2.01861683e-06 -1.36569359e-08  8.30593878e-10]
 [ 9.91426141e-19 -1.27855973e-12 -2.33854426e-13  4.74420391e-11
  -2.07897965e-10 -5.53082924e-16  9.21247074e-16  3.16977274e-05
  -2.01701837e-06 -1.41013573e-08  8.32969751e-10]
 [ 1.04600508e-18 -1.34339844e-12 -2.33397897e-13  5.10399255e-11
  -1.98202287e-10 -5.60947206e-16  9.09294484e-16  3.12323132e-05
  -1.98803149e-06 -1.32253945e-08  8.31255744e-10]
 [ 9.83615275e-19 -1.28360981e-12 -2.38167540e-13  4.78005031e-11
  -2.04462285e-10 -5.65782076e-16  9.30090340e-16  3.14583691e-05
  -1.96621142e-06 -1.34692937e-08  7.95471351e-10]
 [ 1.03702095e-18 -1.30953014e-12 -2.33914689e-13  5.02408544e-11
  -1.97528161e-10 -5.60947206e-16  9.37058558e-16  3.18121903e-05
  -2.02349196e-06 -1.36232028e-08  8.25379541e-10]
 [ 1.02513985e-18 -1.33127766e-12 -2.29773503e-13  4.97952433e-11
  -1.93761469e-10 -5.56337344e-16  9.10604905e-16  3.12876114e-05
  -1.95982672e-06 -1.39897867e-08  8.18013550e-10]
 [ 1.05366587e-18 -1.29500401e-12 -2.33857690e-13  5.04919412e-11
  -2.00142890e-10 -5.67576479e-16  9.22454523e-16  3.12572147e-05
  -2.01514168e-06 -1.35390735e-08  8.15458914e-10]
 [ 1.03706134e-18 -1.31533399e-12 -2.29773503e-13  5.02408544e-11
  -1.96178230e-10 -5.49774693e-16  9.27682493e-16  3.12876114e-05
  -1.94089492e-06 -1.37558545e-08  8.14527815e-10]]


sending vector for error: [ 9.88085601e-19 -1.25612288e-12 -2.35025677e-13  4.72846110e-11
 -2.08036128e-10 -5.66200512e-16  9.49493034e-16  3.15216378e-05
 -2.01861683e-06 -1.36569359e-08  8.30593878e-10]
received errors: 454020088103.28595    122544659841.59546

sending vector for error: [ 9.91426141e-19 -1.27855973e-12 -2.33854426e-13  4.74420391e-11
 -2.07897965e-10 -5.53082924e-16  9.21247074e-16  3.16977274e-05
 -2.01701837e-06 -1.41013573e-08  8.32969751e-10]
received errors: 434932863491.771    82458205698.50406

sending vector for error: [ 1.04600508e-18 -1.34339844e-12 -2.33397897e-13  5.10399255e-11
 -1.98202287e-10 -5.60947206e-16  9.09294484e-16  3.12323132e-05
 -1.98803149e-06 -1.32253945e-08  8.31255744e-10]
received errors: 603728897417.6147    736877646048.9314

sending vector for error: [ 9.83615275e-19 -1.28360981e-12 -2.38167540e-13  4.78005031e-11
 -2.04462285e-10 -5.65782076e-16  9.30090340e-16  3.14583691e-05
 -1.96621142e-06 -1.34692937e-08  7.95471351e-10]
received errors: 491287773818.32556    52584283462.84905

sending vector for error: [ 1.03702095e-18 -1.30953014e-12 -2.33914689e-13  5.02408544e-11
 -1.97528161e-10 -5.60947206e-16  9.37058558e-16  3.18121903e-05
 -2.02349196e-06 -1.36232028e-08  8.25379541e-10]
received errors: 494670728354.89386    81282377650.83966

sending vector for error: [ 1.02513985e-18 -1.33127766e-12 -2.29773503e-13  4.97952433e-11
 -1.93761469e-10 -5.56337344e-16  9.10604905e-16  3.12876114e-05
 -1.95982672e-06 -1.39897867e-08  8.18013550e-10]
received errors: 366602245283.6088    172952842835.80106

sending vector for error: [ 1.05366587e-18 -1.29500401e-12 -2.33857690e-13  5.04919412e-11
 -2.00142890e-10 -5.67576479e-16  9.22454523e-16  3.12572147e-05
 -2.01514168e-06 -1.35390735e-08  8.15458914e-10]
received errors: 556767483112.3735    100024797358.6861

sending vector for error: [ 1.03706134e-18 -1.31533399e-12 -2.29773503e-13  5.02408544e-11
 -1.96178230e-10 -5.49774693e-16  9.27682493e-16  3.12876114e-05
 -1.94089492e-06 -1.37558545e-08  8.14527815e-10]
received errors: 433309174283.65234    439735442260.13684


CROSSOVER:


	parent1 = [ 9.88085601e-19 -1.25612288e-12 -2.35025677e-13  4.72846110e-11
 -2.08036128e-10 -5.66200512e-16  9.49493034e-16  3.15216378e-05
 -2.01861683e-06 -1.36569359e-08  8.30593878e-10]
	parent2 = [ 1.03702095e-18 -1.30953014e-12 -2.33914689e-13  5.02408544e-11
 -1.97528161e-10 -5.60947206e-16  9.37058558e-16  3.18121903e-05
 -2.02349196e-06 -1.36232028e-08  8.25379541e-10]
	cutoff index = 8
	child 1 = [ 9.88085601e-19 -1.25612288e-12 -2.35025677e-13  4.72846110e-11
 -2.08036128e-10 -5.66200512e-16  9.49493034e-16  3.15216378e-05
 -2.02349196e-06 -1.36232028e-08  8.25379541e-10]
	child 2 = [ 9.88085601e-19 -1.25612288e-12 -2.35025677e-13  4.72846110e-11
 -2.08036128e-10 -5.66200512e-16  9.49493034e-16  3.15216378e-05
 -2.01861683e-06 -1.36569359e-08  8.30593878e-10]


CROSSOVER:


	parent1 = [ 9.91426141e-19 -1.27855973e-12 -2.33854426e-13  4.74420391e-11
 -2.07897965e-10 -5.53082924e-16  9.21247074e-16  3.16977274e-05
 -2.01701837e-06 -1.41013573e-08  8.32969751e-10]
	parent2 = [ 1.03706134e-18 -1.31533399e-12 -2.29773503e-13  5.02408544e-11
 -1.96178230e-10 -5.49774693e-16  9.27682493e-16  3.12876114e-05
 -1.94089492e-06 -1.37558545e-08  8.14527815e-10]
	cutoff index = 10
	child 1 = [ 9.91426141e-19 -1.27855973e-12 -2.33854426e-13  4.74420391e-11
 -2.07897965e-10 -5.53082924e-16  9.21247074e-16  3.16977274e-05
 -2.01701837e-06 -1.41013573e-08  8.14527815e-10]
	child 2 = [ 9.91426141e-19 -1.27855973e-12 -2.33854426e-13  4.74420391e-11
 -2.07897965e-10 -5.53082924e-16  9.21247074e-16  3.16977274e-05
 -2.01701837e-06 -1.41013573e-08  8.32969751e-10]


CROSSOVER:


	parent1 = [ 1.05366587e-18 -1.29500401e-12 -2.33857690e-13  5.04919412e-11
 -2.00142890e-10 -5.67576479e-16  9.22454523e-16  3.12572147e-05
 -2.01514168e-06 -1.35390735e-08  8.15458914e-10]
	parent2 = [ 9.88085601e-19 -1.25612288e-12 -2.35025677e-13  4.72846110e-11
 -2.08036128e-10 -5.66200512e-16  9.49493034e-16  3.15216378e-05
 -2.02349196e-06 -1.36232028e-08  8.25379541e-10]
	cutoff index = 1
	child 1 = [ 1.05366587e-18 -1.25612288e-12 -2.35025677e-13  4.72846110e-11
 -2.08036128e-10 -5.66200512e-16  9.49493034e-16  3.15216378e-05
 -2.02349196e-06 -1.36232028e-08  8.25379541e-10]
	child 2 = [ 1.05366587e-18 -1.29500401e-12 -2.33857690e-13  5.04919412e-11
 -2.00142890e-10 -5.67576479e-16  9.22454523e-16  3.12572147e-05
 -2.01514168e-06 -1.35390735e-08  8.15458914e-10]


CROSSOVER:


	parent1 = [ 9.91426141e-19 -1.27855973e-12 -2.33854426e-13  4.74420391e-11
 -2.07897965e-10 -5.53082924e-16  9.21247074e-16  3.16977274e-05
 -2.01701837e-06 -1.41013573e-08  8.14527815e-10]
	parent2 = [ 1.02513985e-18 -1.33127766e-12 -2.29773503e-13  4.97952433e-11
 -1.93761469e-10 -5.56337344e-16  9.10604905e-16  3.12876114e-05
 -1.95982672e-06 -1.39897867e-08  8.18013550e-10]
	cutoff index = 10
	child 1 = [ 9.91426141e-19 -1.27855973e-12 -2.33854426e-13  4.74420391e-11
 -2.07897965e-10 -5.53082924e-16  9.21247074e-16  3.16977274e-05
 -2.01701837e-06 -1.41013573e-08  8.18013550e-10]
	child 2 = [ 9.91426141e-19 -1.27855973e-12 -2.33854426e-13  4.74420391e-11
 -2.07897965e-10 -5.53082924e-16  9.21247074e-16  3.16977274e-05
 -2.01701837e-06 -1.41013573e-08  8.14527815e-10]


MUTATION: 

RECEIVED FOR MUTATTION: [[ 1.05366587e-18 -1.25612288e-12 -2.35025677e-13  4.72846110e-11
  -2.08036128e-10 -5.66200512e-16  9.49493034e-16  3.15216378e-05
  -2.02349196e-06 -1.36232028e-08  8.25379541e-10]
 [ 9.88085601e-19 -1.25612288e-12 -2.35025677e-13  4.72846110e-11
  -2.08036128e-10 -5.66200512e-16  9.49493034e-16  3.15216378e-05
  -2.01861683e-06 -1.36569359e-08  8.30593878e-10]
 [ 9.91426141e-19 -1.27855973e-12 -2.33854426e-13  4.74420391e-11
  -2.07897965e-10 -5.53082924e-16  9.21247074e-16  3.16977274e-05
  -2.01701837e-06 -1.41013573e-08  8.14527815e-10]
 [ 9.91426141e-19 -1.27855973e-12 -2.33854426e-13  4.74420391e-11
  -2.07897965e-10 -5.53082924e-16  9.21247074e-16  3.16977274e-05
  -2.01701837e-06 -1.41013573e-08  8.32969751e-10]
 [ 1.05366587e-18 -1.25612288e-12 -2.35025677e-13  4.72846110e-11
  -2.08036128e-10 -5.66200512e-16  9.49493034e-16  3.15216378e-05
  -2.02349196e-06 -1.36232028e-08  8.25379541e-10]
 [ 1.05366587e-18 -1.29500401e-12 -2.33857690e-13  5.04919412e-11
  -2.00142890e-10 -5.67576479e-16  9.22454523e-16  3.12572147e-05
  -2.01514168e-06 -1.35390735e-08  8.15458914e-10]
 [ 9.91426141e-19 -1.27855973e-12 -2.33854426e-13  4.74420391e-11
  -2.07897965e-10 -5.53082924e-16  9.21247074e-16  3.16977274e-05
  -2.01701837e-06 -1.41013573e-08  8.18013550e-10]
 [ 9.91426141e-19 -1.27855973e-12 -2.33854426e-13  4.74420391e-11
  -2.07897965e-10 -5.53082924e-16  9.21247074e-16  3.16977274e-05
  -2.01701837e-06 -1.41013573e-08  8.14527815e-10]]

Mutated feature:[[ 1.05507935e-18 -1.26096217e-12 -2.33555775e-13  4.67800578e-11
  -2.10818278e-10 -5.72647148e-16  9.60019613e-16  3.15216378e-05
  -2.04390711e-06 -1.38686332e-08  8.25379541e-10]
 [ 9.69658035e-19 -1.25612288e-12 -2.39063461e-13  4.71183940e-11
  -2.05817297e-10 -5.73049952e-16  9.35057842e-16  3.18526287e-05
  -1.98231587e-06 -1.39053537e-08  8.30593878e-10]
 [ 9.91426141e-19 -1.27855973e-12 -2.34592028e-13  4.74420391e-11
  -2.06924439e-10 -5.53082924e-16  9.11879220e-16  3.16049788e-05
  -2.02815969e-06 -1.42404419e-08  8.07719562e-10]
 [ 9.91426141e-19 -1.25693244e-12 -2.31442980e-13  4.73119656e-11
  -2.07897965e-10 -5.63361019e-16  9.21247074e-16  3.13749833e-05
  -2.04410485e-06 -1.40053415e-08  8.32969751e-10]
 [ 1.07015707e-18 -1.24410863e-12 -2.34032785e-13  4.81881065e-11
  -2.06957284e-10 -5.63036218e-16  9.49493034e-16  3.14830413e-05
  -1.98718484e-06 -1.37238811e-08  8.31190866e-10]
 [ 1.06700162e-18 -1.30206415e-12 -2.34001673e-13  5.02009449e-11
  -2.00142890e-10 -5.72355291e-16  9.21223775e-16  3.06591725e-05
  -2.02021771e-06 -1.35156065e-08  8.19185316e-10]
 [ 1.00792083e-18 -1.29637595e-12 -2.32483696e-13  4.76048784e-11
  -2.06424712e-10 -5.58003023e-16  9.23422914e-16  3.17016310e-05
  -2.02064190e-06 -1.41013573e-08  8.06473781e-10]
 [ 1.00693851e-18 -1.27855973e-12 -2.33854426e-13  4.71922373e-11
  -2.09031958e-10 -5.49139198e-16  9.15723771e-16  3.12932246e-05
  -2.01093638e-06 -1.38893621e-08  7.99868725e-10]]


sending vector for error: [ 1.05507935e-18 -1.26096217e-12 -2.33555775e-13  4.67800578e-11
 -2.10818278e-10 -5.72647148e-16  9.60019613e-16  3.15216378e-05
 -2.04390711e-06 -1.38686332e-08  8.25379541e-10]
received errors: 678603521895.3743    223519220014.90567

sending vector for error: [ 9.69658035e-19 -1.25612288e-12 -2.39063461e-13  4.71183940e-11
 -2.05817297e-10 -5.73049952e-16  9.35057842e-16  3.18526287e-05
 -1.98231587e-06 -1.39053537e-08  8.30593878e-10]
received errors: 473606345162.2629    437445999344.01086

sending vector for error: [ 9.91426141e-19 -1.27855973e-12 -2.34592028e-13  4.74420391e-11
 -2.06924439e-10 -5.53082924e-16  9.11879220e-16  3.16049788e-05
 -2.02815969e-06 -1.42404419e-08  8.07719562e-10]
received errors: 1125054216850.4106    867211748247.9484

sending vector for error: [ 9.91426141e-19 -1.25693244e-12 -2.31442980e-13  4.73119656e-11
 -2.07897965e-10 -5.63361019e-16  9.21247074e-16  3.13749833e-05
 -2.04410485e-06 -1.40053415e-08  8.32969751e-10]
received errors: 587531340635.2053    161151063868.74673

sending vector for error: [ 1.07015707e-18 -1.24410863e-12 -2.34032785e-13  4.81881065e-11
 -2.06957284e-10 -5.63036218e-16  9.49493034e-16  3.14830413e-05
 -1.98718484e-06 -1.37238811e-08  8.31190866e-10]
received errors: 467850956805.47656    412109825626.2835

sending vector for error: [ 1.06700162e-18 -1.30206415e-12 -2.34001673e-13  5.02009449e-11
 -2.00142890e-10 -5.72355291e-16  9.21223775e-16  3.06591725e-05
 -2.02021771e-06 -1.35156065e-08  8.19185316e-10]
received errors: 577025974545.7266    154333749543.55594

sending vector for error: [ 1.00792083e-18 -1.29637595e-12 -2.32483696e-13  4.76048784e-11
 -2.06424712e-10 -5.58003023e-16  9.23422914e-16  3.17016310e-05
 -2.02064190e-06 -1.41013573e-08  8.06473781e-10]
received errors: 954537854200.2572    594405699355.2567

sending vector for error: [ 1.00693851e-18 -1.27855973e-12 -2.33854426e-13  4.71922373e-11
 -2.09031958e-10 -5.49139198e-16  9.15723771e-16  3.12932246e-05
 -2.01093638e-06 -1.38893621e-08  7.99868725e-10]
received errors: 991801311937.4473    661156027589.5767


CROSSOVER:


	parent1 = [ 9.91426141e-19 -1.25693244e-12 -2.31442980e-13  4.73119656e-11
 -2.07897965e-10 -5.63361019e-16  9.21247074e-16  3.13749833e-05
 -2.04410485e-06 -1.40053415e-08  8.32969751e-10]
	parent2 = [ 9.69658035e-19 -1.25612288e-12 -2.39063461e-13  4.71183940e-11
 -2.05817297e-10 -5.73049952e-16  9.35057842e-16  3.18526287e-05
 -1.98231587e-06 -1.39053537e-08  8.30593878e-10]
	cutoff index = 6
	child 1 = [ 9.91426141e-19 -1.25693244e-12 -2.31442980e-13  4.73119656e-11
 -2.07897965e-10 -5.63361019e-16  9.35057842e-16  3.18526287e-05
 -1.98231587e-06 -1.39053537e-08  8.30593878e-10]
	child 2 = [ 9.91426141e-19 -1.25693244e-12 -2.31442980e-13  4.73119656e-11
 -2.07897965e-10 -5.63361019e-16  9.21247074e-16  3.13749833e-05
 -2.04410485e-06 -1.40053415e-08  8.32969751e-10]


CROSSOVER:


	parent1 = [ 1.06700162e-18 -1.30206415e-12 -2.34001673e-13  5.02009449e-11
 -2.00142890e-10 -5.72355291e-16  9.21223775e-16  3.06591725e-05
 -2.02021771e-06 -1.35156065e-08  8.19185316e-10]
	parent2 = [ 1.00792083e-18 -1.29637595e-12 -2.32483696e-13  4.76048784e-11
 -2.06424712e-10 -5.58003023e-16  9.23422914e-16  3.17016310e-05
 -2.02064190e-06 -1.41013573e-08  8.06473781e-10]
	cutoff index = 5
	child 1 = [ 1.06700162e-18 -1.30206415e-12 -2.34001673e-13  5.02009449e-11
 -2.00142890e-10 -5.58003023e-16  9.23422914e-16  3.17016310e-05
 -2.02064190e-06 -1.41013573e-08  8.06473781e-10]
	child 2 = [ 1.06700162e-18 -1.30206415e-12 -2.34001673e-13  5.02009449e-11
 -2.00142890e-10 -5.72355291e-16  9.21223775e-16  3.06591725e-05
 -2.02021771e-06 -1.35156065e-08  8.19185316e-10]


CROSSOVER:


	parent1 = [ 9.91426141e-19 -1.25693244e-12 -2.31442980e-13  4.73119656e-11
 -2.07897965e-10 -5.63361019e-16  9.21247074e-16  3.13749833e-05
 -2.04410485e-06 -1.40053415e-08  8.32969751e-10]
	parent2 = [ 1.05507935e-18 -1.26096217e-12 -2.33555775e-13  4.67800578e-11
 -2.10818278e-10 -5.72647148e-16  9.60019613e-16  3.15216378e-05
 -2.04390711e-06 -1.38686332e-08  8.25379541e-10]
	cutoff index = 3
	child 1 = [ 9.91426141e-19 -1.25693244e-12 -2.31442980e-13  4.67800578e-11
 -2.10818278e-10 -5.72647148e-16  9.60019613e-16  3.15216378e-05
 -2.04390711e-06 -1.38686332e-08  8.25379541e-10]
	child 2 = [ 9.91426141e-19 -1.25693244e-12 -2.31442980e-13  4.73119656e-11
 -2.07897965e-10 -5.63361019e-16  9.21247074e-16  3.13749833e-05
 -2.04410485e-06 -1.40053415e-08  8.32969751e-10]


CROSSOVER:


	parent1 = [ 1.07015707e-18 -1.24410863e-12 -2.34032785e-13  4.81881065e-11
 -2.06957284e-10 -5.63036218e-16  9.49493034e-16  3.14830413e-05
 -1.98718484e-06 -1.37238811e-08  8.31190866e-10]
	parent2 = [ 9.91426141e-19 -1.25693244e-12 -2.31442980e-13  4.73119656e-11
 -2.07897965e-10 -5.63361019e-16  9.35057842e-16  3.18526287e-05
 -1.98231587e-06 -1.39053537e-08  8.30593878e-10]
	cutoff index = 2
	child 1 = [ 1.07015707e-18 -1.24410863e-12 -2.31442980e-13  4.73119656e-11
 -2.07897965e-10 -5.63361019e-16  9.35057842e-16  3.18526287e-05
 -1.98231587e-06 -1.39053537e-08  8.30593878e-10]
	child 2 = [ 1.07015707e-18 -1.24410863e-12 -2.34032785e-13  4.81881065e-11
 -2.06957284e-10 -5.63036218e-16  9.49493034e-16  3.14830413e-05
 -1.98718484e-06 -1.37238811e-08  8.31190866e-10]


MUTATION: 

RECEIVED FOR MUTATTION: [[ 1.07015707e-18 -1.24410863e-12 -2.31442980e-13  4.73119656e-11
  -2.07897965e-10 -5.63361019e-16  9.35057842e-16  3.18526287e-05
  -1.98231587e-06 -1.39053537e-08  8.30593878e-10]
 [ 9.91426141e-19 -1.25693244e-12 -2.31442980e-13  4.73119656e-11
  -2.07897965e-10 -5.63361019e-16  9.21247074e-16  3.13749833e-05
  -2.04410485e-06 -1.40053415e-08  8.32969751e-10]
 [ 1.06700162e-18 -1.30206415e-12 -2.34001673e-13  5.02009449e-11
  -2.00142890e-10 -5.58003023e-16  9.23422914e-16  3.17016310e-05
  -2.02064190e-06 -1.41013573e-08  8.06473781e-10]
 [ 1.06700162e-18 -1.30206415e-12 -2.34001673e-13  5.02009449e-11
  -2.00142890e-10 -5.72355291e-16  9.21223775e-16  3.06591725e-05
  -2.02021771e-06 -1.35156065e-08  8.19185316e-10]
 [ 9.91426141e-19 -1.25693244e-12 -2.31442980e-13  4.67800578e-11
  -2.10818278e-10 -5.72647148e-16  9.60019613e-16  3.15216378e-05
  -2.04390711e-06 -1.38686332e-08  8.25379541e-10]
 [ 9.91426141e-19 -1.25693244e-12 -2.31442980e-13  4.73119656e-11
  -2.07897965e-10 -5.63361019e-16  9.21247074e-16  3.13749833e-05
  -2.04410485e-06 -1.40053415e-08  8.32969751e-10]
 [ 1.07015707e-18 -1.24410863e-12 -2.31442980e-13  4.73119656e-11
  -2.07897965e-10 -5.63361019e-16  9.35057842e-16  3.18526287e-05
  -1.98231587e-06 -1.39053537e-08  8.30593878e-10]
 [ 1.07015707e-18 -1.24410863e-12 -2.34032785e-13  4.81881065e-11
  -2.06957284e-10 -5.63036218e-16  9.49493034e-16  3.14830413e-05
  -1.98718484e-06 -1.37238811e-08  8.31190866e-10]]

Mutated feature:[[ 1.04919024e-18 -1.24410863e-12 -2.31442980e-13  4.75306322e-11
  -2.07897965e-10 -5.68183000e-16  9.53035714e-16  3.18061867e-05
  -1.98231587e-06 -1.41824056e-08  8.17050911e-10]
 [ 9.84801711e-19 -1.25693244e-12 -2.35093256e-13  4.64308864e-11
  -2.04475307e-10 -5.67452725e-16  9.06701959e-16  3.19109503e-05
  -2.07748994e-06 -1.40053415e-08  8.22258470e-10]
 [ 1.06300853e-18 -1.30206415e-12 -2.35277463e-13  5.01260515e-11
  -2.00142890e-10 -5.52599751e-16  9.31568047e-16  3.16574517e-05
  -1.98885816e-06 -1.42248916e-08  8.06473781e-10]
 [ 1.07130753e-18 -1.30206415e-12 -2.29559819e-13  5.01539717e-11
  -1.98593944e-10 -5.66520305e-16  9.21223775e-16  3.12099159e-05
  -2.05280683e-06 -1.35156065e-08  8.22362992e-10]
 [ 9.72026553e-19 -1.25693244e-12 -2.33652966e-13  4.67800578e-11
  -2.10818278e-10 -5.65188941e-16  9.51205147e-16  3.18552718e-05
  -2.05871833e-06 -1.36738334e-08  8.09418319e-10]
 [ 9.91426141e-19 -1.28153607e-12 -2.28419719e-13  4.73119656e-11
  -2.07897965e-10 -5.54306292e-16  9.27968563e-16  3.20003531e-05
  -2.05544101e-06 -1.42528252e-08  8.47790228e-10]
 [ 1.05379854e-18 -1.23036128e-12 -2.31442980e-13  4.74290924e-11
  -2.04198629e-10 -5.61852836e-16  9.30248653e-16  3.14043028e-05
  -1.98231587e-06 -1.37470300e-08  8.17825960e-10]
 [ 1.05360061e-18 -1.22423080e-12 -2.34032785e-13  4.82705564e-11
  -2.06689759e-10 -5.68054353e-16  9.49493034e-16  3.11256090e-05
  -1.97117275e-06 -1.37238811e-08  8.25124581e-10]]


sending vector for error: [ 1.04919024e-18 -1.24410863e-12 -2.31442980e-13  4.75306322e-11
 -2.07897965e-10 -5.68183000e-16  9.53035714e-16  3.18061867e-05
 -1.98231587e-06 -1.41824056e-08  8.17050911e-10]
received errors: 422179740108.2271    59207628197.345825

sending vector for error: [ 9.84801711e-19 -1.25693244e-12 -2.35093256e-13  4.64308864e-11
 -2.04475307e-10 -5.67452725e-16  9.06701959e-16  3.19109503e-05
 -2.07748994e-06 -1.40053415e-08  8.22258470e-10]
received errors: 1183144428483.3225    848779664375.9584

sending vector for error: [ 1.06300853e-18 -1.30206415e-12 -2.35277463e-13  5.01260515e-11
 -2.00142890e-10 -5.52599751e-16  9.31568047e-16  3.16574517e-05
 -1.98885816e-06 -1.42248916e-08  8.06473781e-10]
received errors: 635024106325.7538    226388333113.1879

sending vector for error: [ 1.07130753e-18 -1.30206415e-12 -2.29559819e-13  5.01539717e-11
 -1.98593944e-10 -5.66520305e-16  9.21223775e-16  3.12099159e-05
 -2.05280683e-06 -1.35156065e-08  8.22362992e-10]
received errors: 750457443646.7023    282137986692.069

sending vector for error: [ 9.72026553e-19 -1.25693244e-12 -2.33652966e-13  4.67800578e-11
 -2.10818278e-10 -5.65188941e-16  9.51205147e-16  3.18552718e-05
 -2.05871833e-06 -1.36738334e-08  8.09418319e-10]
received errors: 1150511635528.7444    755157172786.616

sending vector for error: [ 9.91426141e-19 -1.28153607e-12 -2.28419719e-13  4.73119656e-11
 -2.07897965e-10 -5.54306292e-16  9.27968563e-16  3.20003531e-05
 -2.05544101e-06 -1.42528252e-08  8.47790228e-10]
received errors: 479480072408.85516    87326508903.0875

sending vector for error: [ 1.05379854e-18 -1.23036128e-12 -2.31442980e-13  4.74290924e-11
 -2.04198629e-10 -5.61852836e-16  9.30248653e-16  3.14043028e-05
 -1.98231587e-06 -1.37470300e-08  8.17825960e-10]
received errors: 411938891254.5016    111709267092.93604

sending vector for error: [ 1.05360061e-18 -1.22423080e-12 -2.34032785e-13  4.82705564e-11
 -2.06689759e-10 -5.68054353e-16  9.49493034e-16  3.11256090e-05
 -1.97117275e-06 -1.37238811e-08  8.25124581e-10]
received errors: 415502832232.43915    329921489844.58356


CROSSOVER:


	parent1 = [ 1.06300853e-18 -1.30206415e-12 -2.35277463e-13  5.01260515e-11
 -2.00142890e-10 -5.52599751e-16  9.31568047e-16  3.16574517e-05
 -1.98885816e-06 -1.42248916e-08  8.06473781e-10]
	parent2 = [ 1.05360061e-18 -1.22423080e-12 -2.34032785e-13  4.82705564e-11
 -2.06689759e-10 -5.68054353e-16  9.49493034e-16  3.11256090e-05
 -1.97117275e-06 -1.37238811e-08  8.25124581e-10]
	cutoff index = 3
	child 1 = [ 1.06300853e-18 -1.30206415e-12 -2.35277463e-13  4.82705564e-11
 -2.06689759e-10 -5.68054353e-16  9.49493034e-16  3.11256090e-05
 -1.97117275e-06 -1.37238811e-08  8.25124581e-10]
	child 2 = [ 1.06300853e-18 -1.30206415e-12 -2.35277463e-13  5.01260515e-11
 -2.00142890e-10 -5.52599751e-16  9.31568047e-16  3.16574517e-05
 -1.98885816e-06 -1.42248916e-08  8.06473781e-10]


CROSSOVER:


	parent1 = [ 1.07130753e-18 -1.30206415e-12 -2.29559819e-13  5.01539717e-11
 -1.98593944e-10 -5.66520305e-16  9.21223775e-16  3.12099159e-05
 -2.05280683e-06 -1.35156065e-08  8.22362992e-10]
	parent2 = [ 1.04919024e-18 -1.24410863e-12 -2.31442980e-13  4.75306322e-11
 -2.07897965e-10 -5.68183000e-16  9.53035714e-16  3.18061867e-05
 -1.98231587e-06 -1.41824056e-08  8.17050911e-10]
	cutoff index = 5
	child 1 = [ 1.07130753e-18 -1.30206415e-12 -2.29559819e-13  5.01539717e-11
 -1.98593944e-10 -5.68183000e-16  9.53035714e-16  3.18061867e-05
 -1.98231587e-06 -1.41824056e-08  8.17050911e-10]
	child 2 = [ 1.07130753e-18 -1.30206415e-12 -2.29559819e-13  5.01539717e-11
 -1.98593944e-10 -5.66520305e-16  9.21223775e-16  3.12099159e-05
 -2.05280683e-06 -1.35156065e-08  8.22362992e-10]


CROSSOVER:


	parent1 = [ 1.06300853e-18 -1.30206415e-12 -2.35277463e-13  5.01260515e-11
 -2.00142890e-10 -5.52599751e-16  9.31568047e-16  3.16574517e-05
 -1.98885816e-06 -1.42248916e-08  8.06473781e-10]
	parent2 = [ 1.07130753e-18 -1.30206415e-12 -2.29559819e-13  5.01539717e-11
 -1.98593944e-10 -5.68183000e-16  9.53035714e-16  3.18061867e-05
 -1.98231587e-06 -1.41824056e-08  8.17050911e-10]
	cutoff index = 3
	child 1 = [ 1.06300853e-18 -1.30206415e-12 -2.35277463e-13  5.01539717e-11
 -1.98593944e-10 -5.68183000e-16  9.53035714e-16  3.18061867e-05
 -1.98231587e-06 -1.41824056e-08  8.17050911e-10]
	child 2 = [ 1.06300853e-18 -1.30206415e-12 -2.35277463e-13  5.01260515e-11
 -2.00142890e-10 -5.52599751e-16  9.31568047e-16  3.16574517e-05
 -1.98885816e-06 -1.42248916e-08  8.06473781e-10]


CROSSOVER:


	parent1 = [ 1.05379854e-18 -1.23036128e-12 -2.31442980e-13  4.74290924e-11
 -2.04198629e-10 -5.61852836e-16  9.30248653e-16  3.14043028e-05
 -1.98231587e-06 -1.37470300e-08  8.17825960e-10]
	parent2 = [ 1.05379854e-18 -1.23036128e-12 -2.31442980e-13  4.74290924e-11
 -2.04198629e-10 -5.61852836e-16  9.30248653e-16  3.14043028e-05
 -1.98231587e-06 -1.37470300e-08  8.17825960e-10]
	cutoff index = 5
	child 1 = [ 1.05379854e-18 -1.23036128e-12 -2.31442980e-13  4.74290924e-11
 -2.04198629e-10 -5.61852836e-16  9.30248653e-16  3.14043028e-05
 -1.98231587e-06 -1.37470300e-08  8.17825960e-10]
	child 2 = [ 1.05379854e-18 -1.23036128e-12 -2.31442980e-13  4.74290924e-11
 -2.04198629e-10 -5.61852836e-16  9.30248653e-16  3.14043028e-05
 -1.98231587e-06 -1.37470300e-08  8.17825960e-10]


MUTATION: 

RECEIVED FOR MUTATTION: [[ 1.06300853e-18 -1.30206415e-12 -2.35277463e-13  4.82705564e-11
  -2.06689759e-10 -5.68054353e-16  9.49493034e-16  3.11256090e-05
  -1.97117275e-06 -1.37238811e-08  8.25124581e-10]
 [ 1.06300853e-18 -1.30206415e-12 -2.35277463e-13  5.01260515e-11
  -2.00142890e-10 -5.52599751e-16  9.31568047e-16  3.16574517e-05
  -1.98885816e-06 -1.42248916e-08  8.06473781e-10]
 [ 1.06300853e-18 -1.30206415e-12 -2.35277463e-13  5.01539717e-11
  -1.98593944e-10 -5.68183000e-16  9.53035714e-16  3.18061867e-05
  -1.98231587e-06 -1.41824056e-08  8.17050911e-10]
 [ 1.07130753e-18 -1.30206415e-12 -2.29559819e-13  5.01539717e-11
  -1.98593944e-10 -5.66520305e-16  9.21223775e-16  3.12099159e-05
  -2.05280683e-06 -1.35156065e-08  8.22362992e-10]
 [ 1.06300853e-18 -1.30206415e-12 -2.35277463e-13  5.01539717e-11
  -1.98593944e-10 -5.68183000e-16  9.53035714e-16  3.18061867e-05
  -1.98231587e-06 -1.41824056e-08  8.17050911e-10]
 [ 1.06300853e-18 -1.30206415e-12 -2.35277463e-13  5.01260515e-11
  -2.00142890e-10 -5.52599751e-16  9.31568047e-16  3.16574517e-05
  -1.98885816e-06 -1.42248916e-08  8.06473781e-10]
 [ 1.05379854e-18 -1.23036128e-12 -2.31442980e-13  4.74290924e-11
  -2.04198629e-10 -5.61852836e-16  9.30248653e-16  3.14043028e-05
  -1.98231587e-06 -1.37470300e-08  8.17825960e-10]
 [ 1.05379854e-18 -1.23036128e-12 -2.31442980e-13  4.74290924e-11
  -2.04198629e-10 -5.61852836e-16  9.30248653e-16  3.14043028e-05
  -1.98231587e-06 -1.37470300e-08  8.17825960e-10]]

Mutated feature:[[ 1.07735800e-18 -1.29394864e-12 -2.36404925e-13  4.76667730e-11
  -2.08835058e-10 -5.60307213e-16  9.48447257e-16  3.11256090e-05
  -1.95649871e-06 -1.39707674e-08  8.12510253e-10]
 [ 1.06300853e-18 -1.28893482e-12 -2.35277463e-13  5.00124726e-11
  -2.02508502e-10 -5.52599751e-16  9.44188804e-16  3.13244459e-05
  -2.01974084e-06 -1.39827163e-08  8.11240771e-10]
 [ 1.07013627e-18 -1.32572914e-12 -2.35277463e-13  5.01754426e-11
  -2.00130513e-10 -5.68183000e-16  9.49825790e-16  3.22087318e-05
  -1.98231587e-06 -1.39340478e-08  8.17050911e-10]
 [ 1.07130753e-18 -1.32092183e-12 -2.30757541e-13  5.10165652e-11
  -1.98593944e-10 -5.66290120e-16  9.30250724e-16  3.14106018e-05
  -2.07171021e-06 -1.37270075e-08  8.22362992e-10]
 [ 1.04810537e-18 -1.28059999e-12 -2.35995125e-13  4.99919246e-11
  -1.97479916e-10 -5.58900901e-16  9.45072253e-16  3.17209467e-05
  -1.97058820e-06 -1.39816246e-08  8.31313231e-10]
 [ 1.05268818e-18 -1.30206415e-12 -2.35277463e-13  4.98616019e-11
  -2.01846914e-10 -5.51234728e-16  9.31568047e-16  3.16574517e-05
  -1.95505550e-06 -1.44920961e-08  8.07890064e-10]
 [ 1.03293324e-18 -1.23036128e-12 -2.31164917e-13  4.74290924e-11
  -2.04090364e-10 -5.55856470e-16  9.29306064e-16  3.10676088e-05
  -1.96111544e-06 -1.35910132e-08  8.06206404e-10]
 [ 1.04274987e-18 -1.23036128e-12 -2.33746573e-13  4.68065677e-11
  -2.07762723e-10 -5.55952764e-16  9.36975585e-16  3.16667139e-05
  -1.94555772e-06 -1.40092844e-08  8.20820694e-10]]


sending vector for error: [ 1.07735800e-18 -1.29394864e-12 -2.36404925e-13  4.76667730e-11
 -2.08835058e-10 -5.60307213e-16  9.48447257e-16  3.11256090e-05
 -1.95649871e-06 -1.39707674e-08  8.12510253e-10]
received errors: 360577086073.4298    91817052149.03503

sending vector for error: [ 1.06300853e-18 -1.28893482e-12 -2.35277463e-13  5.00124726e-11
 -2.02508502e-10 -5.52599751e-16  9.44188804e-16  3.13244459e-05
 -2.01974084e-06 -1.39827163e-08  8.11240771e-10]
received errors: 814239003994.5054    431368608780.4457

sending vector for error: [ 1.07013627e-18 -1.32572914e-12 -2.35277463e-13  5.01754426e-11
 -2.00130513e-10 -5.68183000e-16  9.49825790e-16  3.22087318e-05
 -1.98231587e-06 -1.39340478e-08  8.17050911e-10]
received errors: 438220030219.0731    141410385816.62085

sending vector for error: [ 1.07130753e-18 -1.32092183e-12 -2.30757541e-13  5.10165652e-11
 -1.98593944e-10 -5.66290120e-16  9.30250724e-16  3.14106018e-05
 -2.07171021e-06 -1.37270075e-08  8.22362992e-10]
received errors: 1043725983741.4095    665623662963.2118

sending vector for error: [ 1.04810537e-18 -1.28059999e-12 -2.35995125e-13  4.99919246e-11
 -1.97479916e-10 -5.58900901e-16  9.45072253e-16  3.17209467e-05
 -1.97058820e-06 -1.39816246e-08  8.31313231e-10]
received errors: 490667832320.14294    564302252681.5916

sending vector for error: [ 1.05268818e-18 -1.30206415e-12 -2.35277463e-13  4.98616019e-11
 -2.01846914e-10 -5.51234728e-16  9.31568047e-16  3.16574517e-05
 -1.95505550e-06 -1.44920961e-08  8.07890064e-10]
received errors: 414850259702.1051    62721491550.77684

sending vector for error: [ 1.03293324e-18 -1.23036128e-12 -2.31164917e-13  4.74290924e-11
 -2.04090364e-10 -5.55856470e-16  9.29306064e-16  3.10676088e-05
 -1.96111544e-06 -1.35910132e-08  8.06206404e-10]
received errors: 400153460917.46466    82527200426.30527

sending vector for error: [ 1.04274987e-18 -1.23036128e-12 -2.33746573e-13  4.68065677e-11
 -2.07762723e-10 -5.55952764e-16  9.36975585e-16  3.16667139e-05
 -1.94555772e-06 -1.40092844e-08  8.20820694e-10]
received errors: 458361760211.4999    527949530399.54034


CROSSOVER:


	parent1 = [ 1.04810537e-18 -1.28059999e-12 -2.35995125e-13  4.99919246e-11
 -1.97479916e-10 -5.58900901e-16  9.45072253e-16  3.17209467e-05
 -1.97058820e-06 -1.39816246e-08  8.31313231e-10]
	parent2 = [ 1.03293324e-18 -1.23036128e-12 -2.31164917e-13  4.74290924e-11
 -2.04090364e-10 -5.55856470e-16  9.29306064e-16  3.10676088e-05
 -1.96111544e-06 -1.35910132e-08  8.06206404e-10]
	cutoff index = 8
	child 1 = [ 1.04810537e-18 -1.28059999e-12 -2.35995125e-13  4.99919246e-11
 -1.97479916e-10 -5.58900901e-16  9.45072253e-16  3.17209467e-05
 -1.96111544e-06 -1.35910132e-08  8.06206404e-10]
	child 2 = [ 1.04810537e-18 -1.28059999e-12 -2.35995125e-13  4.99919246e-11
 -1.97479916e-10 -5.58900901e-16  9.45072253e-16  3.17209467e-05
 -1.97058820e-06 -1.39816246e-08  8.31313231e-10]


CROSSOVER:


	parent1 = [ 1.07013627e-18 -1.32572914e-12 -2.35277463e-13  5.01754426e-11
 -2.00130513e-10 -5.68183000e-16  9.49825790e-16  3.22087318e-05
 -1.98231587e-06 -1.39340478e-08  8.17050911e-10]
	parent2 = [ 1.04810537e-18 -1.28059999e-12 -2.35995125e-13  4.99919246e-11
 -1.97479916e-10 -5.58900901e-16  9.45072253e-16  3.17209467e-05
 -1.96111544e-06 -1.35910132e-08  8.06206404e-10]
	cutoff index = 0
	child 1 = [ 1.04810537e-18 -1.28059999e-12 -2.35995125e-13  4.99919246e-11
 -1.97479916e-10 -5.58900901e-16  9.45072253e-16  3.17209467e-05
 -1.96111544e-06 -1.35910132e-08  8.06206404e-10]
	child 2 = [ 1.07013627e-18 -1.32572914e-12 -2.35277463e-13  5.01754426e-11
 -2.00130513e-10 -5.68183000e-16  9.49825790e-16  3.22087318e-05
 -1.98231587e-06 -1.39340478e-08  8.17050911e-10]


CROSSOVER:


	parent1 = [ 1.04274987e-18 -1.23036128e-12 -2.33746573e-13  4.68065677e-11
 -2.07762723e-10 -5.55952764e-16  9.36975585e-16  3.16667139e-05
 -1.94555772e-06 -1.40092844e-08  8.20820694e-10]
	parent2 = [ 1.04810537e-18 -1.28059999e-12 -2.35995125e-13  4.99919246e-11
 -1.97479916e-10 -5.58900901e-16  9.45072253e-16  3.17209467e-05
 -1.97058820e-06 -1.39816246e-08  8.31313231e-10]
	cutoff index = 2
	child 1 = [ 1.04274987e-18 -1.23036128e-12 -2.35995125e-13  4.99919246e-11
 -1.97479916e-10 -5.58900901e-16  9.45072253e-16  3.17209467e-05
 -1.97058820e-06 -1.39816246e-08  8.31313231e-10]
	child 2 = [ 1.04274987e-18 -1.23036128e-12 -2.33746573e-13  4.68065677e-11
 -2.07762723e-10 -5.55952764e-16  9.36975585e-16  3.16667139e-05
 -1.94555772e-06 -1.40092844e-08  8.20820694e-10]


CROSSOVER:


	parent1 = [ 1.05268818e-18 -1.30206415e-12 -2.35277463e-13  4.98616019e-11
 -2.01846914e-10 -5.51234728e-16  9.31568047e-16  3.16574517e-05
 -1.95505550e-06 -1.44920961e-08  8.07890064e-10]
	parent2 = [ 1.07735800e-18 -1.29394864e-12 -2.36404925e-13  4.76667730e-11
 -2.08835058e-10 -5.60307213e-16  9.48447257e-16  3.11256090e-05
 -1.95649871e-06 -1.39707674e-08  8.12510253e-10]
	cutoff index = 8
	child 1 = [ 1.05268818e-18 -1.30206415e-12 -2.35277463e-13  4.98616019e-11
 -2.01846914e-10 -5.51234728e-16  9.31568047e-16  3.16574517e-05
 -1.95649871e-06 -1.39707674e-08  8.12510253e-10]
	child 2 = [ 1.05268818e-18 -1.30206415e-12 -2.35277463e-13  4.98616019e-11
 -2.01846914e-10 -5.51234728e-16  9.31568047e-16  3.16574517e-05
 -1.95505550e-06 -1.44920961e-08  8.07890064e-10]


MUTATION: 

RECEIVED FOR MUTATTION: [[ 1.04810537e-18 -1.28059999e-12 -2.35995125e-13  4.99919246e-11
  -1.97479916e-10 -5.58900901e-16  9.45072253e-16  3.17209467e-05
  -1.96111544e-06 -1.35910132e-08  8.06206404e-10]
 [ 1.04274987e-18 -1.23036128e-12 -2.35995125e-13  4.99919246e-11
  -1.97479916e-10 -5.58900901e-16  9.45072253e-16  3.17209467e-05
  -1.97058820e-06 -1.39816246e-08  8.31313231e-10]
 [ 1.04810537e-18 -1.28059999e-12 -2.35995125e-13  4.99919246e-11
  -1.97479916e-10 -5.58900901e-16  9.45072253e-16  3.17209467e-05
  -1.96111544e-06 -1.35910132e-08  8.06206404e-10]
 [ 1.07013627e-18 -1.32572914e-12 -2.35277463e-13  5.01754426e-11
  -2.00130513e-10 -5.68183000e-16  9.49825790e-16  3.22087318e-05
  -1.98231587e-06 -1.39340478e-08  8.17050911e-10]
 [ 1.04274987e-18 -1.23036128e-12 -2.35995125e-13  4.99919246e-11
  -1.97479916e-10 -5.58900901e-16  9.45072253e-16  3.17209467e-05
  -1.97058820e-06 -1.39816246e-08  8.31313231e-10]
 [ 1.04274987e-18 -1.23036128e-12 -2.33746573e-13  4.68065677e-11
  -2.07762723e-10 -5.55952764e-16  9.36975585e-16  3.16667139e-05
  -1.94555772e-06 -1.40092844e-08  8.20820694e-10]
 [ 1.05268818e-18 -1.30206415e-12 -2.35277463e-13  4.98616019e-11
  -2.01846914e-10 -5.51234728e-16  9.31568047e-16  3.16574517e-05
  -1.95649871e-06 -1.39707674e-08  8.12510253e-10]
 [ 1.05268818e-18 -1.30206415e-12 -2.35277463e-13  4.98616019e-11
  -2.01846914e-10 -5.51234728e-16  9.31568047e-16  3.16574517e-05
  -1.95505550e-06 -1.44920961e-08  8.07890064e-10]]

Mutated feature:[[ 1.04810537e-18 -1.28444612e-12 -2.39608038e-13  4.98551024e-11
  -1.96777551e-10 -5.58957475e-16  9.59821464e-16  3.13200958e-05
  -1.96111544e-06 -1.36736724e-08  8.21822409e-10]
 [ 1.03874218e-18 -1.23443503e-12 -2.33604745e-13  4.94997073e-11
  -1.97479916e-10 -5.52035536e-16  9.45342631e-16  3.11912823e-05
  -1.99591308e-06 -1.41015919e-08  8.41090832e-10]
 [ 1.05678833e-18 -1.29954648e-12 -2.35752369e-13  4.99919246e-11
  -1.97479916e-10 -5.62974097e-16  9.46813746e-16  3.15764799e-05
  -1.96111544e-06 -1.37424273e-08  7.95161859e-10]
 [ 1.07301534e-18 -1.34964046e-12 -2.38830916e-13  5.09715562e-11
  -2.00701782e-10 -5.61334688e-16  9.68756311e-16  3.18745033e-05
  -1.99843070e-06 -1.39340478e-08  8.16270572e-10]
 [ 1.05618057e-18 -1.20679312e-12 -2.35161846e-13  4.92713569e-11
  -1.96263448e-10 -5.52683254e-16  9.50768168e-16  3.17209467e-05
  -2.00572499e-06 -1.42184147e-08  8.18587190e-10]
 [ 1.02752219e-18 -1.23773312e-12 -2.35344230e-13  4.59766933e-11
  -2.09233483e-10 -5.55729152e-16  9.36975585e-16  3.16667139e-05
  -1.95731083e-06 -1.39343478e-08  8.16588083e-10]
 [ 1.06611154e-18 -1.30937152e-12 -2.37065155e-13  4.90929164e-11
  -2.01331427e-10 -5.51234728e-16  9.29583260e-16  3.19609911e-05
  -1.98402405e-06 -1.38122718e-08  8.02990229e-10]
 [ 1.04447168e-18 -1.31862055e-12 -2.33143683e-13  4.97474074e-11
  -2.01846914e-10 -5.51234728e-16  9.28495852e-16  3.16574517e-05
  -1.92036788e-06 -1.47582931e-08  8.07855611e-10]]

best fit vector:
[1.0526881779201345e-18, -1.3020641482898962e-12, -2.3527746277546244e-13, 4.986160192774221e-11, -2.018469139044927e-10, -5.512347275829489e-16, 9.315680465800547e-16, 3.165745171822377e-05, -1.956498709585768e-06, -1.3970767350058215e-08, 8.125102530008121e-10]
error:    3.605771e+11    9.181705e+10