

MUTATION: 

RECEIVED FOR MUTATTION: [[ 9.98519211e-19 -1.33692723e-12 -2.32933782e-13  4.90216786e-11
  -1.97218646e-10 -5.49911430e-16  9.34019664e-16  3.17567911e-05
  -2.05289711e-06 -1.41361910e-08  8.43142099e-10]
 [ 9.98519211e-19 -1.33692723e-12 -2.32933782e-13  4.90216786e-11
  -1.97218646e-10 -5.49911430e-16  9.34019664e-16  3.17567911e-05
  -2.05289711e-06 -1.41361910e-08  8.43142099e-10]
 [ 9.98519211e-19 -1.33692723e-12 -2.32933782e-13  4.90216786e-11
  -1.97218646e-10 -5.49911430e-16  9.34019664e-16  3.17567911e-05
  -2.05289711e-06 -1.41361910e-08  8.43142099e-10]
 [ 9.98519211e-19 -1.33692723e-12 -2.32933782e-13  4.90216786e-11
  -1.97218646e-10 -5.49911430e-16  9.34019664e-16  3.17567911e-05
  -2.05289711e-06 -1.41361910e-08  8.43142099e-10]
 [ 9.98519211e-19 -1.33692723e-12 -2.32933782e-13  4.90216786e-11
  -1.97218646e-10 -5.49911430e-16  9.34019664e-16  3.17567911e-05
  -2.05289711e-06 -1.41361910e-08  8.43142099e-10]
 [ 9.98519211e-19 -1.33692723e-12 -2.32933782e-13  4.90216786e-11
  -1.97218646e-10 -5.49911430e-16  9.34019664e-16  3.17567911e-05
  -2.05289711e-06 -1.41361910e-08  8.43142099e-10]
 [ 9.98519211e-19 -1.33692723e-12 -2.32933782e-13  4.90216786e-11
  -1.97218646e-10 -5.49911430e-16  9.34019664e-16  3.17567911e-05
  -2.05289711e-06 -1.41361910e-08  8.43142099e-10]
 [ 9.98519211e-19 -1.33692723e-12 -2.32933782e-13  4.90216786e-11
  -1.97218646e-10 -5.49911430e-16  9.34019664e-16  3.17567911e-05
  -2.05289711e-06 -1.41361910e-08  8.43142099e-10]]

Mutated feature:[[ 9.98519211e-19 -1.34831797e-12 -2.32933782e-13  4.90127056e-11
  -1.98211932e-10 -5.49911430e-16  9.29717147e-16  3.17683439e-05
  -2.04469698e-06 -1.40443930e-08  8.37243784e-10]
 [ 9.90851559e-19 -1.32715072e-12 -2.33398159e-13  4.91608932e-11
  -1.97218646e-10 -5.46504208e-16  9.34019664e-16  3.17910604e-05
  -2.05289711e-06 -1.41361910e-08  8.50436901e-10]
 [ 9.99134146e-19 -1.33692723e-12 -2.35149907e-13  4.93389746e-11
  -1.96226261e-10 -5.53202049e-16  9.41145177e-16  3.18595962e-05
  -2.03340435e-06 -1.40441298e-08  8.49742118e-10]
 [ 1.00541117e-18 -1.32496277e-12 -2.32829657e-13  4.86154290e-11
  -1.96023130e-10 -5.46662760e-16  9.29368078e-16  3.20124266e-05
  -2.05744128e-06 -1.40786153e-08  8.43142099e-10]
 [ 1.00690523e-18 -1.33692723e-12 -2.34009359e-13  4.94778742e-11
  -1.97218646e-10 -5.49911430e-16  9.27615003e-16  3.14612330e-05
  -2.05289711e-06 -1.41710018e-08  8.46135083e-10]
 [ 9.98745249e-19 -1.33692723e-12 -2.33502719e-13  4.88095759e-11
  -1.98909288e-10 -5.47459527e-16  9.30018455e-16  3.17567911e-05
  -2.05403483e-06 -1.41280439e-08  8.43142099e-10]
 [ 9.98519211e-19 -1.33846691e-12 -2.32605576e-13  4.90216786e-11
  -1.98836597e-10 -5.51099645e-16  9.33878652e-16  3.15769076e-05
  -2.05107232e-06 -1.42200280e-08  8.43142099e-10]
 [ 9.98749395e-19 -1.32596302e-12 -2.32933782e-13  4.93033433e-11
  -1.97218646e-10 -5.53594882e-16  9.24680902e-16  3.17997956e-05
  -2.05289711e-06 -1.42094182e-08  8.37981145e-10]]



POPULATION: [[ 9.98519211e-19 -1.33692723e-12 -2.32933782e-13  4.90216786e-11
  -1.97218646e-10 -5.49911430e-16  9.34019664e-16  3.17567911e-05
  -2.05289711e-06 -1.41361910e-08  8.43142099e-10]
 [ 9.90851559e-19 -1.32715072e-12 -2.33398159e-13  4.91608932e-11
  -1.97218646e-10 -5.46504208e-16  9.34019664e-16  3.17910604e-05
  -2.05289711e-06 -1.41361910e-08  8.50436901e-10]
 [ 9.99134146e-19 -1.33692723e-12 -2.35149907e-13  4.93389746e-11
  -1.96226261e-10 -5.53202049e-16  9.41145177e-16  3.18595962e-05
  -2.03340435e-06 -1.40441298e-08  8.49742118e-10]
 [ 1.00541117e-18 -1.32496277e-12 -2.32829657e-13  4.86154290e-11
  -1.96023130e-10 -5.46662760e-16  9.29368078e-16  3.20124266e-05
  -2.05744128e-06 -1.40786153e-08  8.43142099e-10]
 [ 1.00690523e-18 -1.33692723e-12 -2.34009359e-13  4.94778742e-11
  -1.97218646e-10 -5.49911430e-16  9.27615003e-16  3.14612330e-05
  -2.05289711e-06 -1.41710018e-08  8.46135083e-10]
 [ 9.98745249e-19 -1.33692723e-12 -2.33502719e-13  4.88095759e-11
  -1.98909288e-10 -5.47459527e-16  9.30018455e-16  3.17567911e-05
  -2.05403483e-06 -1.41280439e-08  8.43142099e-10]
 [ 9.98519211e-19 -1.33846691e-12 -2.32605576e-13  4.90216786e-11
  -1.98836597e-10 -5.51099645e-16  9.33878652e-16  3.15769076e-05
  -2.05107232e-06 -1.42200280e-08  8.43142099e-10]
 [ 9.98749395e-19 -1.32596302e-12 -2.32933782e-13  4.93033433e-11
  -1.97218646e-10 -5.53594882e-16  9.24680902e-16  3.17997956e-05
  -2.05289711e-06 -1.42094182e-08  8.37981145e-10]]


sending vector for error: [ 9.98519211e-19 -1.33692723e-12 -2.32933782e-13  4.90216786e-11
 -1.97218646e-10 -5.49911430e-16  9.34019664e-16  3.17567911e-05
 -2.05289711e-06 -1.41361910e-08  8.43142099e-10]
received errors: 503794444936.29285    90981103224.80139

sending vector for error: [ 9.90851559e-19 -1.32715072e-12 -2.33398159e-13  4.91608932e-11
 -1.97218646e-10 -5.46504208e-16  9.34019664e-16  3.17910604e-05
 -2.05289711e-06 -1.41361910e-08  8.50436901e-10]
received errors: 453636022827.36926    115669468665.45073

sending vector for error: [ 9.99134146e-19 -1.33692723e-12 -2.35149907e-13  4.93389746e-11
 -1.96226261e-10 -5.53202049e-16  9.41145177e-16  3.18595962e-05
 -2.03340435e-06 -1.40441298e-08  8.49742118e-10]
received errors: 462202166961.8636    291155344341.6659

sending vector for error: [ 1.00541117e-18 -1.32496277e-12 -2.32829657e-13  4.86154290e-11
 -1.96023130e-10 -5.46662760e-16  9.29368078e-16  3.20124266e-05
 -2.05744128e-06 -1.40786153e-08  8.43142099e-10]
received errors: 514567948650.0293    85581577347.25706

sending vector for error: [ 1.00690523e-18 -1.33692723e-12 -2.34009359e-13  4.94778742e-11
 -1.97218646e-10 -5.49911430e-16  9.27615003e-16  3.14612330e-05
 -2.05289711e-06 -1.41710018e-08  8.46135083e-10]
received errors: 485616373552.73047    97608734102.264

sending vector for error: [ 9.98745249e-19 -1.33692723e-12 -2.33502719e-13  4.88095759e-11
 -1.98909288e-10 -5.47459527e-16  9.30018455e-16  3.17567911e-05
 -2.05403483e-06 -1.41280439e-08  8.43142099e-10]
received errors: 508485317352.5126    92633729772.98131

sending vector for error: [ 9.98519211e-19 -1.33846691e-12 -2.32605576e-13  4.90216786e-11
 -1.98836597e-10 -5.51099645e-16  9.33878652e-16  3.15769076e-05
 -2.05107232e-06 -1.42200280e-08  8.43142099e-10]
received errors: 511890646454.32227    108182986093.7482

sending vector for error: [ 9.98749395e-19 -1.32596302e-12 -2.32933782e-13  4.93033433e-11
 -1.97218646e-10 -5.53594882e-16  9.24680902e-16  3.17997956e-05
 -2.05289711e-06 -1.42094182e-08  8.37981145e-10]
received errors: 582709278578.6736    146677101413.72986


CROSSOVER:


	parent1 = [ 1.00690523e-18 -1.33692723e-12 -2.34009359e-13  4.94778742e-11
 -1.97218646e-10 -5.49911430e-16  9.27615003e-16  3.14612330e-05
 -2.05289711e-06 -1.41710018e-08  8.46135083e-10]
	parent2 = [ 9.98519211e-19 -1.33846691e-12 -2.32605576e-13  4.90216786e-11
 -1.98836597e-10 -5.51099645e-16  9.33878652e-16  3.15769076e-05
 -2.05107232e-06 -1.42200280e-08  8.43142099e-10]
	cutoff index = 6
	child 1 = [ 1.00690523e-18 -1.33692723e-12 -2.34009359e-13  4.94778742e-11
 -1.97218646e-10 -5.49911430e-16  9.33878652e-16  3.15769076e-05
 -2.05107232e-06 -1.42200280e-08  8.43142099e-10]
	child 2 = [ 1.00690523e-18 -1.33692723e-12 -2.34009359e-13  4.94778742e-11
 -1.97218646e-10 -5.49911430e-16  9.27615003e-16  3.14612330e-05
 -2.05289711e-06 -1.41710018e-08  8.46135083e-10]


CROSSOVER:


	parent1 = [ 9.98745249e-19 -1.33692723e-12 -2.33502719e-13  4.88095759e-11
 -1.98909288e-10 -5.47459527e-16  9.30018455e-16  3.17567911e-05
 -2.05403483e-06 -1.41280439e-08  8.43142099e-10]
	parent2 = [ 9.90851559e-19 -1.32715072e-12 -2.33398159e-13  4.91608932e-11
 -1.97218646e-10 -5.46504208e-16  9.34019664e-16  3.17910604e-05
 -2.05289711e-06 -1.41361910e-08  8.50436901e-10]
	cutoff index = 10
	child 1 = [ 9.98745249e-19 -1.33692723e-12 -2.33502719e-13  4.88095759e-11
 -1.98909288e-10 -5.47459527e-16  9.30018455e-16  3.17567911e-05
 -2.05403483e-06 -1.41280439e-08  8.50436901e-10]
	child 2 = [ 9.98745249e-19 -1.33692723e-12 -2.33502719e-13  4.88095759e-11
 -1.98909288e-10 -5.47459527e-16  9.30018455e-16  3.17567911e-05
 -2.05403483e-06 -1.41280439e-08  8.43142099e-10]


CROSSOVER:


	parent1 = [ 1.00690523e-18 -1.33692723e-12 -2.34009359e-13  4.94778742e-11
 -1.97218646e-10 -5.49911430e-16  9.27615003e-16  3.14612330e-05
 -2.05289711e-06 -1.41710018e-08  8.46135083e-10]
	parent2 = [ 9.98745249e-19 -1.33692723e-12 -2.33502719e-13  4.88095759e-11
 -1.98909288e-10 -5.47459527e-16  9.30018455e-16  3.17567911e-05
 -2.05403483e-06 -1.41280439e-08  8.50436901e-10]
	cutoff index = 4
	child 1 = [ 1.00690523e-18 -1.33692723e-12 -2.34009359e-13  4.94778742e-11
 -1.98909288e-10 -5.47459527e-16  9.30018455e-16  3.17567911e-05
 -2.05403483e-06 -1.41280439e-08  8.50436901e-10]
	child 2 = [ 1.00690523e-18 -1.33692723e-12 -2.34009359e-13  4.94778742e-11
 -1.97218646e-10 -5.49911430e-16  9.27615003e-16  3.14612330e-05
 -2.05289711e-06 -1.41710018e-08  8.46135083e-10]


CROSSOVER:


	parent1 = [ 1.00690523e-18 -1.33692723e-12 -2.34009359e-13  4.94778742e-11
 -1.97218646e-10 -5.49911430e-16  9.27615003e-16  3.14612330e-05
 -2.05289711e-06 -1.41710018e-08  8.46135083e-10]
	parent2 = [ 1.00690523e-18 -1.33692723e-12 -2.34009359e-13  4.94778742e-11
 -1.97218646e-10 -5.49911430e-16  9.27615003e-16  3.14612330e-05
 -2.05289711e-06 -1.41710018e-08  8.46135083e-10]
	cutoff index = 7
	child 1 = [ 1.00690523e-18 -1.33692723e-12 -2.34009359e-13  4.94778742e-11
 -1.97218646e-10 -5.49911430e-16  9.27615003e-16  3.14612330e-05
 -2.05289711e-06 -1.41710018e-08  8.46135083e-10]
	child 2 = [ 1.00690523e-18 -1.33692723e-12 -2.34009359e-13  4.94778742e-11
 -1.97218646e-10 -5.49911430e-16  9.27615003e-16  3.14612330e-05
 -2.05289711e-06 -1.41710018e-08  8.46135083e-10]


MUTATION: 

RECEIVED FOR MUTATTION: [[ 1.00690523e-18 -1.33692723e-12 -2.34009359e-13  4.94778742e-11
  -1.97218646e-10 -5.49911430e-16  9.33878652e-16  3.15769076e-05
  -2.05107232e-06 -1.42200280e-08  8.43142099e-10]
 [ 1.00690523e-18 -1.33692723e-12 -2.34009359e-13  4.94778742e-11
  -1.97218646e-10 -5.49911430e-16  9.27615003e-16  3.14612330e-05
  -2.05289711e-06 -1.41710018e-08  8.46135083e-10]
 [ 1.00690523e-18 -1.33692723e-12 -2.34009359e-13  4.94778742e-11
  -1.98909288e-10 -5.47459527e-16  9.30018455e-16  3.17567911e-05
  -2.05403483e-06 -1.41280439e-08  8.50436901e-10]
 [ 9.98745249e-19 -1.33692723e-12 -2.33502719e-13  4.88095759e-11
  -1.98909288e-10 -5.47459527e-16  9.30018455e-16  3.17567911e-05
  -2.05403483e-06 -1.41280439e-08  8.43142099e-10]
 [ 1.00690523e-18 -1.33692723e-12 -2.34009359e-13  4.94778742e-11
  -1.98909288e-10 -5.47459527e-16  9.30018455e-16  3.17567911e-05
  -2.05403483e-06 -1.41280439e-08  8.50436901e-10]
 [ 1.00690523e-18 -1.33692723e-12 -2.34009359e-13  4.94778742e-11
  -1.97218646e-10 -5.49911430e-16  9.27615003e-16  3.14612330e-05
  -2.05289711e-06 -1.41710018e-08  8.46135083e-10]
 [ 1.00690523e-18 -1.33692723e-12 -2.34009359e-13  4.94778742e-11
  -1.97218646e-10 -5.49911430e-16  9.27615003e-16  3.14612330e-05
  -2.05289711e-06 -1.41710018e-08  8.46135083e-10]
 [ 1.00690523e-18 -1.33692723e-12 -2.34009359e-13  4.94778742e-11
  -1.97218646e-10 -5.49911430e-16  9.27615003e-16  3.14612330e-05
  -2.05289711e-06 -1.41710018e-08  8.46135083e-10]]

Mutated feature:[[ 1.00690523e-18 -1.33692723e-12 -2.33553175e-13  4.91815671e-11
  -1.97925340e-10 -5.54440574e-16  9.31022891e-16  3.14780544e-05
  -2.06317753e-06 -1.43427702e-08  8.35510820e-10]
 [ 1.00690523e-18 -1.33692723e-12 -2.36182412e-13  4.99674049e-11
  -1.97218646e-10 -5.49589772e-16  9.27615003e-16  3.12611587e-05
  -2.04181588e-06 -1.43111161e-08  8.40489146e-10]
 [ 1.00690523e-18 -1.33021331e-12 -2.34009359e-13  4.90597128e-11
  -1.97797917e-10 -5.52399295e-16  9.36385138e-16  3.20420794e-05
  -2.07135834e-06 -1.41280439e-08  8.50436901e-10]
 [ 9.95726391e-19 -1.34946897e-12 -2.31960054e-13  4.92375168e-11
  -1.97325488e-10 -5.42546233e-16  9.30611542e-16  3.16702019e-05
  -2.05403483e-06 -1.40563238e-08  8.43142099e-10]
 [ 1.00101133e-18 -1.32733051e-12 -2.32321673e-13  4.94336498e-11
  -1.97776136e-10 -5.48301604e-16  9.24642364e-16  3.17615922e-05
  -2.05403483e-06 -1.41280439e-08  8.52747228e-10]
 [ 1.01507097e-18 -1.32522982e-12 -2.32230256e-13  4.94778742e-11
  -1.97218646e-10 -5.54954292e-16  9.24676067e-16  3.13002261e-05
  -2.05289711e-06 -1.41287465e-08  8.38081249e-10]
 [ 1.01074959e-18 -1.33555179e-12 -2.31700904e-13  4.96370857e-11
  -1.97218646e-10 -5.45775881e-16  9.36803255e-16  3.14657548e-05
  -2.05289711e-06 -1.41911415e-08  8.54150725e-10]
 [ 1.00551152e-18 -1.34646415e-12 -2.36068015e-13  4.92724022e-11
  -1.96931364e-10 -5.52186153e-16  9.27615003e-16  3.14034330e-05
  -2.05289711e-06 -1.41904364e-08  8.38514335e-10]]


sending vector for error: [ 1.00690523e-18 -1.33692723e-12 -2.33553175e-13  4.91815671e-11
 -1.97925340e-10 -5.54440574e-16  9.31022891e-16  3.14780544e-05
 -2.06317753e-06 -1.43427702e-08  8.35510820e-10]
received errors: 825911151295.8364    473068373098.3543

sending vector for error: [ 1.00690523e-18 -1.33692723e-12 -2.36182412e-13  4.99674049e-11
 -1.97218646e-10 -5.49589772e-16  9.27615003e-16  3.12611587e-05
 -2.04181588e-06 -1.43111161e-08  8.40489146e-10]
received errors: 523922549444.79767    145761321893.10724

sending vector for error: [ 1.00690523e-18 -1.33021331e-12 -2.34009359e-13  4.90597128e-11
 -1.97797917e-10 -5.52399295e-16  9.36385138e-16  3.20420794e-05
 -2.07135834e-06 -1.41280439e-08  8.50436901e-10]
received errors: 517345757166.1221    91685027873.57712

sending vector for error: [ 9.95726391e-19 -1.34946897e-12 -2.31960054e-13  4.92375168e-11
 -1.97325488e-10 -5.42546233e-16  9.30611542e-16  3.16702019e-05
 -2.05403483e-06 -1.40563238e-08  8.43142099e-10]
received errors: 502768537714.6273    91220579499.77509

sending vector for error: [ 1.00101133e-18 -1.32733051e-12 -2.32321673e-13  4.94336498e-11
 -1.97776136e-10 -5.48301604e-16  9.24642364e-16  3.17615922e-05
 -2.05403483e-06 -1.41280439e-08  8.52747228e-10]
received errors: 448986007939.75793    135544929422.40222

sending vector for error: [ 1.01507097e-18 -1.32522982e-12 -2.32230256e-13  4.94778742e-11
 -1.97218646e-10 -5.54954292e-16  9.24676067e-16  3.13002261e-05
 -2.05289711e-06 -1.41287465e-08  8.38081249e-10]
received errors: 606165547867.5242    199200536112.78934

sending vector for error: [ 1.01074959e-18 -1.33555179e-12 -2.31700904e-13  4.96370857e-11
 -1.97218646e-10 -5.45775881e-16  9.36803255e-16  3.14657548e-05
 -2.05289711e-06 -1.41911415e-08  8.54150725e-10]
received errors: 429915590855.36975    118604399546.42554

sending vector for error: [ 1.00551152e-18 -1.34646415e-12 -2.36068015e-13  4.92724022e-11
 -1.96931364e-10 -5.52186153e-16  9.27615003e-16  3.14034330e-05
 -2.05289711e-06 -1.41904364e-08  8.38514335e-10]
received errors: 603780533892.5763    195948172254.82007


CROSSOVER:


	parent1 = [ 1.01074959e-18 -1.33555179e-12 -2.31700904e-13  4.96370857e-11
 -1.97218646e-10 -5.45775881e-16  9.36803255e-16  3.14657548e-05
 -2.05289711e-06 -1.41911415e-08  8.54150725e-10]
	parent2 = [ 1.00690523e-18 -1.33692723e-12 -2.36182412e-13  4.99674049e-11
 -1.97218646e-10 -5.49589772e-16  9.27615003e-16  3.12611587e-05
 -2.04181588e-06 -1.43111161e-08  8.40489146e-10]
	cutoff index = 6
	child 1 = [ 1.01074959e-18 -1.33555179e-12 -2.31700904e-13  4.96370857e-11
 -1.97218646e-10 -5.45775881e-16  9.27615003e-16  3.12611587e-05
 -2.04181588e-06 -1.43111161e-08  8.40489146e-10]
	child 2 = [ 1.01074959e-18 -1.33555179e-12 -2.31700904e-13  4.96370857e-11
 -1.97218646e-10 -5.45775881e-16  9.36803255e-16  3.14657548e-05
 -2.05289711e-06 -1.41911415e-08  8.54150725e-10]


CROSSOVER:


	parent1 = [ 1.01074959e-18 -1.33555179e-12 -2.31700904e-13  4.96370857e-11
 -1.97218646e-10 -5.45775881e-16  9.27615003e-16  3.12611587e-05
 -2.04181588e-06 -1.43111161e-08  8.40489146e-10]
	parent2 = [ 1.01074959e-18 -1.33555179e-12 -2.31700904e-13  4.96370857e-11
 -1.97218646e-10 -5.45775881e-16  9.36803255e-16  3.14657548e-05
 -2.05289711e-06 -1.41911415e-08  8.54150725e-10]
	cutoff index = 2
	child 1 = [ 1.01074959e-18 -1.33555179e-12 -2.31700904e-13  4.96370857e-11
 -1.97218646e-10 -5.45775881e-16  9.36803255e-16  3.14657548e-05
 -2.05289711e-06 -1.41911415e-08  8.54150725e-10]
	child 2 = [ 1.01074959e-18 -1.33555179e-12 -2.31700904e-13  4.96370857e-11
 -1.97218646e-10 -5.45775881e-16  9.27615003e-16  3.12611587e-05
 -2.04181588e-06 -1.43111161e-08  8.40489146e-10]


CROSSOVER:


	parent1 = [ 1.00101133e-18 -1.32733051e-12 -2.32321673e-13  4.94336498e-11
 -1.97776136e-10 -5.48301604e-16  9.24642364e-16  3.17615922e-05
 -2.05403483e-06 -1.41280439e-08  8.52747228e-10]
	parent2 = [ 9.95726391e-19 -1.34946897e-12 -2.31960054e-13  4.92375168e-11
 -1.97325488e-10 -5.42546233e-16  9.30611542e-16  3.16702019e-05
 -2.05403483e-06 -1.40563238e-08  8.43142099e-10]
	cutoff index = 7
	child 1 = [ 1.00101133e-18 -1.32733051e-12 -2.32321673e-13  4.94336498e-11
 -1.97776136e-10 -5.48301604e-16  9.24642364e-16  3.16702019e-05
 -2.05403483e-06 -1.40563238e-08  8.43142099e-10]
	child 2 = [ 1.00101133e-18 -1.32733051e-12 -2.32321673e-13  4.94336498e-11
 -1.97776136e-10 -5.48301604e-16  9.24642364e-16  3.17615922e-05
 -2.05403483e-06 -1.41280439e-08  8.52747228e-10]


CROSSOVER:


	parent1 = [ 1.01074959e-18 -1.33555179e-12 -2.31700904e-13  4.96370857e-11
 -1.97218646e-10 -5.45775881e-16  9.36803255e-16  3.14657548e-05
 -2.05289711e-06 -1.41911415e-08  8.54150725e-10]
	parent2 = [ 1.00690523e-18 -1.33021331e-12 -2.34009359e-13  4.90597128e-11
 -1.97797917e-10 -5.52399295e-16  9.36385138e-16  3.20420794e-05
 -2.07135834e-06 -1.41280439e-08  8.50436901e-10]
	cutoff index = 0
	child 1 = [ 1.00690523e-18 -1.33021331e-12 -2.34009359e-13  4.90597128e-11
 -1.97797917e-10 -5.52399295e-16  9.36385138e-16  3.20420794e-05
 -2.07135834e-06 -1.41280439e-08  8.50436901e-10]
	child 2 = [ 1.01074959e-18 -1.33555179e-12 -2.31700904e-13  4.96370857e-11
 -1.97218646e-10 -5.45775881e-16  9.36803255e-16  3.14657548e-05
 -2.05289711e-06 -1.41911415e-08  8.54150725e-10]


MUTATION: 

RECEIVED FOR MUTATTION: [[ 1.01074959e-18 -1.33555179e-12 -2.31700904e-13  4.96370857e-11
  -1.97218646e-10 -5.45775881e-16  9.27615003e-16  3.12611587e-05
  -2.04181588e-06 -1.43111161e-08  8.40489146e-10]
 [ 1.01074959e-18 -1.33555179e-12 -2.31700904e-13  4.96370857e-11
  -1.97218646e-10 -5.45775881e-16  9.36803255e-16  3.14657548e-05
  -2.05289711e-06 -1.41911415e-08  8.54150725e-10]
 [ 1.01074959e-18 -1.33555179e-12 -2.31700904e-13  4.96370857e-11
  -1.97218646e-10 -5.45775881e-16  9.36803255e-16  3.14657548e-05
  -2.05289711e-06 -1.41911415e-08  8.54150725e-10]
 [ 1.01074959e-18 -1.33555179e-12 -2.31700904e-13  4.96370857e-11
  -1.97218646e-10 -5.45775881e-16  9.27615003e-16  3.12611587e-05
  -2.04181588e-06 -1.43111161e-08  8.40489146e-10]
 [ 1.00101133e-18 -1.32733051e-12 -2.32321673e-13  4.94336498e-11
  -1.97776136e-10 -5.48301604e-16  9.24642364e-16  3.16702019e-05
  -2.05403483e-06 -1.40563238e-08  8.43142099e-10]
 [ 1.00101133e-18 -1.32733051e-12 -2.32321673e-13  4.94336498e-11
  -1.97776136e-10 -5.48301604e-16  9.24642364e-16  3.17615922e-05
  -2.05403483e-06 -1.41280439e-08  8.52747228e-10]
 [ 1.00690523e-18 -1.33021331e-12 -2.34009359e-13  4.90597128e-11
  -1.97797917e-10 -5.52399295e-16  9.36385138e-16  3.20420794e-05
  -2.07135834e-06 -1.41280439e-08  8.50436901e-10]
 [ 1.01074959e-18 -1.33555179e-12 -2.31700904e-13  4.96370857e-11
  -1.97218646e-10 -5.45775881e-16  9.36803255e-16  3.14657548e-05
  -2.05289711e-06 -1.41911415e-08  8.54150725e-10]]

Mutated feature:[[ 1.01074959e-18 -1.33104241e-12 -2.33296603e-13  4.91670184e-11
  -1.98208395e-10 -5.45775881e-16  9.19128890e-16  3.14380483e-05
  -2.04181588e-06 -1.41702910e-08  8.44058251e-10]
 [ 1.01333914e-18 -1.33872809e-12 -2.33336134e-13  4.93190844e-11
  -1.97920967e-10 -5.40804231e-16  9.32345584e-16  3.14657548e-05
  -2.04436222e-06 -1.41181317e-08  8.58894158e-10]
 [ 1.01693830e-18 -1.34593546e-12 -2.33180662e-13  4.96370857e-11
  -1.98408101e-10 -5.45565801e-16  9.34174193e-16  3.11934938e-05
  -2.05558590e-06 -1.41009314e-08  8.60783478e-10]
 [ 1.01074959e-18 -1.32864436e-12 -2.31700904e-13  4.93053048e-11
  -1.95648749e-10 -5.44366310e-16  9.27615003e-16  3.12611587e-05
  -2.04415915e-06 -1.43674759e-08  8.47034797e-10]
 [ 1.00033653e-18 -1.32915712e-12 -2.33619481e-13  4.94026778e-11
  -1.97776136e-10 -5.51519567e-16  9.31669285e-16  3.16702019e-05
  -2.03583903e-06 -1.40563238e-08  8.39892492e-10]
 [ 1.00101133e-18 -1.33329460e-12 -2.32227175e-13  4.98397074e-11
  -1.98248925e-10 -5.46857527e-16  9.19965435e-16  3.17615922e-05
  -2.05403483e-06 -1.40290499e-08  8.53466531e-10]
 [ 1.01208943e-18 -1.33021331e-12 -2.34009359e-13  4.93305136e-11
  -1.96791317e-10 -5.48499529e-16  9.45589114e-16  3.17474487e-05
  -2.08030983e-06 -1.41280439e-08  8.55135203e-10]
 [ 1.00682266e-18 -1.32605738e-12 -2.30233759e-13  4.95937042e-11
  -1.95578907e-10 -5.50848445e-16  9.36803255e-16  3.14657548e-05
  -2.06058546e-06 -1.41785539e-08  8.62674537e-10]]


sending vector for error: [ 1.01074959e-18 -1.33104241e-12 -2.33296603e-13  4.91670184e-11
 -1.98208395e-10 -5.45775881e-16  9.19128890e-16  3.14380483e-05
 -2.04181588e-06 -1.41702910e-08  8.44058251e-10]
received errors: 452469774640.07605    88430252116.48854

sending vector for error: [ 1.01333914e-18 -1.33872809e-12 -2.33336134e-13  4.93190844e-11
 -1.97920967e-10 -5.40804231e-16  9.32345584e-16  3.14657548e-05
 -2.04436222e-06 -1.41181317e-08  8.58894158e-10]
received errors: 441398748866.2902    293409550113.453

sending vector for error: [ 1.01693830e-18 -1.34593546e-12 -2.33180662e-13  4.96370857e-11
 -1.98408101e-10 -5.45565801e-16  9.34174193e-16  3.11934938e-05
 -2.05558590e-06 -1.41009314e-08  8.60783478e-10]
received errors: 419317452678.85095    189943834144.17514

sending vector for error: [ 1.01074959e-18 -1.32864436e-12 -2.31700904e-13  4.93053048e-11
 -1.95648749e-10 -5.44366310e-16  9.27615003e-16  3.12611587e-05
 -2.04415915e-06 -1.43674759e-08  8.47034797e-10]
received errors: 459874778418.6113    104740749660.25684

sending vector for error: [ 1.00033653e-18 -1.32915712e-12 -2.33619481e-13  4.94026778e-11
 -1.97776136e-10 -5.51519567e-16  9.31669285e-16  3.16702019e-05
 -2.03583903e-06 -1.40563238e-08  8.39892492e-10]
received errors: 454141454126.3253    88065086821.36838

sending vector for error: [ 1.00101133e-18 -1.33329460e-12 -2.32227175e-13  4.98397074e-11
 -1.98248925e-10 -5.46857527e-16  9.19965435e-16  3.17615922e-05
 -2.05403483e-06 -1.40290499e-08  8.53466531e-10]
received errors: 457746242460.8207    177019378403.89096

sending vector for error: [ 1.01208943e-18 -1.33021331e-12 -2.34009359e-13  4.93305136e-11
 -1.96791317e-10 -5.48499529e-16  9.45589114e-16  3.17474487e-05
 -2.08030983e-06 -1.41280439e-08  8.55135203e-10]
received errors: 521338363108.5076    103982397824.0735

sending vector for error: [ 1.00682266e-18 -1.32605738e-12 -2.30233759e-13  4.95937042e-11
 -1.95578907e-10 -5.50848445e-16  9.36803255e-16  3.14657548e-05
 -2.06058546e-06 -1.41785539e-08  8.62674537e-10]
received errors: 430702460303.45624    196608000329.2819


CROSSOVER:


	parent1 = [ 1.01208943e-18 -1.33021331e-12 -2.34009359e-13  4.93305136e-11
 -1.96791317e-10 -5.48499529e-16  9.45589114e-16  3.17474487e-05
 -2.08030983e-06 -1.41280439e-08  8.55135203e-10]
	parent2 = [ 1.01074959e-18 -1.32864436e-12 -2.31700904e-13  4.93053048e-11
 -1.95648749e-10 -5.44366310e-16  9.27615003e-16  3.12611587e-05
 -2.04415915e-06 -1.43674759e-08  8.47034797e-10]
	cutoff index = 9
	child 1 = [ 1.01208943e-18 -1.33021331e-12 -2.34009359e-13  4.93305136e-11
 -1.96791317e-10 -5.48499529e-16  9.45589114e-16  3.17474487e-05
 -2.08030983e-06 -1.43674759e-08  8.47034797e-10]
	child 2 = [ 1.01208943e-18 -1.33021331e-12 -2.34009359e-13  4.93305136e-11
 -1.96791317e-10 -5.48499529e-16  9.45589114e-16  3.17474487e-05
 -2.08030983e-06 -1.41280439e-08  8.55135203e-10]


CROSSOVER:


	parent1 = [ 1.01074959e-18 -1.33104241e-12 -2.33296603e-13  4.91670184e-11
 -1.98208395e-10 -5.45775881e-16  9.19128890e-16  3.14380483e-05
 -2.04181588e-06 -1.41702910e-08  8.44058251e-10]
	parent2 = [ 1.00101133e-18 -1.33329460e-12 -2.32227175e-13  4.98397074e-11
 -1.98248925e-10 -5.46857527e-16  9.19965435e-16  3.17615922e-05
 -2.05403483e-06 -1.40290499e-08  8.53466531e-10]
	cutoff index = 9
	child 1 = [ 1.01074959e-18 -1.33104241e-12 -2.33296603e-13  4.91670184e-11
 -1.98208395e-10 -5.45775881e-16  9.19128890e-16  3.14380483e-05
 -2.04181588e-06 -1.40290499e-08  8.53466531e-10]
	child 2 = [ 1.01074959e-18 -1.33104241e-12 -2.33296603e-13  4.91670184e-11
 -1.98208395e-10 -5.45775881e-16  9.19128890e-16  3.14380483e-05
 -2.04181588e-06 -1.41702910e-08  8.44058251e-10]


CROSSOVER:


	parent1 = [ 1.01693830e-18 -1.34593546e-12 -2.33180662e-13  4.96370857e-11
 -1.98408101e-10 -5.45565801e-16  9.34174193e-16  3.11934938e-05
 -2.05558590e-06 -1.41009314e-08  8.60783478e-10]
	parent2 = [ 1.01074959e-18 -1.33104241e-12 -2.33296603e-13  4.91670184e-11
 -1.98208395e-10 -5.45775881e-16  9.19128890e-16  3.14380483e-05
 -2.04181588e-06 -1.41702910e-08  8.44058251e-10]
	cutoff index = 7
	child 1 = [ 1.01693830e-18 -1.34593546e-12 -2.33180662e-13  4.96370857e-11
 -1.98408101e-10 -5.45565801e-16  9.34174193e-16  3.14380483e-05
 -2.04181588e-06 -1.41702910e-08  8.44058251e-10]
	child 2 = [ 1.01693830e-18 -1.34593546e-12 -2.33180662e-13  4.96370857e-11
 -1.98408101e-10 -5.45565801e-16  9.34174193e-16  3.11934938e-05
 -2.05558590e-06 -1.41009314e-08  8.60783478e-10]


CROSSOVER:


	parent1 = [ 1.01208943e-18 -1.33021331e-12 -2.34009359e-13  4.93305136e-11
 -1.96791317e-10 -5.48499529e-16  9.45589114e-16  3.17474487e-05
 -2.08030983e-06 -1.41280439e-08  8.55135203e-10]
	parent2 = [ 1.00033653e-18 -1.32915712e-12 -2.33619481e-13  4.94026778e-11
 -1.97776136e-10 -5.51519567e-16  9.31669285e-16  3.16702019e-05
 -2.03583903e-06 -1.40563238e-08  8.39892492e-10]
	cutoff index = 3
	child 1 = [ 1.01208943e-18 -1.33021331e-12 -2.34009359e-13  4.94026778e-11
 -1.97776136e-10 -5.51519567e-16  9.31669285e-16  3.16702019e-05
 -2.03583903e-06 -1.40563238e-08  8.39892492e-10]
	child 2 = [ 1.01208943e-18 -1.33021331e-12 -2.34009359e-13  4.93305136e-11
 -1.96791317e-10 -5.48499529e-16  9.45589114e-16  3.17474487e-05
 -2.08030983e-06 -1.41280439e-08  8.55135203e-10]


MUTATION: 

RECEIVED FOR MUTATTION: [[ 1.01208943e-18 -1.33021331e-12 -2.34009359e-13  4.93305136e-11
  -1.96791317e-10 -5.48499529e-16  9.45589114e-16  3.17474487e-05
  -2.08030983e-06 -1.43674759e-08  8.47034797e-10]
 [ 1.01208943e-18 -1.33021331e-12 -2.34009359e-13  4.93305136e-11
  -1.96791317e-10 -5.48499529e-16  9.45589114e-16  3.17474487e-05
  -2.08030983e-06 -1.41280439e-08  8.55135203e-10]
 [ 1.01074959e-18 -1.33104241e-12 -2.33296603e-13  4.91670184e-11
  -1.98208395e-10 -5.45775881e-16  9.19128890e-16  3.14380483e-05
  -2.04181588e-06 -1.40290499e-08  8.53466531e-10]
 [ 1.01693830e-18 -1.34593546e-12 -2.33180662e-13  4.96370857e-11
  -1.98408101e-10 -5.45565801e-16  9.34174193e-16  3.14380483e-05
  -2.04181588e-06 -1.41702910e-08  8.44058251e-10]
 [ 1.01693830e-18 -1.34593546e-12 -2.33180662e-13  4.96370857e-11
  -1.98408101e-10 -5.45565801e-16  9.34174193e-16  3.14380483e-05
  -2.04181588e-06 -1.41702910e-08  8.44058251e-10]
 [ 1.01693830e-18 -1.34593546e-12 -2.33180662e-13  4.96370857e-11
  -1.98408101e-10 -5.45565801e-16  9.34174193e-16  3.11934938e-05
  -2.05558590e-06 -1.41009314e-08  8.60783478e-10]
 [ 1.01208943e-18 -1.33021331e-12 -2.34009359e-13  4.94026778e-11
  -1.97776136e-10 -5.51519567e-16  9.31669285e-16  3.16702019e-05
  -2.03583903e-06 -1.40563238e-08  8.39892492e-10]
 [ 1.01208943e-18 -1.33021331e-12 -2.34009359e-13  4.93305136e-11
  -1.96791317e-10 -5.48499529e-16  9.45589114e-16  3.17474487e-05
  -2.08030983e-06 -1.41280439e-08  8.55135203e-10]]

Mutated feature:[[ 1.00635861e-18 -1.32400452e-12 -2.34568320e-13  4.95967318e-11
  -1.96720623e-10 -5.47717135e-16  9.52020903e-16  3.14689521e-05
  -2.10023834e-06 -1.43674759e-08  8.43390066e-10]
 [ 1.01287337e-18 -1.31935191e-12 -2.33919513e-13  4.95058850e-11
  -1.98009958e-10 -5.45110623e-16  9.46612717e-16  3.16457855e-05
  -2.08030983e-06 -1.40975951e-08  8.60443734e-10]
 [ 1.00919062e-18 -1.33242935e-12 -2.31832835e-13  4.91670184e-11
  -1.97007621e-10 -5.46338851e-16  9.20746081e-16  3.14380483e-05
  -2.06154171e-06 -1.39947132e-08  8.58437563e-10]
 [ 1.02156700e-18 -1.35810130e-12 -2.33995219e-13  4.96396747e-11
  -2.00009421e-10 -5.45565801e-16  9.33636729e-16  3.14380483e-05
  -2.03783942e-06 -1.41928814e-08  8.50522611e-10]
 [ 1.00735764e-18 -1.34593546e-12 -2.31404312e-13  5.00009096e-11
  -1.98408101e-10 -5.43239413e-16  9.31078034e-16  3.14798853e-05
  -2.03034049e-06 -1.41664968e-08  8.40191685e-10]
 [ 1.00997415e-18 -1.35281270e-12 -2.33180662e-13  4.99599774e-11
  -1.98138108e-10 -5.48869042e-16  9.39921648e-16  3.11628389e-05
  -2.04777800e-06 -1.40364892e-08  8.56296463e-10]
 [ 1.01412999e-18 -1.34149479e-12 -2.33089151e-13  4.97037257e-11
  -1.99281993e-10 -5.48070679e-16  9.39573956e-16  3.15501026e-05
  -2.03724823e-06 -1.39348726e-08  8.39892492e-10]
 [ 1.00716072e-18 -1.33399188e-12 -2.31981663e-13  4.96070812e-11
  -1.96824943e-10 -5.46883314e-16  9.38938194e-16  3.18176574e-05
  -2.05953608e-06 -1.42329210e-08  8.55135203e-10]]


sending vector for error: [ 1.00635861e-18 -1.32400452e-12 -2.34568320e-13  4.95967318e-11
 -1.96720623e-10 -5.47717135e-16  9.52020903e-16  3.14689521e-05
 -2.10023834e-06 -1.43674759e-08  8.43390066e-10]
received errors: 1109975755115.1233    863662281574.6859

sending vector for error: [ 1.01287337e-18 -1.31935191e-12 -2.33919513e-13  4.95058850e-11
 -1.98009958e-10 -5.45110623e-16  9.46612717e-16  3.16457855e-05
 -2.08030983e-06 -1.40975951e-08  8.60443734e-10]
received errors: 479904638887.13135    113738267595.7883

sending vector for error: [ 1.00919062e-18 -1.33242935e-12 -2.31832835e-13  4.91670184e-11
 -1.97007621e-10 -5.46338851e-16  9.20746081e-16  3.14380483e-05
 -2.06154171e-06 -1.39947132e-08  8.58437563e-10]
received errors: 447979215683.01355    178271249932.30984

sending vector for error: [ 1.02156700e-18 -1.35810130e-12 -2.33995219e-13  4.96396747e-11
 -2.00009421e-10 -5.45565801e-16  9.33636729e-16  3.14380483e-05
 -2.03783942e-06 -1.41928814e-08  8.50522611e-10]
received errors: 410866201940.4907    141394468521.53625

sending vector for error: [ 1.00735764e-18 -1.34593546e-12 -2.31404312e-13  5.00009096e-11
 -1.98408101e-10 -5.43239413e-16  9.31078034e-16  3.14798853e-05
 -2.03034049e-06 -1.41664968e-08  8.40191685e-10]
received errors: 435544424976.2311    85430103804.59183

sending vector for error: [ 1.00997415e-18 -1.35281270e-12 -2.33180662e-13  4.99599774e-11
 -1.98138108e-10 -5.48869042e-16  9.39921648e-16  3.11628389e-05
 -2.04777800e-06 -1.40364892e-08  8.56296463e-10]
received errors: 417306499647.2833    183288257313.83603

sending vector for error: [ 1.01412999e-18 -1.34149479e-12 -2.33089151e-13  4.97037257e-11
 -1.99281993e-10 -5.48070679e-16  9.39573956e-16  3.15501026e-05
 -2.03724823e-06 -1.39348726e-08  8.39892492e-10]
received errors: 455791573375.69403    94962359011.02968

sending vector for error: [ 1.00716072e-18 -1.33399188e-12 -2.31981663e-13  4.96070812e-11
 -1.96824943e-10 -5.46883314e-16  9.38938194e-16  3.18176574e-05
 -2.05953608e-06 -1.42329210e-08  8.55135203e-10]
received errors: 450028601615.56396    120073281746.72363


CROSSOVER:


	parent1 = [ 1.01287337e-18 -1.31935191e-12 -2.33919513e-13  4.95058850e-11
 -1.98009958e-10 -5.45110623e-16  9.46612717e-16  3.16457855e-05
 -2.08030983e-06 -1.40975951e-08  8.60443734e-10]
	parent2 = [ 1.02156700e-18 -1.35810130e-12 -2.33995219e-13  4.96396747e-11
 -2.00009421e-10 -5.45565801e-16  9.33636729e-16  3.14380483e-05
 -2.03783942e-06 -1.41928814e-08  8.50522611e-10]
	cutoff index = 7
	child 1 = [ 1.01287337e-18 -1.31935191e-12 -2.33919513e-13  4.95058850e-11
 -1.98009958e-10 -5.45110623e-16  9.46612717e-16  3.14380483e-05
 -2.03783942e-06 -1.41928814e-08  8.50522611e-10]
	child 2 = [ 1.01287337e-18 -1.31935191e-12 -2.33919513e-13  4.95058850e-11
 -1.98009958e-10 -5.45110623e-16  9.46612717e-16  3.16457855e-05
 -2.08030983e-06 -1.40975951e-08  8.60443734e-10]


CROSSOVER:


	parent1 = [ 1.01412999e-18 -1.34149479e-12 -2.33089151e-13  4.97037257e-11
 -1.99281993e-10 -5.48070679e-16  9.39573956e-16  3.15501026e-05
 -2.03724823e-06 -1.39348726e-08  8.39892492e-10]
	parent2 = [ 1.00919062e-18 -1.33242935e-12 -2.31832835e-13  4.91670184e-11
 -1.97007621e-10 -5.46338851e-16  9.20746081e-16  3.14380483e-05
 -2.06154171e-06 -1.39947132e-08  8.58437563e-10]
	cutoff index = 5
	child 1 = [ 1.01412999e-18 -1.34149479e-12 -2.33089151e-13  4.97037257e-11
 -1.99281993e-10 -5.46338851e-16  9.20746081e-16  3.14380483e-05
 -2.06154171e-06 -1.39947132e-08  8.58437563e-10]
	child 2 = [ 1.01412999e-18 -1.34149479e-12 -2.33089151e-13  4.97037257e-11
 -1.99281993e-10 -5.48070679e-16  9.39573956e-16  3.15501026e-05
 -2.03724823e-06 -1.39348726e-08  8.39892492e-10]


CROSSOVER:


	parent1 = [ 1.01287337e-18 -1.31935191e-12 -2.33919513e-13  4.95058850e-11
 -1.98009958e-10 -5.45110623e-16  9.46612717e-16  3.16457855e-05
 -2.08030983e-06 -1.40975951e-08  8.60443734e-10]
	parent2 = [ 1.00997415e-18 -1.35281270e-12 -2.33180662e-13  4.99599774e-11
 -1.98138108e-10 -5.48869042e-16  9.39921648e-16  3.11628389e-05
 -2.04777800e-06 -1.40364892e-08  8.56296463e-10]
	cutoff index = 8
	child 1 = [ 1.01287337e-18 -1.31935191e-12 -2.33919513e-13  4.95058850e-11
 -1.98009958e-10 -5.45110623e-16  9.46612717e-16  3.16457855e-05
 -2.04777800e-06 -1.40364892e-08  8.56296463e-10]
	child 2 = [ 1.01287337e-18 -1.31935191e-12 -2.33919513e-13  4.95058850e-11
 -1.98009958e-10 -5.45110623e-16  9.46612717e-16  3.16457855e-05
 -2.08030983e-06 -1.40975951e-08  8.60443734e-10]


CROSSOVER:


	parent1 = [ 1.00735764e-18 -1.34593546e-12 -2.31404312e-13  5.00009096e-11
 -1.98408101e-10 -5.43239413e-16  9.31078034e-16  3.14798853e-05
 -2.03034049e-06 -1.41664968e-08  8.40191685e-10]
	parent2 = [ 1.01287337e-18 -1.31935191e-12 -2.33919513e-13  4.95058850e-11
 -1.98009958e-10 -5.45110623e-16  9.46612717e-16  3.14380483e-05
 -2.03783942e-06 -1.41928814e-08  8.50522611e-10]
	cutoff index = 8
	child 1 = [ 1.00735764e-18 -1.34593546e-12 -2.31404312e-13  5.00009096e-11
 -1.98408101e-10 -5.43239413e-16  9.31078034e-16  3.14798853e-05
 -2.03783942e-06 -1.41928814e-08  8.50522611e-10]
	child 2 = [ 1.00735764e-18 -1.34593546e-12 -2.31404312e-13  5.00009096e-11
 -1.98408101e-10 -5.43239413e-16  9.31078034e-16  3.14798853e-05
 -2.03034049e-06 -1.41664968e-08  8.40191685e-10]


MUTATION: 

RECEIVED FOR MUTATTION: [[ 1.00735764e-18 -1.34593546e-12 -2.31404312e-13  5.00009096e-11
  -1.98408101e-10 -5.43239413e-16  9.31078034e-16  3.14798853e-05
  -2.03783942e-06 -1.41928814e-08  8.50522611e-10]
 [ 1.01287337e-18 -1.31935191e-12 -2.33919513e-13  4.95058850e-11
  -1.98009958e-10 -5.45110623e-16  9.46612717e-16  3.16457855e-05
  -2.08030983e-06 -1.40975951e-08  8.60443734e-10]
 [ 1.01412999e-18 -1.34149479e-12 -2.33089151e-13  4.97037257e-11
  -1.99281993e-10 -5.46338851e-16  9.20746081e-16  3.14380483e-05
  -2.06154171e-06 -1.39947132e-08  8.58437563e-10]
 [ 1.01412999e-18 -1.34149479e-12 -2.33089151e-13  4.97037257e-11
  -1.99281993e-10 -5.48070679e-16  9.39573956e-16  3.15501026e-05
  -2.03724823e-06 -1.39348726e-08  8.39892492e-10]
 [ 1.01287337e-18 -1.31935191e-12 -2.33919513e-13  4.95058850e-11
  -1.98009958e-10 -5.45110623e-16  9.46612717e-16  3.16457855e-05
  -2.04777800e-06 -1.40364892e-08  8.56296463e-10]
 [ 1.01287337e-18 -1.31935191e-12 -2.33919513e-13  4.95058850e-11
  -1.98009958e-10 -5.45110623e-16  9.46612717e-16  3.16457855e-05
  -2.08030983e-06 -1.40975951e-08  8.60443734e-10]
 [ 1.00735764e-18 -1.34593546e-12 -2.31404312e-13  5.00009096e-11
  -1.98408101e-10 -5.43239413e-16  9.31078034e-16  3.14798853e-05
  -2.03783942e-06 -1.41928814e-08  8.50522611e-10]
 [ 1.00735764e-18 -1.34593546e-12 -2.31404312e-13  5.00009096e-11
  -1.98408101e-10 -5.43239413e-16  9.31078034e-16  3.14798853e-05
  -2.03034049e-06 -1.41664968e-08  8.40191685e-10]]

Mutated feature:[[ 1.01241962e-18 -1.34750963e-12 -2.30152090e-13  5.00580923e-11
  -1.98408101e-10 -5.47931631e-16  9.24585853e-16  3.16170126e-05
  -2.04767495e-06 -1.41928814e-08  8.50522611e-10]
 [ 1.00898163e-18 -1.32621078e-12 -2.33919513e-13  4.95058850e-11
  -1.99772851e-10 -5.44228559e-16  9.54255259e-16  3.17180995e-05
  -2.06991515e-06 -1.41079641e-08  8.54960044e-10]
 [ 1.00514382e-18 -1.34456420e-12 -2.34272686e-13  4.96800595e-11
  -2.00912304e-10 -5.45107196e-16  9.27376661e-16  3.12498000e-05
  -2.05593622e-06 -1.39947132e-08  8.58437563e-10]
 [ 1.01259634e-18 -1.35442892e-12 -2.33809974e-13  4.94581712e-11
  -1.97407215e-10 -5.51680362e-16  9.42294044e-16  3.18351018e-05
  -2.02906437e-06 -1.38696334e-08  8.35915068e-10]
 [ 1.01287337e-18 -1.31935191e-12 -2.33919513e-13  4.92842532e-11
  -1.99011670e-10 -5.45110623e-16  9.51133215e-16  3.16869554e-05
  -2.03825131e-06 -1.39335676e-08  8.52614334e-10]
 [ 1.01287337e-18 -1.32746401e-12 -2.33919513e-13  4.91306106e-11
  -1.96565408e-10 -5.42674134e-16  9.39446500e-16  3.13951239e-05
  -2.10030900e-06 -1.40956649e-08  8.62521787e-10]
 [ 1.00735764e-18 -1.35473966e-12 -2.31404312e-13  4.98262325e-11
  -1.98408101e-10 -5.40982604e-16  9.35961512e-16  3.14882593e-05
  -2.02296685e-06 -1.43189042e-08  8.42696942e-10]
 [ 1.01717115e-18 -1.33974928e-12 -2.32351810e-13  4.99072398e-11
  -1.98408101e-10 -5.38666845e-16  9.37498016e-16  3.13695970e-05
  -2.03034049e-06 -1.41320063e-08  8.34231403e-10]]


sending vector for error: [ 1.01241962e-18 -1.34750963e-12 -2.30152090e-13  5.00580923e-11
 -1.98408101e-10 -5.47931631e-16  9.24585853e-16  3.16170126e-05
 -2.04767495e-06 -1.41928814e-08  8.50522611e-10]
received errors: 434864705873.8    112441219950.91312

sending vector for error: [ 1.00898163e-18 -1.32621078e-12 -2.33919513e-13  4.95058850e-11
 -1.99772851e-10 -5.44228559e-16  9.54255259e-16  3.17180995e-05
 -2.06991515e-06 -1.41079641e-08  8.54960044e-10]
received errors: 478375148140.8571    104208764404.20724

sending vector for error: [ 1.00514382e-18 -1.34456420e-12 -2.34272686e-13  4.96800595e-11
 -2.00912304e-10 -5.45107196e-16  9.27376661e-16  3.12498000e-05
 -2.05593622e-06 -1.39947132e-08  8.58437563e-10]
received errors: 433489710101.54834    191898199241.95135

sending vector for error: [ 1.01259634e-18 -1.35442892e-12 -2.33809974e-13  4.94581712e-11
 -1.97407215e-10 -5.51680362e-16  9.42294044e-16  3.18351018e-05
 -2.02906437e-06 -1.38696334e-08  8.35915068e-10]
received errors: 461283549297.0174    118810610991.11328

sending vector for error: [ 1.01287337e-18 -1.31935191e-12 -2.33919513e-13  4.92842532e-11
 -1.99011670e-10 -5.45110623e-16  9.51133215e-16  3.16869554e-05
 -2.03825131e-06 -1.39335676e-08  8.52614334e-10]
received errors: 479400057361.9466    343608569995.5208

sending vector for error: [ 1.01287337e-18 -1.32746401e-12 -2.33919513e-13  4.91306106e-11
 -1.96565408e-10 -5.42674134e-16  9.39446500e-16  3.13951239e-05
 -2.10030900e-06 -1.40956649e-08  8.62521787e-10]
received errors: 558902060422.6573    143153309890.00046

sending vector for error: [ 1.00735764e-18 -1.35473966e-12 -2.31404312e-13  4.98262325e-11
 -1.98408101e-10 -5.40982604e-16  9.35961512e-16  3.14882593e-05
 -2.02296685e-06 -1.43189042e-08  8.42696942e-10]
received errors: 401068632986.0642    97991099850.29138

sending vector for error: [ 1.01717115e-18 -1.33974928e-12 -2.32351810e-13  4.99072398e-11
 -1.98408101e-10 -5.38666845e-16  9.37498016e-16  3.13695970e-05
 -2.03034049e-06 -1.41320063e-08  8.34231403e-10]
received errors: 491768411817.40576    100185694631.92264


CROSSOVER:


	parent1 = [ 1.00735764e-18 -1.35473966e-12 -2.31404312e-13  4.98262325e-11
 -1.98408101e-10 -5.40982604e-16  9.35961512e-16  3.14882593e-05
 -2.02296685e-06 -1.43189042e-08  8.42696942e-10]
	parent2 = [ 1.01241962e-18 -1.34750963e-12 -2.30152090e-13  5.00580923e-11
 -1.98408101e-10 -5.47931631e-16  9.24585853e-16  3.16170126e-05
 -2.04767495e-06 -1.41928814e-08  8.50522611e-10]
	cutoff index = 8
	child 1 = [ 1.00735764e-18 -1.35473966e-12 -2.31404312e-13  4.98262325e-11
 -1.98408101e-10 -5.40982604e-16  9.35961512e-16  3.14882593e-05
 -2.04767495e-06 -1.41928814e-08  8.50522611e-10]
	child 2 = [ 1.00735764e-18 -1.35473966e-12 -2.31404312e-13  4.98262325e-11
 -1.98408101e-10 -5.40982604e-16  9.35961512e-16  3.14882593e-05
 -2.02296685e-06 -1.43189042e-08  8.42696942e-10]


CROSSOVER:


	parent1 = [ 1.00735764e-18 -1.35473966e-12 -2.31404312e-13  4.98262325e-11
 -1.98408101e-10 -5.40982604e-16  9.35961512e-16  3.14882593e-05
 -2.04767495e-06 -1.41928814e-08  8.50522611e-10]
	parent2 = [ 1.00898163e-18 -1.32621078e-12 -2.33919513e-13  4.95058850e-11
 -1.99772851e-10 -5.44228559e-16  9.54255259e-16  3.17180995e-05
 -2.06991515e-06 -1.41079641e-08  8.54960044e-10]
	cutoff index = 7
	child 1 = [ 1.00735764e-18 -1.35473966e-12 -2.31404312e-13  4.98262325e-11
 -1.98408101e-10 -5.40982604e-16  9.35961512e-16  3.17180995e-05
 -2.06991515e-06 -1.41079641e-08  8.54960044e-10]
	child 2 = [ 1.00735764e-18 -1.35473966e-12 -2.31404312e-13  4.98262325e-11
 -1.98408101e-10 -5.40982604e-16  9.35961512e-16  3.14882593e-05
 -2.04767495e-06 -1.41928814e-08  8.50522611e-10]


CROSSOVER:


	parent1 = [ 1.00735764e-18 -1.35473966e-12 -2.31404312e-13  4.98262325e-11
 -1.98408101e-10 -5.40982604e-16  9.35961512e-16  3.17180995e-05
 -2.06991515e-06 -1.41079641e-08  8.54960044e-10]
	parent2 = [ 1.01717115e-18 -1.33974928e-12 -2.32351810e-13  4.99072398e-11
 -1.98408101e-10 -5.38666845e-16  9.37498016e-16  3.13695970e-05
 -2.03034049e-06 -1.41320063e-08  8.34231403e-10]
	cutoff index = 2
	child 1 = [ 1.00735764e-18 -1.35473966e-12 -2.32351810e-13  4.99072398e-11
 -1.98408101e-10 -5.38666845e-16  9.37498016e-16  3.13695970e-05
 -2.03034049e-06 -1.41320063e-08  8.34231403e-10]
	child 2 = [ 1.00735764e-18 -1.35473966e-12 -2.31404312e-13  4.98262325e-11
 -1.98408101e-10 -5.40982604e-16  9.35961512e-16  3.17180995e-05
 -2.06991515e-06 -1.41079641e-08  8.54960044e-10]


CROSSOVER:


	parent1 = [ 1.00514382e-18 -1.34456420e-12 -2.34272686e-13  4.96800595e-11
 -2.00912304e-10 -5.45107196e-16  9.27376661e-16  3.12498000e-05
 -2.05593622e-06 -1.39947132e-08  8.58437563e-10]
	parent2 = [ 1.00735764e-18 -1.35473966e-12 -2.31404312e-13  4.98262325e-11
 -1.98408101e-10 -5.40982604e-16  9.35961512e-16  3.14882593e-05
 -2.02296685e-06 -1.43189042e-08  8.42696942e-10]
	cutoff index = 4
	child 1 = [ 1.00514382e-18 -1.34456420e-12 -2.34272686e-13  4.96800595e-11
 -1.98408101e-10 -5.40982604e-16  9.35961512e-16  3.14882593e-05
 -2.02296685e-06 -1.43189042e-08  8.42696942e-10]
	child 2 = [ 1.00514382e-18 -1.34456420e-12 -2.34272686e-13  4.96800595e-11
 -2.00912304e-10 -5.45107196e-16  9.27376661e-16  3.12498000e-05
 -2.05593622e-06 -1.39947132e-08  8.58437563e-10]


MUTATION: 

RECEIVED FOR MUTATTION: [[ 1.00735764e-18 -1.35473966e-12 -2.31404312e-13  4.98262325e-11
  -1.98408101e-10 -5.40982604e-16  9.35961512e-16  3.14882593e-05
  -2.04767495e-06 -1.41928814e-08  8.50522611e-10]
 [ 1.00514382e-18 -1.34456420e-12 -2.34272686e-13  4.96800595e-11
  -1.98408101e-10 -5.40982604e-16  9.35961512e-16  3.14882593e-05
  -2.02296685e-06 -1.43189042e-08  8.42696942e-10]
 [ 1.00735764e-18 -1.35473966e-12 -2.31404312e-13  4.98262325e-11
  -1.98408101e-10 -5.40982604e-16  9.35961512e-16  3.17180995e-05
  -2.06991515e-06 -1.41079641e-08  8.54960044e-10]
 [ 1.00735764e-18 -1.35473966e-12 -2.31404312e-13  4.98262325e-11
  -1.98408101e-10 -5.40982604e-16  9.35961512e-16  3.14882593e-05
  -2.04767495e-06 -1.41928814e-08  8.50522611e-10]
 [ 1.00735764e-18 -1.35473966e-12 -2.32351810e-13  4.99072398e-11
  -1.98408101e-10 -5.38666845e-16  9.37498016e-16  3.13695970e-05
  -2.03034049e-06 -1.41320063e-08  8.34231403e-10]
 [ 1.00735764e-18 -1.35473966e-12 -2.31404312e-13  4.98262325e-11
  -1.98408101e-10 -5.40982604e-16  9.35961512e-16  3.17180995e-05
  -2.06991515e-06 -1.41079641e-08  8.54960044e-10]
 [ 1.00514382e-18 -1.34456420e-12 -2.34272686e-13  4.96800595e-11
  -1.98408101e-10 -5.40982604e-16  9.35961512e-16  3.14882593e-05
  -2.02296685e-06 -1.43189042e-08  8.42696942e-10]
 [ 1.00514382e-18 -1.34456420e-12 -2.34272686e-13  4.96800595e-11
  -2.00912304e-10 -5.45107196e-16  9.27376661e-16  3.12498000e-05
  -2.05593622e-06 -1.39947132e-08  8.58437563e-10]]

Mutated feature:[[ 1.00735764e-18 -1.36486134e-12 -2.31404312e-13  4.94231350e-11
  -1.98408101e-10 -5.40358260e-16  9.39253130e-16  3.15963365e-05
  -2.05211699e-06 -1.41411921e-08  8.42506372e-10]
 [ 1.00514382e-18 -1.35580324e-12 -2.34272686e-13  4.96800595e-11
  -2.00302320e-10 -5.40699496e-16  9.44214123e-16  3.12897227e-05
  -2.02296685e-06 -1.44190465e-08  8.34564870e-10]
 [ 1.00233983e-18 -1.34727352e-12 -2.30016107e-13  4.97576176e-11
  -1.98260320e-10 -5.37514837e-16  9.27588219e-16  3.16926672e-05
  -2.07433402e-06 -1.41079641e-08  8.46446892e-10]
 [ 9.99999119e-19 -1.34716871e-12 -2.32798861e-13  5.01573200e-11
  -1.98535265e-10 -5.37546663e-16  9.35961512e-16  3.15256693e-05
  -2.04767495e-06 -1.41296868e-08  8.46785778e-10]
 [ 1.00735764e-18 -1.34542002e-12 -2.32562293e-13  4.99112221e-11
  -1.97254434e-10 -5.39756020e-16  9.33701321e-16  3.12759926e-05
  -2.04039383e-06 -1.40607656e-08  8.36403830e-10]
 [ 1.01569204e-18 -1.36045412e-12 -2.31446110e-13  4.95080200e-11
  -1.98408101e-10 -5.41091684e-16  9.35163576e-16  3.17315462e-05
  -2.07129458e-06 -1.41079641e-08  8.54960044e-10]
 [ 1.00514382e-18 -1.33484120e-12 -2.33391905e-13  4.96344625e-11
  -1.96708859e-10 -5.44705143e-16  9.44465122e-16  3.13336389e-05
  -2.02296685e-06 -1.43189042e-08  8.38334495e-10]
 [ 1.01321659e-18 -1.33387449e-12 -2.36590772e-13  4.96423485e-11
  -2.00183969e-10 -5.43399907e-16  9.22357436e-16  3.09432928e-05
  -2.05593622e-06 -1.40793791e-08  8.66895312e-10]]


sending vector for error: [ 1.00735764e-18 -1.36486134e-12 -2.31404312e-13  4.94231350e-11
 -1.98408101e-10 -5.40358260e-16  9.39253130e-16  3.15963365e-05
 -2.05211699e-06 -1.41411921e-08  8.42506372e-10]
received errors: 511356331518.2416    102040506209.72813

sending vector for error: [ 1.00514382e-18 -1.35580324e-12 -2.34272686e-13  4.96800595e-11
 -2.00302320e-10 -5.40699496e-16  9.44214123e-16  3.12897227e-05
 -2.02296685e-06 -1.44190465e-08  8.34564870e-10]
received errors: 497059860625.11194    133224221837.28491

sending vector for error: [ 1.00233983e-18 -1.34727352e-12 -2.30016107e-13  4.97576176e-11
 -1.98260320e-10 -5.37514837e-16  9.27588219e-16  3.16926672e-05
 -2.07433402e-06 -1.41079641e-08  8.46446892e-10]
received errors: 591463073820.3983    150246841093.09967

sending vector for error: [ 9.99999119e-19 -1.34716871e-12 -2.32798861e-13  5.01573200e-11
 -1.98535265e-10 -5.37546663e-16  9.35961512e-16  3.15256693e-05
 -2.04767495e-06 -1.41296868e-08  8.46785778e-10]
received errors: 452191418163.1315    94407076789.71536

sending vector for error: [ 1.00735764e-18 -1.34542002e-12 -2.32562293e-13  4.99112221e-11
 -1.97254434e-10 -5.39756020e-16  9.33701321e-16  3.12759926e-05
 -2.04039383e-06 -1.40607656e-08  8.36403830e-10]
received errors: 520232910245.3571    119010292800.92813

sending vector for error: [ 1.01569204e-18 -1.36045412e-12 -2.31446110e-13  4.95080200e-11
 -1.98408101e-10 -5.41091684e-16  9.35163576e-16  3.17315462e-05
 -2.07129458e-06 -1.41079641e-08  8.54960044e-10]
received errors: 483034966219.3211    103063405800.94246

sending vector for error: [ 1.00514382e-18 -1.33484120e-12 -2.33391905e-13  4.96344625e-11
 -1.96708859e-10 -5.44705143e-16  9.44465122e-16  3.13336389e-05
 -2.02296685e-06 -1.43189042e-08  8.38334495e-10]
received errors: 432892175461.6872    84380199216.49826

sending vector for error: [ 1.01321659e-18 -1.33387449e-12 -2.36590772e-13  4.96423485e-11
 -2.00183969e-10 -5.43399907e-16  9.22357436e-16  3.09432928e-05
 -2.05593622e-06 -1.40793791e-08  8.66895312e-10]
received errors: 421009241461.1166    284277260558.3656


CROSSOVER:


	parent1 = [ 1.00735764e-18 -1.36486134e-12 -2.31404312e-13  4.94231350e-11
 -1.98408101e-10 -5.40358260e-16  9.39253130e-16  3.15963365e-05
 -2.05211699e-06 -1.41411921e-08  8.42506372e-10]
	parent2 = [ 1.00735764e-18 -1.36486134e-12 -2.31404312e-13  4.94231350e-11
 -1.98408101e-10 -5.40358260e-16  9.39253130e-16  3.15963365e-05
 -2.05211699e-06 -1.41411921e-08  8.42506372e-10]
	cutoff index = 8
	child 1 = [ 1.00735764e-18 -1.36486134e-12 -2.31404312e-13  4.94231350e-11
 -1.98408101e-10 -5.40358260e-16  9.39253130e-16  3.15963365e-05
 -2.05211699e-06 -1.41411921e-08  8.42506372e-10]
	child 2 = [ 1.00735764e-18 -1.36486134e-12 -2.31404312e-13  4.94231350e-11
 -1.98408101e-10 -5.40358260e-16  9.39253130e-16  3.15963365e-05
 -2.05211699e-06 -1.41411921e-08  8.42506372e-10]


CROSSOVER:


	parent1 = [ 1.01321659e-18 -1.33387449e-12 -2.36590772e-13  4.96423485e-11
 -2.00183969e-10 -5.43399907e-16  9.22357436e-16  3.09432928e-05
 -2.05593622e-06 -1.40793791e-08  8.66895312e-10]
	parent2 = [ 1.00514382e-18 -1.33484120e-12 -2.33391905e-13  4.96344625e-11
 -1.96708859e-10 -5.44705143e-16  9.44465122e-16  3.13336389e-05
 -2.02296685e-06 -1.43189042e-08  8.38334495e-10]
	cutoff index = 7
	child 1 = [ 1.01321659e-18 -1.33387449e-12 -2.36590772e-13  4.96423485e-11
 -2.00183969e-10 -5.43399907e-16  9.22357436e-16  3.13336389e-05
 -2.02296685e-06 -1.43189042e-08  8.38334495e-10]
	child 2 = [ 1.01321659e-18 -1.33387449e-12 -2.36590772e-13  4.96423485e-11
 -2.00183969e-10 -5.43399907e-16  9.22357436e-16  3.09432928e-05
 -2.05593622e-06 -1.40793791e-08  8.66895312e-10]


CROSSOVER:


	parent1 = [ 1.01321659e-18 -1.33387449e-12 -2.36590772e-13  4.96423485e-11
 -2.00183969e-10 -5.43399907e-16  9.22357436e-16  3.13336389e-05
 -2.02296685e-06 -1.43189042e-08  8.38334495e-10]
	parent2 = [ 1.00514382e-18 -1.35580324e-12 -2.34272686e-13  4.96800595e-11
 -2.00302320e-10 -5.40699496e-16  9.44214123e-16  3.12897227e-05
 -2.02296685e-06 -1.44190465e-08  8.34564870e-10]
	cutoff index = 5
	child 1 = [ 1.01321659e-18 -1.33387449e-12 -2.36590772e-13  4.96423485e-11
 -2.00183969e-10 -5.40699496e-16  9.44214123e-16  3.12897227e-05
 -2.02296685e-06 -1.44190465e-08  8.34564870e-10]
	child 2 = [ 1.01321659e-18 -1.33387449e-12 -2.36590772e-13  4.96423485e-11
 -2.00183969e-10 -5.43399907e-16  9.22357436e-16  3.13336389e-05
 -2.02296685e-06 -1.43189042e-08  8.38334495e-10]


CROSSOVER:


	parent1 = [ 9.99999119e-19 -1.34716871e-12 -2.32798861e-13  5.01573200e-11
 -1.98535265e-10 -5.37546663e-16  9.35961512e-16  3.15256693e-05
 -2.04767495e-06 -1.41296868e-08  8.46785778e-10]
	parent2 = [ 1.01569204e-18 -1.36045412e-12 -2.31446110e-13  4.95080200e-11
 -1.98408101e-10 -5.41091684e-16  9.35163576e-16  3.17315462e-05
 -2.07129458e-06 -1.41079641e-08  8.54960044e-10]
	cutoff index = 7
	child 1 = [ 9.99999119e-19 -1.34716871e-12 -2.32798861e-13  5.01573200e-11
 -1.98535265e-10 -5.37546663e-16  9.35961512e-16  3.17315462e-05
 -2.07129458e-06 -1.41079641e-08  8.54960044e-10]
	child 2 = [ 9.99999119e-19 -1.34716871e-12 -2.32798861e-13  5.01573200e-11
 -1.98535265e-10 -5.37546663e-16  9.35961512e-16  3.15256693e-05
 -2.04767495e-06 -1.41296868e-08  8.46785778e-10]


MUTATION: 

RECEIVED FOR MUTATTION: [[ 1.00735764e-18 -1.36486134e-12 -2.31404312e-13  4.94231350e-11
  -1.98408101e-10 -5.40358260e-16  9.39253130e-16  3.15963365e-05
  -2.05211699e-06 -1.41411921e-08  8.42506372e-10]
 [ 1.00735764e-18 -1.36486134e-12 -2.31404312e-13  4.94231350e-11
  -1.98408101e-10 -5.40358260e-16  9.39253130e-16  3.15963365e-05
  -2.05211699e-06 -1.41411921e-08  8.42506372e-10]
 [ 1.01321659e-18 -1.33387449e-12 -2.36590772e-13  4.96423485e-11
  -2.00183969e-10 -5.43399907e-16  9.22357436e-16  3.13336389e-05
  -2.02296685e-06 -1.43189042e-08  8.38334495e-10]
 [ 1.01321659e-18 -1.33387449e-12 -2.36590772e-13  4.96423485e-11
  -2.00183969e-10 -5.43399907e-16  9.22357436e-16  3.09432928e-05
  -2.05593622e-06 -1.40793791e-08  8.66895312e-10]
 [ 1.01321659e-18 -1.33387449e-12 -2.36590772e-13  4.96423485e-11
  -2.00183969e-10 -5.40699496e-16  9.44214123e-16  3.12897227e-05
  -2.02296685e-06 -1.44190465e-08  8.34564870e-10]
 [ 1.01321659e-18 -1.33387449e-12 -2.36590772e-13  4.96423485e-11
  -2.00183969e-10 -5.43399907e-16  9.22357436e-16  3.13336389e-05
  -2.02296685e-06 -1.43189042e-08  8.38334495e-10]
 [ 9.99999119e-19 -1.34716871e-12 -2.32798861e-13  5.01573200e-11
  -1.98535265e-10 -5.37546663e-16  9.35961512e-16  3.17315462e-05
  -2.07129458e-06 -1.41079641e-08  8.54960044e-10]
 [ 9.99999119e-19 -1.34716871e-12 -2.32798861e-13  5.01573200e-11
  -1.98535265e-10 -5.37546663e-16  9.35961512e-16  3.15256693e-05
  -2.04767495e-06 -1.41296868e-08  8.46785778e-10]]

Mutated feature:[[ 9.98079704e-19 -1.36486134e-12 -2.31440610e-13  4.94231350e-11
  -1.98408101e-10 -5.42315891e-16  9.45901171e-16  3.15963365e-05
  -2.03673565e-06 -1.41411921e-08  8.36179829e-10]
 [ 1.00241430e-18 -1.36009361e-12 -2.31883516e-13  4.99035710e-11
  -1.97013835e-10 -5.45472891e-16  9.39253130e-16  3.15467373e-05
  -2.03704071e-06 -1.41137672e-08  8.48308802e-10]
 [ 1.01067577e-18 -1.33028441e-12 -2.36590772e-13  4.96423485e-11
  -2.00183969e-10 -5.43399907e-16  9.24120205e-16  3.14176755e-05
  -2.02104801e-06 -1.44059804e-08  8.44531367e-10]
 [ 1.01321659e-18 -1.33832739e-12 -2.36935229e-13  5.01254641e-11
  -2.01317244e-10 -5.41024455e-16  9.13180180e-16  3.12245779e-05
  -2.05593622e-06 -1.40302404e-08  8.73018349e-10]
 [ 1.00597074e-18 -1.33387449e-12 -2.38332443e-13  4.99142487e-11
  -1.99686446e-10 -5.40699496e-16  9.38638684e-16  3.11737198e-05
  -2.03602076e-06 -1.43903800e-08  8.39943390e-10]
 [ 1.01448634e-18 -1.33174930e-12 -2.38685134e-13  4.92624070e-11
  -2.00221483e-10 -5.38618474e-16  9.14260973e-16  3.13336389e-05
  -2.00649148e-06 -1.43189042e-08  8.38334495e-10]
 [ 9.98819397e-19 -1.34716871e-12 -2.32417671e-13  4.97449783e-11
  -1.99118438e-10 -5.33590269e-16  9.31348907e-16  3.14323342e-05
  -2.07371213e-06 -1.40396013e-08  8.60046027e-10]
 [ 9.99999119e-19 -1.35086375e-12 -2.31518563e-13  5.04500864e-11
  -1.98535265e-10 -5.33879937e-16  9.35961512e-16  3.14612298e-05
  -2.05272724e-06 -1.42419806e-08  8.54513238e-10]]


sending vector for error: [ 9.98079704e-19 -1.36486134e-12 -2.31440610e-13  4.94231350e-11
 -1.98408101e-10 -5.42315891e-16  9.45901171e-16  3.15963365e-05
 -2.03673565e-06 -1.41411921e-08  8.36179829e-10]
received errors: 497492278020.3336    93022124137.80168

sending vector for error: [ 1.00241430e-18 -1.36009361e-12 -2.31883516e-13  4.99035710e-11
 -1.97013835e-10 -5.45472891e-16  9.39253130e-16  3.15467373e-05
 -2.03704071e-06 -1.41137672e-08  8.48308802e-10]
received errors: 423610474282.60767    149178197240.19443

sending vector for error: [ 1.01067577e-18 -1.33028441e-12 -2.36590772e-13  4.96423485e-11
 -2.00183969e-10 -5.43399907e-16  9.24120205e-16  3.14176755e-05
 -2.02104801e-06 -1.44059804e-08  8.44531367e-10]
received errors: 386425145634.38184    100277373813.62666

sending vector for error: [ 1.01321659e-18 -1.33832739e-12 -2.36935229e-13  5.01254641e-11
 -2.01317244e-10 -5.41024455e-16  9.13180180e-16  3.12245779e-05
 -2.05593622e-06 -1.40302404e-08  8.73018349e-10]
received errors: 530879219737.578    601858936653.9376

sending vector for error: [ 1.00597074e-18 -1.33387449e-12 -2.38332443e-13  4.99142487e-11
 -1.99686446e-10 -5.40699496e-16  9.38638684e-16  3.11737198e-05
 -2.03602076e-06 -1.43903800e-08  8.39943390e-10]
received errors: 511850601458.97107    150339881705.05646

sending vector for error: [ 1.01448634e-18 -1.33174930e-12 -2.38685134e-13  4.92624070e-11
 -2.00221483e-10 -5.38618474e-16  9.14260973e-16  3.13336389e-05
 -2.00649148e-06 -1.43189042e-08  8.38334495e-10]
received errors: 375999394886.02966    105610147037.9993

sending vector for error: [ 9.98819397e-19 -1.34716871e-12 -2.32417671e-13  4.97449783e-11
 -1.99118438e-10 -5.33590269e-16  9.31348907e-16  3.14323342e-05
 -2.07371213e-06 -1.40396013e-08  8.60046027e-10]
received errors: 460647051927.06055    129401375640.8206

sending vector for error: [ 9.99999119e-19 -1.35086375e-12 -2.31518563e-13  5.04500864e-11
 -1.98535265e-10 -5.33879937e-16  9.35961512e-16  3.14612298e-05
 -2.05272724e-06 -1.42419806e-08  8.54513238e-10]
received errors: 427235379211.95654    116382944859.19858


CROSSOVER:


	parent1 = [ 9.98819397e-19 -1.34716871e-12 -2.32417671e-13  4.97449783e-11
 -1.99118438e-10 -5.33590269e-16  9.31348907e-16  3.14323342e-05
 -2.07371213e-06 -1.40396013e-08  8.60046027e-10]
	parent2 = [ 1.00241430e-18 -1.36009361e-12 -2.31883516e-13  4.99035710e-11
 -1.97013835e-10 -5.45472891e-16  9.39253130e-16  3.15467373e-05
 -2.03704071e-06 -1.41137672e-08  8.48308802e-10]
	cutoff index = 5
	child 1 = [ 9.98819397e-19 -1.34716871e-12 -2.32417671e-13  4.97449783e-11
 -1.99118438e-10 -5.45472891e-16  9.39253130e-16  3.15467373e-05
 -2.03704071e-06 -1.41137672e-08  8.48308802e-10]
	child 2 = [ 9.98819397e-19 -1.34716871e-12 -2.32417671e-13  4.97449783e-11
 -1.99118438e-10 -5.33590269e-16  9.31348907e-16  3.14323342e-05
 -2.07371213e-06 -1.40396013e-08  8.60046027e-10]


CROSSOVER:


	parent1 = [ 1.01448634e-18 -1.33174930e-12 -2.38685134e-13  4.92624070e-11
 -2.00221483e-10 -5.38618474e-16  9.14260973e-16  3.13336389e-05
 -2.00649148e-06 -1.43189042e-08  8.38334495e-10]
	parent2 = [ 1.00597074e-18 -1.33387449e-12 -2.38332443e-13  4.99142487e-11
 -1.99686446e-10 -5.40699496e-16  9.38638684e-16  3.11737198e-05
 -2.03602076e-06 -1.43903800e-08  8.39943390e-10]
	cutoff index = 6
	child 1 = [ 1.01448634e-18 -1.33174930e-12 -2.38685134e-13  4.92624070e-11
 -2.00221483e-10 -5.38618474e-16  9.38638684e-16  3.11737198e-05
 -2.03602076e-06 -1.43903800e-08  8.39943390e-10]
	child 2 = [ 1.01448634e-18 -1.33174930e-12 -2.38685134e-13  4.92624070e-11
 -2.00221483e-10 -5.38618474e-16  9.14260973e-16  3.13336389e-05
 -2.00649148e-06 -1.43189042e-08  8.38334495e-10]


CROSSOVER:


	parent1 = [ 1.01067577e-18 -1.33028441e-12 -2.36590772e-13  4.96423485e-11
 -2.00183969e-10 -5.43399907e-16  9.24120205e-16  3.14176755e-05
 -2.02104801e-06 -1.44059804e-08  8.44531367e-10]
	parent2 = [ 1.01067577e-18 -1.33028441e-12 -2.36590772e-13  4.96423485e-11
 -2.00183969e-10 -5.43399907e-16  9.24120205e-16  3.14176755e-05
 -2.02104801e-06 -1.44059804e-08  8.44531367e-10]
	cutoff index = 0
	child 1 = [ 1.01067577e-18 -1.33028441e-12 -2.36590772e-13  4.96423485e-11
 -2.00183969e-10 -5.43399907e-16  9.24120205e-16  3.14176755e-05
 -2.02104801e-06 -1.44059804e-08  8.44531367e-10]
	child 2 = [ 1.01067577e-18 -1.33028441e-12 -2.36590772e-13  4.96423485e-11
 -2.00183969e-10 -5.43399907e-16  9.24120205e-16  3.14176755e-05
 -2.02104801e-06 -1.44059804e-08  8.44531367e-10]


CROSSOVER:


	parent1 = [ 9.98819397e-19 -1.34716871e-12 -2.32417671e-13  4.97449783e-11
 -1.99118438e-10 -5.33590269e-16  9.31348907e-16  3.14323342e-05
 -2.07371213e-06 -1.40396013e-08  8.60046027e-10]
	parent2 = [ 9.99999119e-19 -1.35086375e-12 -2.31518563e-13  5.04500864e-11
 -1.98535265e-10 -5.33879937e-16  9.35961512e-16  3.14612298e-05
 -2.05272724e-06 -1.42419806e-08  8.54513238e-10]
	cutoff index = 10
	child 1 = [ 9.98819397e-19 -1.34716871e-12 -2.32417671e-13  4.97449783e-11
 -1.99118438e-10 -5.33590269e-16  9.31348907e-16  3.14323342e-05
 -2.07371213e-06 -1.40396013e-08  8.54513238e-10]
	child 2 = [ 9.98819397e-19 -1.34716871e-12 -2.32417671e-13  4.97449783e-11
 -1.99118438e-10 -5.33590269e-16  9.31348907e-16  3.14323342e-05
 -2.07371213e-06 -1.40396013e-08  8.60046027e-10]


MUTATION: 

RECEIVED FOR MUTATTION: [[ 9.98819397e-19 -1.34716871e-12 -2.32417671e-13  4.97449783e-11
  -1.99118438e-10 -5.45472891e-16  9.39253130e-16  3.15467373e-05
  -2.03704071e-06 -1.41137672e-08  8.48308802e-10]
 [ 9.98819397e-19 -1.34716871e-12 -2.32417671e-13  4.97449783e-11
  -1.99118438e-10 -5.33590269e-16  9.31348907e-16  3.14323342e-05
  -2.07371213e-06 -1.40396013e-08  8.60046027e-10]
 [ 1.01448634e-18 -1.33174930e-12 -2.38685134e-13  4.92624070e-11
  -2.00221483e-10 -5.38618474e-16  9.38638684e-16  3.11737198e-05
  -2.03602076e-06 -1.43903800e-08  8.39943390e-10]
 [ 1.01448634e-18 -1.33174930e-12 -2.38685134e-13  4.92624070e-11
  -2.00221483e-10 -5.38618474e-16  9.14260973e-16  3.13336389e-05
  -2.00649148e-06 -1.43189042e-08  8.38334495e-10]
 [ 1.01067577e-18 -1.33028441e-12 -2.36590772e-13  4.96423485e-11
  -2.00183969e-10 -5.43399907e-16  9.24120205e-16  3.14176755e-05
  -2.02104801e-06 -1.44059804e-08  8.44531367e-10]
 [ 1.01067577e-18 -1.33028441e-12 -2.36590772e-13  4.96423485e-11
  -2.00183969e-10 -5.43399907e-16  9.24120205e-16  3.14176755e-05
  -2.02104801e-06 -1.44059804e-08  8.44531367e-10]
 [ 9.98819397e-19 -1.34716871e-12 -2.32417671e-13  4.97449783e-11
  -1.99118438e-10 -5.33590269e-16  9.31348907e-16  3.14323342e-05
  -2.07371213e-06 -1.40396013e-08  8.54513238e-10]
 [ 9.98819397e-19 -1.34716871e-12 -2.32417671e-13  4.97449783e-11
  -1.99118438e-10 -5.33590269e-16  9.31348907e-16  3.14323342e-05
  -2.07371213e-06 -1.40396013e-08  8.60046027e-10]]

Mutated feature:[[ 9.89363710e-19 -1.36009751e-12 -2.32804972e-13  4.92793906e-11
  -1.97167058e-10 -5.48507879e-16  9.39253130e-16  3.13820637e-05
  -2.05229607e-06 -1.40055369e-08  8.44648885e-10]
 [ 9.95119792e-19 -1.35159992e-12 -2.32311951e-13  4.96640369e-11
  -1.99403154e-10 -5.36485689e-16  9.22049856e-16  3.14698670e-05
  -2.06793366e-06 -1.41690221e-08  8.60046027e-10]
 [ 1.00815647e-18 -1.33029166e-12 -2.38685134e-13  4.93973285e-11
  -2.01177252e-10 -5.37756610e-16  9.43006365e-16  3.11432568e-05
  -2.03602076e-06 -1.44397260e-08  8.34590710e-10]
 [ 1.00921082e-18 -1.32759526e-12 -2.41035485e-13  4.93452740e-11
  -2.00630365e-10 -5.34305985e-16  9.18498746e-16  3.15961978e-05
  -2.00649148e-06 -1.44052004e-08  8.33725578e-10]
 [ 1.01155846e-18 -1.33383126e-12 -2.36590772e-13  5.00509970e-11
  -1.98655610e-10 -5.48223550e-16  9.24120205e-16  3.13357983e-05
  -2.00802144e-06 -1.44059804e-08  8.42898334e-10]
 [ 1.00068574e-18 -1.32368455e-12 -2.36590772e-13  4.95242024e-11
  -2.00183969e-10 -5.43399907e-16  9.24120205e-16  3.15217806e-05
  -2.02239242e-06 -1.44052908e-08  8.49365732e-10]
 [ 1.00613613e-18 -1.34716871e-12 -2.31850634e-13  5.01457200e-11
  -1.97494393e-10 -5.35169153e-16  9.33254847e-16  3.13449326e-05
  -2.09360424e-06 -1.40396013e-08  8.54513238e-10]
 [ 1.00684073e-18 -1.34716871e-12 -2.32829245e-13  5.01751839e-11
  -1.99118438e-10 -5.33785778e-16  9.35141127e-16  3.14323342e-05
  -2.08337256e-06 -1.39431853e-08  8.64918098e-10]]


sending vector for error: [ 9.89363710e-19 -1.36009751e-12 -2.32804972e-13  4.92793906e-11
 -1.97167058e-10 -5.48507879e-16  9.39253130e-16  3.13820637e-05
 -2.05229607e-06 -1.40055369e-08  8.44648885e-10]
received errors: 482673404565.99426    92900073646.53575

sending vector for error: [ 9.95119792e-19 -1.35159992e-12 -2.32311951e-13  4.96640369e-11
 -1.99403154e-10 -5.36485689e-16  9.22049856e-16  3.14698670e-05
 -2.06793366e-06 -1.41690221e-08  8.60046027e-10]
received errors: 444477789472.38574    127701494335.59319

sending vector for error: [ 1.00815647e-18 -1.33029166e-12 -2.38685134e-13  4.93973285e-11
 -2.01177252e-10 -5.37756610e-16  9.43006365e-16  3.11432568e-05
 -2.03602076e-06 -1.44397260e-08  8.34590710e-10]
received errors: 628029142890.2767    281729545130.0663

sending vector for error: [ 1.00921082e-18 -1.32759526e-12 -2.41035485e-13  4.93452740e-11
 -2.00630365e-10 -5.34305985e-16  9.18498746e-16  3.15961978e-05
 -2.00649148e-06 -1.44052004e-08  8.33725578e-10]
received errors: 402567409363.40594    76467314667.83209

sending vector for error: [ 1.01155846e-18 -1.33383126e-12 -2.36590772e-13  5.00509970e-11
 -1.98655610e-10 -5.48223550e-16  9.24120205e-16  3.13357983e-05
 -2.00802144e-06 -1.44059804e-08  8.42898334e-10]
received errors: 363677770663.65027    129105162791.76804

sending vector for error: [ 1.00068574e-18 -1.32368455e-12 -2.36590772e-13  4.95242024e-11
 -2.00183969e-10 -5.43399907e-16  9.24120205e-16  3.15217806e-05
 -2.02239242e-06 -1.44052908e-08  8.49365732e-10]
received errors: 383395237468.9228    164110350298.51993

sending vector for error: [ 1.00613613e-18 -1.34716871e-12 -2.31850634e-13  5.01457200e-11
 -1.97494393e-10 -5.35169153e-16  9.33254847e-16  3.13449326e-05
 -2.09360424e-06 -1.40396013e-08  8.54513238e-10]
received errors: 620462073827.0308    194394547857.1142

sending vector for error: [ 1.00684073e-18 -1.34716871e-12 -2.32829245e-13  5.01751839e-11
 -1.99118438e-10 -5.33785778e-16  9.35141127e-16  3.14323342e-05
 -2.08337256e-06 -1.39431853e-08  8.64918098e-10]
received errors: 472604649389.5067    164884590425.01346


CROSSOVER:


	parent1 = [ 9.89363710e-19 -1.36009751e-12 -2.32804972e-13  4.92793906e-11
 -1.97167058e-10 -5.48507879e-16  9.39253130e-16  3.13820637e-05
 -2.05229607e-06 -1.40055369e-08  8.44648885e-10]
	parent2 = [ 1.00921082e-18 -1.32759526e-12 -2.41035485e-13  4.93452740e-11
 -2.00630365e-10 -5.34305985e-16  9.18498746e-16  3.15961978e-05
 -2.00649148e-06 -1.44052004e-08  8.33725578e-10]
	cutoff index = 3
	child 1 = [ 9.89363710e-19 -1.36009751e-12 -2.32804972e-13  4.93452740e-11
 -2.00630365e-10 -5.34305985e-16  9.18498746e-16  3.15961978e-05
 -2.00649148e-06 -1.44052004e-08  8.33725578e-10]
	child 2 = [ 9.89363710e-19 -1.36009751e-12 -2.32804972e-13  4.92793906e-11
 -1.97167058e-10 -5.48507879e-16  9.39253130e-16  3.13820637e-05
 -2.05229607e-06 -1.40055369e-08  8.44648885e-10]


CROSSOVER:


	parent1 = [ 1.00684073e-18 -1.34716871e-12 -2.32829245e-13  5.01751839e-11
 -1.99118438e-10 -5.33785778e-16  9.35141127e-16  3.14323342e-05
 -2.08337256e-06 -1.39431853e-08  8.64918098e-10]
	parent2 = [ 9.89363710e-19 -1.36009751e-12 -2.32804972e-13  4.92793906e-11
 -1.97167058e-10 -5.48507879e-16  9.39253130e-16  3.13820637e-05
 -2.05229607e-06 -1.40055369e-08  8.44648885e-10]
	cutoff index = 3
	child 1 = [ 1.00684073e-18 -1.34716871e-12 -2.32829245e-13  4.92793906e-11
 -1.97167058e-10 -5.48507879e-16  9.39253130e-16  3.13820637e-05
 -2.05229607e-06 -1.40055369e-08  8.44648885e-10]
	child 2 = [ 1.00684073e-18 -1.34716871e-12 -2.32829245e-13  5.01751839e-11
 -1.99118438e-10 -5.33785778e-16  9.35141127e-16  3.14323342e-05
 -2.08337256e-06 -1.39431853e-08  8.64918098e-10]


CROSSOVER:


	parent1 = [ 9.89363710e-19 -1.36009751e-12 -2.32804972e-13  4.93452740e-11
 -2.00630365e-10 -5.34305985e-16  9.18498746e-16  3.15961978e-05
 -2.00649148e-06 -1.44052004e-08  8.33725578e-10]
	parent2 = [ 1.01155846e-18 -1.33383126e-12 -2.36590772e-13  5.00509970e-11
 -1.98655610e-10 -5.48223550e-16  9.24120205e-16  3.13357983e-05
 -2.00802144e-06 -1.44059804e-08  8.42898334e-10]
	cutoff index = 4
	child 1 = [ 9.89363710e-19 -1.36009751e-12 -2.32804972e-13  4.93452740e-11
 -1.98655610e-10 -5.48223550e-16  9.24120205e-16  3.13357983e-05
 -2.00802144e-06 -1.44059804e-08  8.42898334e-10]
	child 2 = [ 9.89363710e-19 -1.36009751e-12 -2.32804972e-13  4.93452740e-11
 -2.00630365e-10 -5.34305985e-16  9.18498746e-16  3.15961978e-05
 -2.00649148e-06 -1.44052004e-08  8.33725578e-10]


CROSSOVER:


	parent1 = [ 9.89363710e-19 -1.36009751e-12 -2.32804972e-13  4.93452740e-11
 -2.00630365e-10 -5.34305985e-16  9.18498746e-16  3.15961978e-05
 -2.00649148e-06 -1.44052004e-08  8.33725578e-10]
	parent2 = [ 1.00684073e-18 -1.34716871e-12 -2.32829245e-13  5.01751839e-11
 -1.99118438e-10 -5.33785778e-16  9.35141127e-16  3.14323342e-05
 -2.08337256e-06 -1.39431853e-08  8.64918098e-10]
	cutoff index = 5
	child 1 = [ 9.89363710e-19 -1.36009751e-12 -2.32804972e-13  4.93452740e-11
 -2.00630365e-10 -5.33785778e-16  9.35141127e-16  3.14323342e-05
 -2.08337256e-06 -1.39431853e-08  8.64918098e-10]
	child 2 = [ 9.89363710e-19 -1.36009751e-12 -2.32804972e-13  4.93452740e-11
 -2.00630365e-10 -5.34305985e-16  9.18498746e-16  3.15961978e-05
 -2.00649148e-06 -1.44052004e-08  8.33725578e-10]


MUTATION: 

RECEIVED FOR MUTATTION: [[ 9.89363710e-19 -1.36009751e-12 -2.32804972e-13  4.93452740e-11
  -2.00630365e-10 -5.34305985e-16  9.18498746e-16  3.15961978e-05
  -2.00649148e-06 -1.44052004e-08  8.33725578e-10]
 [ 1.00684073e-18 -1.34716871e-12 -2.32829245e-13  4.92793906e-11
  -1.97167058e-10 -5.48507879e-16  9.39253130e-16  3.13820637e-05
  -2.05229607e-06 -1.40055369e-08  8.44648885e-10]
 [ 1.00684073e-18 -1.34716871e-12 -2.32829245e-13  4.92793906e-11
  -1.97167058e-10 -5.48507879e-16  9.39253130e-16  3.13820637e-05
  -2.05229607e-06 -1.40055369e-08  8.44648885e-10]
 [ 9.89363710e-19 -1.36009751e-12 -2.32804972e-13  4.93452740e-11
  -2.00630365e-10 -5.33785778e-16  9.35141127e-16  3.14323342e-05
  -2.08337256e-06 -1.39431853e-08  8.64918098e-10]
 [ 9.89363710e-19 -1.36009751e-12 -2.32804972e-13  4.93452740e-11
  -1.98655610e-10 -5.48223550e-16  9.24120205e-16  3.13357983e-05
  -2.00802144e-06 -1.44059804e-08  8.42898334e-10]
 [ 9.89363710e-19 -1.36009751e-12 -2.32804972e-13  4.93452740e-11
  -2.00630365e-10 -5.34305985e-16  9.18498746e-16  3.15961978e-05
  -2.00649148e-06 -1.44052004e-08  8.33725578e-10]
 [ 9.89363710e-19 -1.36009751e-12 -2.32804972e-13  4.93452740e-11
  -2.00630365e-10 -5.33785778e-16  9.35141127e-16  3.14323342e-05
  -2.08337256e-06 -1.39431853e-08  8.64918098e-10]
 [ 9.89363710e-19 -1.36009751e-12 -2.32804972e-13  4.93452740e-11
  -2.00630365e-10 -5.34305985e-16  9.18498746e-16  3.15961978e-05
  -2.00649148e-06 -1.44052004e-08  8.33725578e-10]]

Mutated feature:[[ 9.87945747e-19 -1.36250909e-12 -2.33451417e-13  4.90037688e-11
  -1.99680171e-10 -5.38590714e-16  9.19928304e-16  3.18859554e-05
  -2.00326523e-06 -1.42622854e-08  8.38302080e-10]
 [ 1.00035924e-18 -1.35807985e-12 -2.32829245e-13  4.95628796e-11
  -1.95918820e-10 -5.46913504e-16  9.33927361e-16  3.14683773e-05
  -2.05892669e-06 -1.41256582e-08  8.45211784e-10]
 [ 1.00065578e-18 -1.33466772e-12 -2.34666375e-13  4.92793906e-11
  -1.98043294e-10 -5.46554894e-16  9.37377715e-16  3.11636175e-05
  -2.03956175e-06 -1.38781274e-08  8.39070129e-10]
 [ 9.89363710e-19 -1.36009751e-12 -2.30895568e-13  4.93434840e-11
  -2.02223102e-10 -5.33294691e-16  9.30592341e-16  3.13644621e-05
  -2.06342639e-06 -1.40016517e-08  8.64918098e-10]
 [ 9.86501622e-19 -1.36009751e-12 -2.32243543e-13  4.91683742e-11
  -1.97826214e-10 -5.48223550e-16  9.30586977e-16  3.11169066e-05
  -2.00586597e-06 -1.44557896e-08  8.42898334e-10]
 [ 9.89786794e-19 -1.35446747e-12 -2.32804972e-13  4.95241374e-11
  -1.98961548e-10 -5.34305985e-16  9.14407577e-16  3.16447907e-05
  -2.00689955e-06 -1.43849575e-08  8.27740106e-10]
 [ 9.80768694e-19 -1.35569653e-12 -2.34902681e-13  4.93452740e-11
  -2.02169553e-10 -5.29611204e-16  9.32447935e-16  3.14323342e-05
  -2.10394761e-06 -1.40568718e-08  8.56640404e-10]
 [ 9.89363710e-19 -1.36009751e-12 -2.34247965e-13  4.93452740e-11
  -2.01909848e-10 -5.34550114e-16  9.14579956e-16  3.19104031e-05
  -1.98809046e-06 -1.44052004e-08  8.33725578e-10]]


sending vector for error: [ 9.87945747e-19 -1.36250909e-12 -2.33451417e-13  4.90037688e-11
 -1.99680171e-10 -5.38590714e-16  9.19928304e-16  3.18859554e-05
 -2.00326523e-06 -1.42622854e-08  8.38302080e-10]
received errors: 410349270998.19006    219433279997.39587

sending vector for error: [ 1.00035924e-18 -1.35807985e-12 -2.32829245e-13  4.95628796e-11
 -1.95918820e-10 -5.46913504e-16  9.33927361e-16  3.14683773e-05
 -2.05892669e-06 -1.41256582e-08  8.45211784e-10]
received errors: 523875276526.2184    115237507339.36392

sending vector for error: [ 1.00065578e-18 -1.33466772e-12 -2.34666375e-13  4.92793906e-11
 -1.98043294e-10 -5.46554894e-16  9.37377715e-16  3.11636175e-05
 -2.03956175e-06 -1.38781274e-08  8.39070129e-10]
received errors: 467920677954.53827    88609496560.86195

sending vector for error: [ 9.89363710e-19 -1.36009751e-12 -2.30895568e-13  4.93434840e-11
 -2.02223102e-10 -5.33294691e-16  9.30592341e-16  3.13644621e-05
 -2.06342639e-06 -1.40016517e-08  8.64918098e-10]
received errors: 460947724589.47266    290107913803.4667

sending vector for error: [ 9.86501622e-19 -1.36009751e-12 -2.32243543e-13  4.91683742e-11
 -1.97826214e-10 -5.48223550e-16  9.30586977e-16  3.11169066e-05
 -2.00586597e-06 -1.44557896e-08  8.42898334e-10]
received errors: 350843809150.0223    107884176531.24878

sending vector for error: [ 9.89786794e-19 -1.35446747e-12 -2.32804972e-13  4.95241374e-11
 -1.98961548e-10 -5.34305985e-16  9.14407577e-16  3.16447907e-05
 -2.00689955e-06 -1.43849575e-08  8.27740106e-10]
received errors: 456605265265.8087    82582089839.35033

sending vector for error: [ 9.80768694e-19 -1.35569653e-12 -2.34902681e-13  4.93452740e-11
 -2.02169553e-10 -5.29611204e-16  9.32447935e-16  3.14323342e-05
 -2.10394761e-06 -1.40568718e-08  8.56640404e-10]
received errors: 663626104666.9861    231672790979.98373

sending vector for error: [ 9.89363710e-19 -1.36009751e-12 -2.34247965e-13  4.93452740e-11
 -2.01909848e-10 -5.34550114e-16  9.14579956e-16  3.19104031e-05
 -1.98809046e-06 -1.44052004e-08  8.33725578e-10]
received errors: 385583716654.0457    198955589205.1237


CROSSOVER:


	parent1 = [ 9.86501622e-19 -1.36009751e-12 -2.32243543e-13  4.91683742e-11
 -1.97826214e-10 -5.48223550e-16  9.30586977e-16  3.11169066e-05
 -2.00586597e-06 -1.44557896e-08  8.42898334e-10]
	parent2 = [ 9.89786794e-19 -1.35446747e-12 -2.32804972e-13  4.95241374e-11
 -1.98961548e-10 -5.34305985e-16  9.14407577e-16  3.16447907e-05
 -2.00689955e-06 -1.43849575e-08  8.27740106e-10]
	cutoff index = 3
	child 1 = [ 9.86501622e-19 -1.36009751e-12 -2.32243543e-13  4.95241374e-11
 -1.98961548e-10 -5.34305985e-16  9.14407577e-16  3.16447907e-05
 -2.00689955e-06 -1.43849575e-08  8.27740106e-10]
	child 2 = [ 9.86501622e-19 -1.36009751e-12 -2.32243543e-13  4.91683742e-11
 -1.97826214e-10 -5.48223550e-16  9.30586977e-16  3.11169066e-05
 -2.00586597e-06 -1.44557896e-08  8.42898334e-10]


CROSSOVER:


	parent1 = [ 9.87945747e-19 -1.36250909e-12 -2.33451417e-13  4.90037688e-11
 -1.99680171e-10 -5.38590714e-16  9.19928304e-16  3.18859554e-05
 -2.00326523e-06 -1.42622854e-08  8.38302080e-10]
	parent2 = [ 9.86501622e-19 -1.36009751e-12 -2.32243543e-13  4.95241374e-11
 -1.98961548e-10 -5.34305985e-16  9.14407577e-16  3.16447907e-05
 -2.00689955e-06 -1.43849575e-08  8.27740106e-10]
	cutoff index = 4
	child 1 = [ 9.87945747e-19 -1.36250909e-12 -2.33451417e-13  4.90037688e-11
 -1.98961548e-10 -5.34305985e-16  9.14407577e-16  3.16447907e-05
 -2.00689955e-06 -1.43849575e-08  8.27740106e-10]
	child 2 = [ 9.87945747e-19 -1.36250909e-12 -2.33451417e-13  4.90037688e-11
 -1.99680171e-10 -5.38590714e-16  9.19928304e-16  3.18859554e-05
 -2.00326523e-06 -1.42622854e-08  8.38302080e-10]


CROSSOVER:


	parent1 = [ 1.00035924e-18 -1.35807985e-12 -2.32829245e-13  4.95628796e-11
 -1.95918820e-10 -5.46913504e-16  9.33927361e-16  3.14683773e-05
 -2.05892669e-06 -1.41256582e-08  8.45211784e-10]
	parent2 = [ 9.86501622e-19 -1.36009751e-12 -2.32243543e-13  4.91683742e-11
 -1.97826214e-10 -5.48223550e-16  9.30586977e-16  3.11169066e-05
 -2.00586597e-06 -1.44557896e-08  8.42898334e-10]
	cutoff index = 8
	child 1 = [ 1.00035924e-18 -1.35807985e-12 -2.32829245e-13  4.95628796e-11
 -1.95918820e-10 -5.46913504e-16  9.33927361e-16  3.14683773e-05
 -2.00586597e-06 -1.44557896e-08  8.42898334e-10]
	child 2 = [ 1.00035924e-18 -1.35807985e-12 -2.32829245e-13  4.95628796e-11
 -1.95918820e-10 -5.46913504e-16  9.33927361e-16  3.14683773e-05
 -2.05892669e-06 -1.41256582e-08  8.45211784e-10]


CROSSOVER:


	parent1 = [ 1.00035924e-18 -1.35807985e-12 -2.32829245e-13  4.95628796e-11
 -1.95918820e-10 -5.46913504e-16  9.33927361e-16  3.14683773e-05
 -2.00586597e-06 -1.44557896e-08  8.42898334e-10]
	parent2 = [ 9.89363710e-19 -1.36009751e-12 -2.34247965e-13  4.93452740e-11
 -2.01909848e-10 -5.34550114e-16  9.14579956e-16  3.19104031e-05
 -1.98809046e-06 -1.44052004e-08  8.33725578e-10]
	cutoff index = 4
	child 1 = [ 1.00035924e-18 -1.35807985e-12 -2.32829245e-13  4.95628796e-11
 -2.01909848e-10 -5.34550114e-16  9.14579956e-16  3.19104031e-05
 -1.98809046e-06 -1.44052004e-08  8.33725578e-10]
	child 2 = [ 1.00035924e-18 -1.35807985e-12 -2.32829245e-13  4.95628796e-11
 -1.95918820e-10 -5.46913504e-16  9.33927361e-16  3.14683773e-05
 -2.00586597e-06 -1.44557896e-08  8.42898334e-10]


MUTATION: 

RECEIVED FOR MUTATTION: [[ 9.87945747e-19 -1.36250909e-12 -2.33451417e-13  4.90037688e-11
  -1.98961548e-10 -5.34305985e-16  9.14407577e-16  3.16447907e-05
  -2.00689955e-06 -1.43849575e-08  8.27740106e-10]
 [ 1.00035924e-18 -1.35807985e-12 -2.32829245e-13  4.95628796e-11
  -1.95918820e-10 -5.46913504e-16  9.33927361e-16  3.14683773e-05
  -2.00586597e-06 -1.44557896e-08  8.42898334e-10]
 [ 9.87945747e-19 -1.36250909e-12 -2.33451417e-13  4.90037688e-11
  -1.98961548e-10 -5.34305985e-16  9.14407577e-16  3.16447907e-05
  -2.00689955e-06 -1.43849575e-08  8.27740106e-10]
 [ 9.87945747e-19 -1.36250909e-12 -2.33451417e-13  4.90037688e-11
  -1.99680171e-10 -5.38590714e-16  9.19928304e-16  3.18859554e-05
  -2.00326523e-06 -1.42622854e-08  8.38302080e-10]
 [ 1.00035924e-18 -1.35807985e-12 -2.32829245e-13  4.95628796e-11
  -1.95918820e-10 -5.46913504e-16  9.33927361e-16  3.14683773e-05
  -2.00586597e-06 -1.44557896e-08  8.42898334e-10]
 [ 1.00035924e-18 -1.35807985e-12 -2.32829245e-13  4.95628796e-11
  -1.95918820e-10 -5.46913504e-16  9.33927361e-16  3.14683773e-05
  -2.05892669e-06 -1.41256582e-08  8.45211784e-10]
 [ 1.00035924e-18 -1.35807985e-12 -2.32829245e-13  4.95628796e-11
  -2.01909848e-10 -5.34550114e-16  9.14579956e-16  3.19104031e-05
  -1.98809046e-06 -1.44052004e-08  8.33725578e-10]
 [ 1.00035924e-18 -1.35807985e-12 -2.32829245e-13  4.95628796e-11
  -1.95918820e-10 -5.46913504e-16  9.33927361e-16  3.14683773e-05
  -2.00586597e-06 -1.44557896e-08  8.42898334e-10]]

Mutated feature:[[ 9.85480510e-19 -1.35383507e-12 -2.32443717e-13  4.90409439e-11
  -1.97283870e-10 -5.35875685e-16  9.16193900e-16  3.15053617e-05
  -2.02557505e-06 -1.43849575e-08  8.23712205e-10]
 [ 9.94769001e-19 -1.34952702e-12 -2.34892737e-13  4.96949458e-11
  -1.94054556e-10 -5.46913504e-16  9.38465163e-16  3.13348553e-05
  -1.99678816e-06 -1.43135221e-08  8.41175189e-10]
 [ 9.91160434e-19 -1.36250909e-12 -2.31707707e-13  4.90338693e-11
  -2.00362509e-10 -5.37543947e-16  9.14222482e-16  3.14471458e-05
  -2.01363404e-06 -1.44195912e-08  8.27740106e-10]
 [ 9.78136001e-19 -1.36699052e-12 -2.31400675e-13  4.94725397e-11
  -1.99680171e-10 -5.33729552e-16  9.24232222e-16  3.19380741e-05
  -1.98538099e-06 -1.41546094e-08  8.31691592e-10]
 [ 1.00140959e-18 -1.36800512e-12 -2.32829245e-13  4.93592076e-11
  -1.95918820e-10 -5.46196509e-16  9.29383423e-16  3.14546249e-05
  -2.01762332e-06 -1.43468038e-08  8.36728569e-10]
 [ 1.00644311e-18 -1.37031520e-12 -2.32061431e-13  4.95628796e-11
  -1.94145805e-10 -5.45725358e-16  9.42701419e-16  3.14683773e-05
  -2.05892669e-06 -1.41546979e-08  8.52121800e-10]
 [ 1.00035924e-18 -1.35770296e-12 -2.34428818e-13  4.97327413e-11
  -2.00269932e-10 -5.29648707e-16  9.08423006e-16  3.19654978e-05
  -2.00647333e-06 -1.44052004e-08  8.39381477e-10]
 [ 1.00367522e-18 -1.36411649e-12 -2.31420897e-13  5.00184361e-11
  -1.95921953e-10 -5.42599781e-16  9.38151146e-16  3.12574134e-05
  -1.99803487e-06 -1.45868563e-08  8.34529336e-10]]


sending vector for error: [ 9.85480510e-19 -1.35383507e-12 -2.32443717e-13  4.90409439e-11
 -1.97283870e-10 -5.35875685e-16  9.16193900e-16  3.15053617e-05
 -2.02557505e-06 -1.43849575e-08  8.23712205e-10]
received errors: 694784317119.9539    323669585885.71344

sending vector for error: [ 9.94769001e-19 -1.34952702e-12 -2.34892737e-13  4.96949458e-11
 -1.94054556e-10 -5.46913504e-16  9.38465163e-16  3.13348553e-05
 -1.99678816e-06 -1.43135221e-08  8.41175189e-10]
received errors: 368589830144.4871    213189193573.16205

sending vector for error: [ 9.91160434e-19 -1.36250909e-12 -2.31707707e-13  4.90338693e-11
 -2.00362509e-10 -5.37543947e-16  9.14222482e-16  3.14471458e-05
 -2.01363404e-06 -1.44195912e-08  8.27740106e-10]
received errors: 522035602786.51013    145762564518.45563

sending vector for error: [ 9.78136001e-19 -1.36699052e-12 -2.31400675e-13  4.94725397e-11
 -1.99680171e-10 -5.33729552e-16  9.24232222e-16  3.19380741e-05
 -1.98538099e-06 -1.41546094e-08  8.31691592e-10]
received errors: 430676220737.67926    313458135838.0356

sending vector for error: [ 1.00140959e-18 -1.36800512e-12 -2.32829245e-13  4.93592076e-11
 -1.95918820e-10 -5.46196509e-16  9.29383423e-16  3.14546249e-05
 -2.01762332e-06 -1.43468038e-08  8.36728569e-10]
received errors: 422816311454.7993    78770050872.54861

sending vector for error: [ 1.00644311e-18 -1.37031520e-12 -2.32061431e-13  4.95628796e-11
 -1.94145805e-10 -5.45725358e-16  9.42701419e-16  3.14683773e-05
 -2.05892669e-06 -1.41546979e-08  8.52121800e-10]
received errors: 458434320659.8924    98203458101.15994

sending vector for error: [ 1.00035924e-18 -1.35770296e-12 -2.34428818e-13  4.97327413e-11
 -2.00269932e-10 -5.29648707e-16  9.08423006e-16  3.19654978e-05
 -2.00647333e-06 -1.44052004e-08  8.39381477e-10]
received errors: 398939382981.98865    171697737811.695

sending vector for error: [ 1.00367522e-18 -1.36411649e-12 -2.31420897e-13  5.00184361e-11
 -1.95921953e-10 -5.42599781e-16  9.38151146e-16  3.12574134e-05
 -1.99803487e-06 -1.45868563e-08  8.34529336e-10]
received errors: 380415575805.74774    76056181891.59196


CROSSOVER:


	parent1 = [ 1.00035924e-18 -1.35770296e-12 -2.34428818e-13  4.97327413e-11
 -2.00269932e-10 -5.29648707e-16  9.08423006e-16  3.19654978e-05
 -2.00647333e-06 -1.44052004e-08  8.39381477e-10]
	parent2 = [ 1.00140959e-18 -1.36800512e-12 -2.32829245e-13  4.93592076e-11
 -1.95918820e-10 -5.46196509e-16  9.29383423e-16  3.14546249e-05
 -2.01762332e-06 -1.43468038e-08  8.36728569e-10]
	cutoff index = 8
	child 1 = [ 1.00035924e-18 -1.35770296e-12 -2.34428818e-13  4.97327413e-11
 -2.00269932e-10 -5.29648707e-16  9.08423006e-16  3.19654978e-05
 -2.01762332e-06 -1.43468038e-08  8.36728569e-10]
	child 2 = [ 1.00035924e-18 -1.35770296e-12 -2.34428818e-13  4.97327413e-11
 -2.00269932e-10 -5.29648707e-16  9.08423006e-16  3.19654978e-05
 -2.00647333e-06 -1.44052004e-08  8.39381477e-10]


CROSSOVER:


	parent1 = [ 9.78136001e-19 -1.36699052e-12 -2.31400675e-13  4.94725397e-11
 -1.99680171e-10 -5.33729552e-16  9.24232222e-16  3.19380741e-05
 -1.98538099e-06 -1.41546094e-08  8.31691592e-10]
	parent2 = [ 1.00035924e-18 -1.35770296e-12 -2.34428818e-13  4.97327413e-11
 -2.00269932e-10 -5.29648707e-16  9.08423006e-16  3.19654978e-05
 -2.01762332e-06 -1.43468038e-08  8.36728569e-10]
	cutoff index = 6
	child 1 = [ 9.78136001e-19 -1.36699052e-12 -2.31400675e-13  4.94725397e-11
 -1.99680171e-10 -5.33729552e-16  9.08423006e-16  3.19654978e-05
 -2.01762332e-06 -1.43468038e-08  8.36728569e-10]
	child 2 = [ 9.78136001e-19 -1.36699052e-12 -2.31400675e-13  4.94725397e-11
 -1.99680171e-10 -5.33729552e-16  9.24232222e-16  3.19380741e-05
 -1.98538099e-06 -1.41546094e-08  8.31691592e-10]


CROSSOVER:


	parent1 = [ 1.00644311e-18 -1.37031520e-12 -2.32061431e-13  4.95628796e-11
 -1.94145805e-10 -5.45725358e-16  9.42701419e-16  3.14683773e-05
 -2.05892669e-06 -1.41546979e-08  8.52121800e-10]
	parent2 = [ 1.00367522e-18 -1.36411649e-12 -2.31420897e-13  5.00184361e-11
 -1.95921953e-10 -5.42599781e-16  9.38151146e-16  3.12574134e-05
 -1.99803487e-06 -1.45868563e-08  8.34529336e-10]
	cutoff index = 3
	child 1 = [ 1.00644311e-18 -1.37031520e-12 -2.32061431e-13  5.00184361e-11
 -1.95921953e-10 -5.42599781e-16  9.38151146e-16  3.12574134e-05
 -1.99803487e-06 -1.45868563e-08  8.34529336e-10]
	child 2 = [ 1.00644311e-18 -1.37031520e-12 -2.32061431e-13  4.95628796e-11
 -1.94145805e-10 -5.45725358e-16  9.42701419e-16  3.14683773e-05
 -2.05892669e-06 -1.41546979e-08  8.52121800e-10]


CROSSOVER:


	parent1 = [ 1.00644311e-18 -1.37031520e-12 -2.32061431e-13  5.00184361e-11
 -1.95921953e-10 -5.42599781e-16  9.38151146e-16  3.12574134e-05
 -1.99803487e-06 -1.45868563e-08  8.34529336e-10]
	parent2 = [ 9.91160434e-19 -1.36250909e-12 -2.31707707e-13  4.90338693e-11
 -2.00362509e-10 -5.37543947e-16  9.14222482e-16  3.14471458e-05
 -2.01363404e-06 -1.44195912e-08  8.27740106e-10]
	cutoff index = 6
	child 1 = [ 1.00644311e-18 -1.37031520e-12 -2.32061431e-13  5.00184361e-11
 -1.95921953e-10 -5.42599781e-16  9.14222482e-16  3.14471458e-05
 -2.01363404e-06 -1.44195912e-08  8.27740106e-10]
	child 2 = [ 1.00644311e-18 -1.37031520e-12 -2.32061431e-13  5.00184361e-11
 -1.95921953e-10 -5.42599781e-16  9.38151146e-16  3.12574134e-05
 -1.99803487e-06 -1.45868563e-08  8.34529336e-10]


MUTATION: 

RECEIVED FOR MUTATTION: [[ 9.78136001e-19 -1.36699052e-12 -2.31400675e-13  4.94725397e-11
  -1.99680171e-10 -5.33729552e-16  9.08423006e-16  3.19654978e-05
  -2.01762332e-06 -1.43468038e-08  8.36728569e-10]
 [ 1.00035924e-18 -1.35770296e-12 -2.34428818e-13  4.97327413e-11
  -2.00269932e-10 -5.29648707e-16  9.08423006e-16  3.19654978e-05
  -2.00647333e-06 -1.44052004e-08  8.39381477e-10]
 [ 9.78136001e-19 -1.36699052e-12 -2.31400675e-13  4.94725397e-11
  -1.99680171e-10 -5.33729552e-16  9.08423006e-16  3.19654978e-05
  -2.01762332e-06 -1.43468038e-08  8.36728569e-10]
 [ 9.78136001e-19 -1.36699052e-12 -2.31400675e-13  4.94725397e-11
  -1.99680171e-10 -5.33729552e-16  9.24232222e-16  3.19380741e-05
  -1.98538099e-06 -1.41546094e-08  8.31691592e-10]
 [ 1.00644311e-18 -1.37031520e-12 -2.32061431e-13  5.00184361e-11
  -1.95921953e-10 -5.42599781e-16  9.38151146e-16  3.12574134e-05
  -1.99803487e-06 -1.45868563e-08  8.34529336e-10]
 [ 1.00644311e-18 -1.37031520e-12 -2.32061431e-13  4.95628796e-11
  -1.94145805e-10 -5.45725358e-16  9.42701419e-16  3.14683773e-05
  -2.05892669e-06 -1.41546979e-08  8.52121800e-10]
 [ 1.00644311e-18 -1.37031520e-12 -2.32061431e-13  5.00184361e-11
  -1.95921953e-10 -5.42599781e-16  9.14222482e-16  3.14471458e-05
  -2.01363404e-06 -1.44195912e-08  8.27740106e-10]
 [ 1.00644311e-18 -1.37031520e-12 -2.32061431e-13  5.00184361e-11
  -1.95921953e-10 -5.42599781e-16  9.38151146e-16  3.12574134e-05
  -1.99803487e-06 -1.45868563e-08  8.34529336e-10]]

Mutated feature:[[ 9.87756371e-19 -1.36607866e-12 -2.31400675e-13  4.91945570e-11
  -2.00648419e-10 -5.30160867e-16  9.06288660e-16  3.17328982e-05
  -2.01762332e-06 -1.44313513e-08  8.39360790e-10]
 [ 1.00035924e-18 -1.36861953e-12 -2.34428818e-13  4.92660959e-11
  -2.01187742e-10 -5.29648707e-16  9.08423006e-16  3.17792341e-05
  -1.99455770e-06 -1.44052004e-08  8.39813296e-10]
 [ 9.77147410e-19 -1.36699052e-12 -2.31768385e-13  4.91599962e-11
  -2.00523918e-10 -5.33625280e-16  9.08423006e-16  3.18789628e-05
  -2.01606910e-06 -1.44189049e-08  8.42477838e-10]
 [ 9.70733464e-19 -1.37141767e-12 -2.31274442e-13  4.98910681e-11
  -2.01125573e-10 -5.33729552e-16  9.22391516e-16  3.19755868e-05
  -1.98812243e-06 -1.40766869e-08  8.32677132e-10]
 [ 9.97896166e-19 -1.37031520e-12 -2.31337709e-13  5.00184361e-11
  -1.95921953e-10 -5.43054063e-16  9.31144341e-16  3.10027528e-05
  -1.99145797e-06 -1.45868563e-08  8.32504123e-10]
 [ 1.01126831e-18 -1.37250905e-12 -2.33655626e-13  4.94735762e-11
  -1.94145805e-10 -5.40417638e-16  9.45112432e-16  3.14683773e-05
  -2.05892669e-06 -1.41951568e-08  8.58896340e-10]
 [ 1.01615194e-18 -1.36669418e-12 -2.29756599e-13  5.04494155e-11
  -1.97543918e-10 -5.39689845e-16  9.21663113e-16  3.13822728e-05
  -2.01363404e-06 -1.44195912e-08  8.21871231e-10]
 [ 1.00644311e-18 -1.36968934e-12 -2.33175478e-13  4.96162411e-11
  -1.94225786e-10 -5.38167814e-16  9.42418257e-16  3.13521800e-05
  -2.00633744e-06 -1.45868563e-08  8.30224854e-10]]

best fit vector:
[1.0064431122399763e-18, -1.3703151950330222e-12, -2.3206143148766376e-13, 5.0018436070112566e-11, -1.9592195271889848e-10, -5.425997814308795e-16, 9.381511463802335e-16, 3.125741338815092e-05, -1.9980348723572214e-06, -1.4586856332150807e-08, 8.345293357019647e-10]
error:    3.804156e+11    7.605618e+10