

MUTATION: 

RECEIVED FOR MUTATTION: [[ 9.91736936e-19 -1.36633458e-12 -2.29877605e-13  5.01666289e-11
  -1.91370796e-10 -5.70720996e-16  9.21950115e-16  3.20908445e-05
  -2.10395087e-06 -1.38256529e-08  8.64355292e-10]
 [ 9.91736936e-19 -1.36633458e-12 -2.29877605e-13  5.01666289e-11
  -1.91370796e-10 -5.70720996e-16  9.21950115e-16  3.20908445e-05
  -2.10395087e-06 -1.38256529e-08  8.64355292e-10]
 [ 9.91736936e-19 -1.36633458e-12 -2.29877605e-13  5.01666289e-11
  -1.91370796e-10 -5.70720996e-16  9.21950115e-16  3.20908445e-05
  -2.10395087e-06 -1.38256529e-08  8.64355292e-10]
 [ 9.91736936e-19 -1.36633458e-12 -2.29877605e-13  5.01666289e-11
  -1.91370796e-10 -5.70720996e-16  9.21950115e-16  3.20908445e-05
  -2.10395087e-06 -1.38256529e-08  8.64355292e-10]
 [ 9.91736936e-19 -1.36633458e-12 -2.29877605e-13  5.01666289e-11
  -1.91370796e-10 -5.70720996e-16  9.21950115e-16  3.20908445e-05
  -2.10395087e-06 -1.38256529e-08  8.64355292e-10]
 [ 9.91736936e-19 -1.36633458e-12 -2.29877605e-13  5.01666289e-11
  -1.91370796e-10 -5.70720996e-16  9.21950115e-16  3.20908445e-05
  -2.10395087e-06 -1.38256529e-08  8.64355292e-10]
 [ 9.91736936e-19 -1.36633458e-12 -2.29877605e-13  5.01666289e-11
  -1.91370796e-10 -5.70720996e-16  9.21950115e-16  3.20908445e-05
  -2.10395087e-06 -1.38256529e-08  8.64355292e-10]
 [ 9.91736936e-19 -1.36633458e-12 -2.29877605e-13  5.01666289e-11
  -1.91370796e-10 -5.70720996e-16  9.21950115e-16  3.20908445e-05
  -2.10395087e-06 -1.38256529e-08  8.64355292e-10]]

Mutated feature:[[ 9.91849692e-19 -1.36630360e-12 -2.29854756e-13  5.01606354e-11
  -1.91308081e-10 -5.70874934e-16  9.22341404e-16  3.20908445e-05
  -2.10411651e-06 -1.38252329e-08  8.64688706e-10]
 [ 9.92223309e-19 -1.36627872e-12 -2.29860357e-13  5.01713983e-11
  -1.91438605e-10 -5.70594548e-16  9.21950115e-16  3.20863134e-05
  -2.10468404e-06 -1.38256529e-08  8.64647335e-10]
 [ 9.91285492e-19 -1.36582134e-12 -2.29981794e-13  5.01585232e-11
  -1.91296739e-10 -5.70913206e-16  9.21640669e-16  3.20785355e-05
  -2.10395087e-06 -1.38210298e-08  8.64372506e-10]
 [ 9.91588512e-19 -1.36579901e-12 -2.29989130e-13  5.01552327e-11
  -1.91370193e-10 -5.70692982e-16  9.21953013e-16  3.20766287e-05
  -2.10395087e-06 -1.38211113e-08  8.64266022e-10]
 [ 9.91374873e-19 -1.36570419e-12 -2.29969835e-13  5.01529028e-11
  -1.91370796e-10 -5.70848036e-16  9.21950115e-16  3.20983484e-05
  -2.10346194e-06 -1.38256529e-08  8.63963826e-10]
 [ 9.91451490e-19 -1.36686804e-12 -2.29874800e-13  5.01818332e-11
  -1.91360800e-10 -5.70634117e-16  9.22019782e-16  3.20981924e-05
  -2.10308677e-06 -1.38322435e-08  8.64002343e-10]
 [ 9.92172513e-19 -1.36633458e-12 -2.29799673e-13  5.01663607e-11
  -1.91429457e-10 -5.70776243e-16  9.21839933e-16  3.20982041e-05
  -2.10334048e-06 -1.38203216e-08  8.64355292e-10]
 [ 9.91746621e-19 -1.36621969e-12 -2.29941989e-13  5.01419944e-11
  -1.91347718e-10 -5.70492633e-16  9.22233487e-16  3.20873676e-05
  -2.10426530e-06 -1.38310447e-08  8.64013458e-10]]



POPULATION: [[ 9.91736936e-19 -1.36633458e-12 -2.29877605e-13  5.01666289e-11
  -1.91370796e-10 -5.70720996e-16  9.21950115e-16  3.20908445e-05
  -2.10395087e-06 -1.38256529e-08  8.64355292e-10]
 [ 9.92223309e-19 -1.36627872e-12 -2.29860357e-13  5.01713983e-11
  -1.91438605e-10 -5.70594548e-16  9.21950115e-16  3.20863134e-05
  -2.10468404e-06 -1.38256529e-08  8.64647335e-10]
 [ 9.91285492e-19 -1.36582134e-12 -2.29981794e-13  5.01585232e-11
  -1.91296739e-10 -5.70913206e-16  9.21640669e-16  3.20785355e-05
  -2.10395087e-06 -1.38210298e-08  8.64372506e-10]
 [ 9.91588512e-19 -1.36579901e-12 -2.29989130e-13  5.01552327e-11
  -1.91370193e-10 -5.70692982e-16  9.21953013e-16  3.20766287e-05
  -2.10395087e-06 -1.38211113e-08  8.64266022e-10]
 [ 9.91374873e-19 -1.36570419e-12 -2.29969835e-13  5.01529028e-11
  -1.91370796e-10 -5.70848036e-16  9.21950115e-16  3.20983484e-05
  -2.10346194e-06 -1.38256529e-08  8.63963826e-10]
 [ 9.91451490e-19 -1.36686804e-12 -2.29874800e-13  5.01818332e-11
  -1.91360800e-10 -5.70634117e-16  9.22019782e-16  3.20981924e-05
  -2.10308677e-06 -1.38322435e-08  8.64002343e-10]
 [ 9.92172513e-19 -1.36633458e-12 -2.29799673e-13  5.01663607e-11
  -1.91429457e-10 -5.70776243e-16  9.21839933e-16  3.20982041e-05
  -2.10334048e-06 -1.38203216e-08  8.64355292e-10]
 [ 9.91746621e-19 -1.36621969e-12 -2.29941989e-13  5.01419944e-11
  -1.91347718e-10 -5.70492633e-16  9.22233487e-16  3.20873676e-05
  -2.10426530e-06 -1.38310447e-08  8.64013458e-10]]


sending vector for error: [ 9.91736936e-19 -1.36633458e-12 -2.29877605e-13  5.01666289e-11
 -1.91370796e-10 -5.70720996e-16  9.21950115e-16  3.20908445e-05
 -2.10395087e-06 -1.38256529e-08  8.64355292e-10]
received errors: 542965313895.243    136691674574.15788

sending vector for error: [ 9.92223309e-19 -1.36627872e-12 -2.29860357e-13  5.01713983e-11
 -1.91438605e-10 -5.70594548e-16  9.21950115e-16  3.20863134e-05
 -2.10468404e-06 -1.38256529e-08  8.64647335e-10]
received errors: 543488028379.63104    136501427160.42566

sending vector for error: [ 9.91285492e-19 -1.36582134e-12 -2.29981794e-13  5.01585232e-11
 -1.91296739e-10 -5.70913206e-16  9.21640669e-16  3.20785355e-05
 -2.10395087e-06 -1.38210298e-08  8.64372506e-10]
received errors: 542658808181.38477    136831488341.8577

sending vector for error: [ 9.91588512e-19 -1.36579901e-12 -2.29989130e-13  5.01552327e-11
 -1.91370193e-10 -5.70692982e-16  9.21953013e-16  3.20766287e-05
 -2.10395087e-06 -1.38211113e-08  8.64266022e-10]
received errors: 542915778540.56866    135583520361.52444

sending vector for error: [ 9.91374873e-19 -1.36570419e-12 -2.29969835e-13  5.01529028e-11
 -1.91370796e-10 -5.70848036e-16  9.21950115e-16  3.20983484e-05
 -2.10346194e-06 -1.38256529e-08  8.63963826e-10]
received errors: 543384554075.31213    135037575495.80095

sending vector for error: [ 9.91451490e-19 -1.36686804e-12 -2.29874800e-13  5.01818332e-11
 -1.91360800e-10 -5.70634117e-16  9.22019782e-16  3.20981924e-05
 -2.10308677e-06 -1.38322435e-08  8.64002343e-10]
received errors: 542127551663.9844    135649448147.1652

sending vector for error: [ 9.92172513e-19 -1.36633458e-12 -2.29799673e-13  5.01663607e-11
 -1.91429457e-10 -5.70776243e-16  9.21839933e-16  3.20982041e-05
 -2.10334048e-06 -1.38203216e-08  8.64355292e-10]
received errors: 542316028362.0845    141103799349.75165

sending vector for error: [ 9.91746621e-19 -1.36621969e-12 -2.29941989e-13  5.01419944e-11
 -1.91347718e-10 -5.70492633e-16  9.22233487e-16  3.20873676e-05
 -2.10426530e-06 -1.38310447e-08  8.64013458e-10]
received errors: 544414213768.8871    130632212050.0408


CROSSOVER:


	parent1 = [ 9.91736936e-19 -1.36633458e-12 -2.29877605e-13  5.01666289e-11
 -1.91370796e-10 -5.70720996e-16  9.21950115e-16  3.20908445e-05
 -2.10395087e-06 -1.38256529e-08  8.64355292e-10]
	parent2 = [ 9.91285492e-19 -1.36582134e-12 -2.29981794e-13  5.01585232e-11
 -1.91296739e-10 -5.70913206e-16  9.21640669e-16  3.20785355e-05
 -2.10395087e-06 -1.38210298e-08  8.64372506e-10]
	cutoff index = 9
	child 1 = [ 9.91736936e-19 -1.36633458e-12 -2.29877605e-13  5.01666289e-11
 -1.91370796e-10 -5.70720996e-16  9.21950115e-16  3.20908445e-05
 -2.10395087e-06 -1.38210298e-08  8.64372506e-10]
	child 2 = [ 9.91736936e-19 -1.36633458e-12 -2.29877605e-13  5.01666289e-11
 -1.91370796e-10 -5.70720996e-16  9.21950115e-16  3.20908445e-05
 -2.10395087e-06 -1.38256529e-08  8.64355292e-10]


CROSSOVER:


	parent1 = [ 9.91746621e-19 -1.36621969e-12 -2.29941989e-13  5.01419944e-11
 -1.91347718e-10 -5.70492633e-16  9.22233487e-16  3.20873676e-05
 -2.10426530e-06 -1.38310447e-08  8.64013458e-10]
	parent2 = [ 9.91451490e-19 -1.36686804e-12 -2.29874800e-13  5.01818332e-11
 -1.91360800e-10 -5.70634117e-16  9.22019782e-16  3.20981924e-05
 -2.10308677e-06 -1.38322435e-08  8.64002343e-10]
	cutoff index = 0
	child 1 = [ 9.91451490e-19 -1.36686804e-12 -2.29874800e-13  5.01818332e-11
 -1.91360800e-10 -5.70634117e-16  9.22019782e-16  3.20981924e-05
 -2.10308677e-06 -1.38322435e-08  8.64002343e-10]
	child 2 = [ 9.91746621e-19 -1.36621969e-12 -2.29941989e-13  5.01419944e-11
 -1.91347718e-10 -5.70492633e-16  9.22233487e-16  3.20873676e-05
 -2.10426530e-06 -1.38310447e-08  8.64013458e-10]


CROSSOVER:


	parent1 = [ 9.91451490e-19 -1.36686804e-12 -2.29874800e-13  5.01818332e-11
 -1.91360800e-10 -5.70634117e-16  9.22019782e-16  3.20981924e-05
 -2.10308677e-06 -1.38322435e-08  8.64002343e-10]
	parent2 = [ 9.91736936e-19 -1.36633458e-12 -2.29877605e-13  5.01666289e-11
 -1.91370796e-10 -5.70720996e-16  9.21950115e-16  3.20908445e-05
 -2.10395087e-06 -1.38256529e-08  8.64355292e-10]
	cutoff index = 10
	child 1 = [ 9.91451490e-19 -1.36686804e-12 -2.29874800e-13  5.01818332e-11
 -1.91360800e-10 -5.70634117e-16  9.22019782e-16  3.20981924e-05
 -2.10308677e-06 -1.38322435e-08  8.64355292e-10]
	child 2 = [ 9.91451490e-19 -1.36686804e-12 -2.29874800e-13  5.01818332e-11
 -1.91360800e-10 -5.70634117e-16  9.22019782e-16  3.20981924e-05
 -2.10308677e-06 -1.38322435e-08  8.64002343e-10]


CROSSOVER:


	parent1 = [ 9.91588512e-19 -1.36579901e-12 -2.29989130e-13  5.01552327e-11
 -1.91370193e-10 -5.70692982e-16  9.21953013e-16  3.20766287e-05
 -2.10395087e-06 -1.38211113e-08  8.64266022e-10]
	parent2 = [ 9.91746621e-19 -1.36621969e-12 -2.29941989e-13  5.01419944e-11
 -1.91347718e-10 -5.70492633e-16  9.22233487e-16  3.20873676e-05
 -2.10426530e-06 -1.38310447e-08  8.64013458e-10]
	cutoff index = 0
	child 1 = [ 9.91746621e-19 -1.36621969e-12 -2.29941989e-13  5.01419944e-11
 -1.91347718e-10 -5.70492633e-16  9.22233487e-16  3.20873676e-05
 -2.10426530e-06 -1.38310447e-08  8.64013458e-10]
	child 2 = [ 9.91588512e-19 -1.36579901e-12 -2.29989130e-13  5.01552327e-11
 -1.91370193e-10 -5.70692982e-16  9.21953013e-16  3.20766287e-05
 -2.10395087e-06 -1.38211113e-08  8.64266022e-10]


MUTATION: 

RECEIVED FOR MUTATTION: [[ 9.91736936e-19 -1.36633458e-12 -2.29877605e-13  5.01666289e-11
  -1.91370796e-10 -5.70720996e-16  9.21950115e-16  3.20908445e-05
  -2.10395087e-06 -1.38210298e-08  8.64372506e-10]
 [ 9.91451490e-19 -1.36686804e-12 -2.29874800e-13  5.01818332e-11
  -1.91360800e-10 -5.70634117e-16  9.22019782e-16  3.20981924e-05
  -2.10308677e-06 -1.38322435e-08  8.64355292e-10]
 [ 9.91451490e-19 -1.36686804e-12 -2.29874800e-13  5.01818332e-11
  -1.91360800e-10 -5.70634117e-16  9.22019782e-16  3.20981924e-05
  -2.10308677e-06 -1.38322435e-08  8.64002343e-10]
 [ 9.91746621e-19 -1.36621969e-12 -2.29941989e-13  5.01419944e-11
  -1.91347718e-10 -5.70492633e-16  9.22233487e-16  3.20873676e-05
  -2.10426530e-06 -1.38310447e-08  8.64013458e-10]
 [ 9.91451490e-19 -1.36686804e-12 -2.29874800e-13  5.01818332e-11
  -1.91360800e-10 -5.70634117e-16  9.22019782e-16  3.20981924e-05
  -2.10308677e-06 -1.38322435e-08  8.64355292e-10]
 [ 9.91451490e-19 -1.36686804e-12 -2.29874800e-13  5.01818332e-11
  -1.91360800e-10 -5.70634117e-16  9.22019782e-16  3.20981924e-05
  -2.10308677e-06 -1.38322435e-08  8.64002343e-10]
 [ 9.91746621e-19 -1.36621969e-12 -2.29941989e-13  5.01419944e-11
  -1.91347718e-10 -5.70492633e-16  9.22233487e-16  3.20873676e-05
  -2.10426530e-06 -1.38310447e-08  8.64013458e-10]
 [ 9.91588512e-19 -1.36579901e-12 -2.29989130e-13  5.01552327e-11
  -1.91370193e-10 -5.70692982e-16  9.21953013e-16  3.20766287e-05
  -2.10395087e-06 -1.38211113e-08  8.64266022e-10]]

Mutated feature:[[ 9.91736936e-19 -1.36587509e-12 -2.29877605e-13  5.01666289e-11
  -1.91426352e-10 -5.70961629e-16  9.21839468e-16  3.20798057e-05
  -2.10395087e-06 -1.38195863e-08  8.64372506e-10]
 [ 9.91451490e-19 -1.36704250e-12 -2.29874800e-13  5.01790031e-11
  -1.91271632e-10 -5.70640305e-16  9.22019782e-16  3.20981924e-05
  -2.10315372e-06 -1.38365156e-08  8.64049049e-10]
 [ 9.91829506e-19 -1.36686804e-12 -2.29805119e-13  5.01760867e-11
  -1.91360800e-10 -5.70563066e-16  9.21980163e-16  3.20864478e-05
  -2.10231235e-06 -1.38322435e-08  8.63615963e-10]
 [ 9.91317494e-19 -1.36558912e-12 -2.29911129e-13  5.01321192e-11
  -1.91347718e-10 -5.70492633e-16  9.22233487e-16  3.20900025e-05
  -2.10426530e-06 -1.38348026e-08  8.63953232e-10]
 [ 9.91451490e-19 -1.36686804e-12 -2.29970086e-13  5.01916641e-11
  -1.91357229e-10 -5.70662158e-16  9.22139425e-16  3.20826922e-05
  -2.10225288e-06 -1.38373762e-08  8.64355292e-10]
 [ 9.91155864e-19 -1.36686804e-12 -2.29854902e-13  5.01665705e-11
  -1.91447701e-10 -5.70592437e-16  9.21996519e-16  3.20926915e-05
  -2.10308677e-06 -1.38356262e-08  8.64049650e-10]
 [ 9.91746621e-19 -1.36573943e-12 -2.29992189e-13  5.01456166e-11
  -1.91261012e-10 -5.70681608e-16  9.22233487e-16  3.20946453e-05
  -2.10357336e-06 -1.38310447e-08  8.64356977e-10]
 [ 9.91588512e-19 -1.36628438e-12 -2.29989130e-13  5.01745041e-11
  -1.91370193e-10 -5.70568306e-16  9.21900126e-16  3.20659539e-05
  -2.10462585e-06 -1.38249030e-08  8.64513047e-10]]


sending vector for error: [ 9.91736936e-19 -1.36587509e-12 -2.29877605e-13  5.01666289e-11
 -1.91426352e-10 -5.70961629e-16  9.21839468e-16  3.20798057e-05
 -2.10395087e-06 -1.38195863e-08  8.64372506e-10]
received errors: 542782299574.8434    137227935401.44034

sending vector for error: [ 9.91451490e-19 -1.36704250e-12 -2.29874800e-13  5.01790031e-11
 -1.91271632e-10 -5.70640305e-16  9.22019782e-16  3.20981924e-05
 -2.10315372e-06 -1.38365156e-08  8.64049049e-10]
received errors: 541912858941.5988    134973654662.55461

sending vector for error: [ 9.91829506e-19 -1.36686804e-12 -2.29805119e-13  5.01760867e-11
 -1.91360800e-10 -5.70563066e-16  9.21980163e-16  3.20864478e-05
 -2.10231235e-06 -1.38322435e-08  8.63615963e-10]
received errors: 541189857127.75085    133790312018.62004

sending vector for error: [ 9.91317494e-19 -1.36558912e-12 -2.29911129e-13  5.01321192e-11
 -1.91347718e-10 -5.70492633e-16  9.22233487e-16  3.20900025e-05
 -2.10426530e-06 -1.38348026e-08  8.63953232e-10]
received errors: 544569466446.04944    129515420492.39404

sending vector for error: [ 9.91451490e-19 -1.36686804e-12 -2.29970086e-13  5.01916641e-11
 -1.91357229e-10 -5.70662158e-16  9.22139425e-16  3.20826922e-05
 -2.10225288e-06 -1.38373762e-08  8.64355292e-10]
received errors: 538501449937.9004    140763363096.55264

sending vector for error: [ 9.91155864e-19 -1.36686804e-12 -2.29854902e-13  5.01665705e-11
 -1.91447701e-10 -5.70592437e-16  9.21996519e-16  3.20926915e-05
 -2.10308677e-06 -1.38356262e-08  8.64049650e-10]
received errors: 541601111188.00214    135025854759.24821

sending vector for error: [ 9.91746621e-19 -1.36573943e-12 -2.29992189e-13  5.01456166e-11
 -1.91261012e-10 -5.70681608e-16  9.22233487e-16  3.20946453e-05
 -2.10357336e-06 -1.38310447e-08  8.64356977e-10]
received errors: 542030053390.5331    137446996161.59622

sending vector for error: [ 9.91588512e-19 -1.36628438e-12 -2.29989130e-13  5.01745041e-11
 -1.91370193e-10 -5.70568306e-16  9.21900126e-16  3.20659539e-05
 -2.10462585e-06 -1.38249030e-08  8.64513047e-10]
received errors: 543047630436.47723    133928689207.73076


CROSSOVER:


	parent1 = [ 9.91155864e-19 -1.36686804e-12 -2.29854902e-13  5.01665705e-11
 -1.91447701e-10 -5.70592437e-16  9.21996519e-16  3.20926915e-05
 -2.10308677e-06 -1.38356262e-08  8.64049650e-10]
	parent2 = [ 9.91451490e-19 -1.36704250e-12 -2.29874800e-13  5.01790031e-11
 -1.91271632e-10 -5.70640305e-16  9.22019782e-16  3.20981924e-05
 -2.10315372e-06 -1.38365156e-08  8.64049049e-10]
	cutoff index = 0
	child 1 = [ 9.91451490e-19 -1.36704250e-12 -2.29874800e-13  5.01790031e-11
 -1.91271632e-10 -5.70640305e-16  9.22019782e-16  3.20981924e-05
 -2.10315372e-06 -1.38365156e-08  8.64049049e-10]
	child 2 = [ 9.91155864e-19 -1.36686804e-12 -2.29854902e-13  5.01665705e-11
 -1.91447701e-10 -5.70592437e-16  9.21996519e-16  3.20926915e-05
 -2.10308677e-06 -1.38356262e-08  8.64049650e-10]


CROSSOVER:


	parent1 = [ 9.91588512e-19 -1.36628438e-12 -2.29989130e-13  5.01745041e-11
 -1.91370193e-10 -5.70568306e-16  9.21900126e-16  3.20659539e-05
 -2.10462585e-06 -1.38249030e-08  8.64513047e-10]
	parent2 = [ 9.91155864e-19 -1.36686804e-12 -2.29854902e-13  5.01665705e-11
 -1.91447701e-10 -5.70592437e-16  9.21996519e-16  3.20926915e-05
 -2.10308677e-06 -1.38356262e-08  8.64049650e-10]
	cutoff index = 2
	child 1 = [ 9.91588512e-19 -1.36628438e-12 -2.29854902e-13  5.01665705e-11
 -1.91447701e-10 -5.70592437e-16  9.21996519e-16  3.20926915e-05
 -2.10308677e-06 -1.38356262e-08  8.64049650e-10]
	child 2 = [ 9.91588512e-19 -1.36628438e-12 -2.29989130e-13  5.01745041e-11
 -1.91370193e-10 -5.70568306e-16  9.21900126e-16  3.20659539e-05
 -2.10462585e-06 -1.38249030e-08  8.64513047e-10]


CROSSOVER:


	parent1 = [ 9.91451490e-19 -1.36686804e-12 -2.29970086e-13  5.01916641e-11
 -1.91357229e-10 -5.70662158e-16  9.22139425e-16  3.20826922e-05
 -2.10225288e-06 -1.38373762e-08  8.64355292e-10]
	parent2 = [ 9.91451490e-19 -1.36686804e-12 -2.29970086e-13  5.01916641e-11
 -1.91357229e-10 -5.70662158e-16  9.22139425e-16  3.20826922e-05
 -2.10225288e-06 -1.38373762e-08  8.64355292e-10]
	cutoff index = 7
	child 1 = [ 9.91451490e-19 -1.36686804e-12 -2.29970086e-13  5.01916641e-11
 -1.91357229e-10 -5.70662158e-16  9.22139425e-16  3.20826922e-05
 -2.10225288e-06 -1.38373762e-08  8.64355292e-10]
	child 2 = [ 9.91451490e-19 -1.36686804e-12 -2.29970086e-13  5.01916641e-11
 -1.91357229e-10 -5.70662158e-16  9.22139425e-16  3.20826922e-05
 -2.10225288e-06 -1.38373762e-08  8.64355292e-10]


CROSSOVER:


	parent1 = [ 9.91829506e-19 -1.36686804e-12 -2.29805119e-13  5.01760867e-11
 -1.91360800e-10 -5.70563066e-16  9.21980163e-16  3.20864478e-05
 -2.10231235e-06 -1.38322435e-08  8.63615963e-10]
	parent2 = [ 9.91829506e-19 -1.36686804e-12 -2.29805119e-13  5.01760867e-11
 -1.91360800e-10 -5.70563066e-16  9.21980163e-16  3.20864478e-05
 -2.10231235e-06 -1.38322435e-08  8.63615963e-10]
	cutoff index = 4
	child 1 = [ 9.91829506e-19 -1.36686804e-12 -2.29805119e-13  5.01760867e-11
 -1.91360800e-10 -5.70563066e-16  9.21980163e-16  3.20864478e-05
 -2.10231235e-06 -1.38322435e-08  8.63615963e-10]
	child 2 = [ 9.91829506e-19 -1.36686804e-12 -2.29805119e-13  5.01760867e-11
 -1.91360800e-10 -5.70563066e-16  9.21980163e-16  3.20864478e-05
 -2.10231235e-06 -1.38322435e-08  8.63615963e-10]


MUTATION: 

RECEIVED FOR MUTATTION: [[ 9.91451490e-19 -1.36704250e-12 -2.29874800e-13  5.01790031e-11
  -1.91271632e-10 -5.70640305e-16  9.22019782e-16  3.20981924e-05
  -2.10315372e-06 -1.38365156e-08  8.64049049e-10]
 [ 9.91588512e-19 -1.36628438e-12 -2.29854902e-13  5.01665705e-11
  -1.91447701e-10 -5.70592437e-16  9.21996519e-16  3.20926915e-05
  -2.10308677e-06 -1.38356262e-08  8.64049650e-10]
 [ 9.91588512e-19 -1.36628438e-12 -2.29854902e-13  5.01665705e-11
  -1.91447701e-10 -5.70592437e-16  9.21996519e-16  3.20926915e-05
  -2.10308677e-06 -1.38356262e-08  8.64049650e-10]
 [ 9.91588512e-19 -1.36628438e-12 -2.29989130e-13  5.01745041e-11
  -1.91370193e-10 -5.70568306e-16  9.21900126e-16  3.20659539e-05
  -2.10462585e-06 -1.38249030e-08  8.64513047e-10]
 [ 9.91451490e-19 -1.36686804e-12 -2.29970086e-13  5.01916641e-11
  -1.91357229e-10 -5.70662158e-16  9.22139425e-16  3.20826922e-05
  -2.10225288e-06 -1.38373762e-08  8.64355292e-10]
 [ 9.91451490e-19 -1.36686804e-12 -2.29970086e-13  5.01916641e-11
  -1.91357229e-10 -5.70662158e-16  9.22139425e-16  3.20826922e-05
  -2.10225288e-06 -1.38373762e-08  8.64355292e-10]
 [ 9.91829506e-19 -1.36686804e-12 -2.29805119e-13  5.01760867e-11
  -1.91360800e-10 -5.70563066e-16  9.21980163e-16  3.20864478e-05
  -2.10231235e-06 -1.38322435e-08  8.63615963e-10]
 [ 9.91829506e-19 -1.36686804e-12 -2.29805119e-13  5.01760867e-11
  -1.91360800e-10 -5.70563066e-16  9.21980163e-16  3.20864478e-05
  -2.10231235e-06 -1.38322435e-08  8.63615963e-10]]

Mutated feature:[[ 9.91640999e-19 -1.36704250e-12 -2.29985389e-13  5.01808362e-11
  -1.91226724e-10 -5.70572846e-16  9.21960747e-16  3.21042703e-05
  -2.10210828e-06 -1.38365156e-08  8.64049049e-10]
 [ 9.91387103e-19 -1.36633090e-12 -2.29959549e-13  5.01665705e-11
  -1.91525900e-10 -5.70604558e-16  9.21873232e-16  3.20926915e-05
  -2.10308677e-06 -1.38313903e-08  8.64018394e-10]
 [ 9.91263089e-19 -1.36628438e-12 -2.29923785e-13  5.01665705e-11
  -1.91437535e-10 -5.70835120e-16  9.21693683e-16  3.20830721e-05
  -2.10226618e-06 -1.38356262e-08  8.63747943e-10]
 [ 9.91910911e-19 -1.36644163e-12 -2.30068349e-13  5.01956554e-11
  -1.91406140e-10 -5.70665090e-16  9.21928974e-16  3.20580298e-05
  -2.10524097e-06 -1.38237894e-08  8.64693159e-10]
 [ 9.91718101e-19 -1.36675439e-12 -2.29889674e-13  5.01936308e-11
  -1.91382463e-10 -5.70908016e-16  9.22489965e-16  3.20826922e-05
  -2.10273929e-06 -1.38425740e-08  8.64084351e-10]
 [ 9.91346208e-19 -1.36692726e-12 -2.30002312e-13  5.02086535e-11
  -1.91406222e-10 -5.70528997e-16  9.22161828e-16  3.20764632e-05
  -2.10245057e-06 -1.38388712e-08  8.64676763e-10]
 [ 9.91577315e-19 -1.36678536e-12 -2.29780862e-13  5.01726670e-11
  -1.91360800e-10 -5.70809288e-16  9.22005528e-16  3.21021975e-05
  -2.10231235e-06 -1.38342140e-08  8.63238438e-10]
 [ 9.92117074e-19 -1.36686804e-12 -2.29766610e-13  5.01547046e-11
  -1.91268292e-10 -5.70453752e-16  9.21940415e-16  3.20935829e-05
  -2.10336294e-06 -1.38274857e-08  8.63629848e-10]]


sending vector for error: [ 9.91640999e-19 -1.36704250e-12 -2.29985389e-13  5.01808362e-11
 -1.91226724e-10 -5.70572846e-16  9.21960747e-16  3.21042703e-05
 -2.10210828e-06 -1.38365156e-08  8.64049049e-10]
received errors: 539989549770.54376    139941180923.2263

sending vector for error: [ 9.91387103e-19 -1.36633090e-12 -2.29959549e-13  5.01665705e-11
 -1.91525900e-10 -5.70604558e-16  9.21873232e-16  3.20926915e-05
 -2.10308677e-06 -1.38313903e-08  8.64018394e-10]
received errors: 541910006975.0792    135579329401.69809

sending vector for error: [ 9.91263089e-19 -1.36628438e-12 -2.29923785e-13  5.01665705e-11
 -1.91437535e-10 -5.70835120e-16  9.21693683e-16  3.20830721e-05
 -2.10226618e-06 -1.38356262e-08  8.63747943e-10]
received errors: 540365680621.2858    134329152841.64578

sending vector for error: [ 9.91910911e-19 -1.36644163e-12 -2.30068349e-13  5.01956554e-11
 -1.91406140e-10 -5.70665090e-16  9.21928974e-16  3.20580298e-05
 -2.10524097e-06 -1.38237894e-08  8.64693159e-10]
received errors: 543607453584.3239    133005532504.6708

sending vector for error: [ 9.91718101e-19 -1.36675439e-12 -2.29889674e-13  5.01936308e-11
 -1.91382463e-10 -5.70908016e-16  9.22489965e-16  3.20826922e-05
 -2.10273929e-06 -1.38425740e-08  8.64084351e-10]
received errors: 539991551514.8123    134486270930.83

sending vector for error: [ 9.91346208e-19 -1.36692726e-12 -2.30002312e-13  5.02086535e-11
 -1.91406222e-10 -5.70528997e-16  9.22161828e-16  3.20764632e-05
 -2.10245057e-06 -1.38388712e-08  8.64676763e-10]
received errors: 537721798147.2031    142790455936.86517

sending vector for error: [ 9.91577315e-19 -1.36678536e-12 -2.29780862e-13  5.01726670e-11
 -1.91360800e-10 -5.70809288e-16  9.22005528e-16  3.21021975e-05
 -2.10231235e-06 -1.38342140e-08  8.63238438e-10]
received errors: 542908955024.7215    130611069353.82764

sending vector for error: [ 9.92117074e-19 -1.36686804e-12 -2.29766610e-13  5.01547046e-11
 -1.91268292e-10 -5.70453752e-16  9.21940415e-16  3.20935829e-05
 -2.10336294e-06 -1.38274857e-08  8.63629848e-10]
received errors: 544005830760.603    131351583559.51108


CROSSOVER:


	parent1 = [ 9.91263089e-19 -1.36628438e-12 -2.29923785e-13  5.01665705e-11
 -1.91437535e-10 -5.70835120e-16  9.21693683e-16  3.20830721e-05
 -2.10226618e-06 -1.38356262e-08  8.63747943e-10]
	parent2 = [ 9.91718101e-19 -1.36675439e-12 -2.29889674e-13  5.01936308e-11
 -1.91382463e-10 -5.70908016e-16  9.22489965e-16  3.20826922e-05
 -2.10273929e-06 -1.38425740e-08  8.64084351e-10]
	cutoff index = 6
	child 1 = [ 9.91263089e-19 -1.36628438e-12 -2.29923785e-13  5.01665705e-11
 -1.91437535e-10 -5.70835120e-16  9.22489965e-16  3.20826922e-05
 -2.10273929e-06 -1.38425740e-08  8.64084351e-10]
	child 2 = [ 9.91263089e-19 -1.36628438e-12 -2.29923785e-13  5.01665705e-11
 -1.91437535e-10 -5.70835120e-16  9.21693683e-16  3.20830721e-05
 -2.10226618e-06 -1.38356262e-08  8.63747943e-10]


CROSSOVER:


	parent1 = [ 9.91263089e-19 -1.36628438e-12 -2.29923785e-13  5.01665705e-11
 -1.91437535e-10 -5.70835120e-16  9.22489965e-16  3.20826922e-05
 -2.10273929e-06 -1.38425740e-08  8.64084351e-10]
	parent2 = [ 9.91263089e-19 -1.36628438e-12 -2.29923785e-13  5.01665705e-11
 -1.91437535e-10 -5.70835120e-16  9.21693683e-16  3.20830721e-05
 -2.10226618e-06 -1.38356262e-08  8.63747943e-10]
	cutoff index = 4
	child 1 = [ 9.91263089e-19 -1.36628438e-12 -2.29923785e-13  5.01665705e-11
 -1.91437535e-10 -5.70835120e-16  9.21693683e-16  3.20830721e-05
 -2.10226618e-06 -1.38356262e-08  8.63747943e-10]
	child 2 = [ 9.91263089e-19 -1.36628438e-12 -2.29923785e-13  5.01665705e-11
 -1.91437535e-10 -5.70835120e-16  9.22489965e-16  3.20826922e-05
 -2.10273929e-06 -1.38425740e-08  8.64084351e-10]


CROSSOVER:


	parent1 = [ 9.91640999e-19 -1.36704250e-12 -2.29985389e-13  5.01808362e-11
 -1.91226724e-10 -5.70572846e-16  9.21960747e-16  3.21042703e-05
 -2.10210828e-06 -1.38365156e-08  8.64049049e-10]
	parent2 = [ 9.91640999e-19 -1.36704250e-12 -2.29985389e-13  5.01808362e-11
 -1.91226724e-10 -5.70572846e-16  9.21960747e-16  3.21042703e-05
 -2.10210828e-06 -1.38365156e-08  8.64049049e-10]
	cutoff index = 5
	child 1 = [ 9.91640999e-19 -1.36704250e-12 -2.29985389e-13  5.01808362e-11
 -1.91226724e-10 -5.70572846e-16  9.21960747e-16  3.21042703e-05
 -2.10210828e-06 -1.38365156e-08  8.64049049e-10]
	child 2 = [ 9.91640999e-19 -1.36704250e-12 -2.29985389e-13  5.01808362e-11
 -1.91226724e-10 -5.70572846e-16  9.21960747e-16  3.21042703e-05
 -2.10210828e-06 -1.38365156e-08  8.64049049e-10]


CROSSOVER:


	parent1 = [ 9.91263089e-19 -1.36628438e-12 -2.29923785e-13  5.01665705e-11
 -1.91437535e-10 -5.70835120e-16  9.21693683e-16  3.20830721e-05
 -2.10226618e-06 -1.38356262e-08  8.63747943e-10]
	parent2 = [ 9.91346208e-19 -1.36692726e-12 -2.30002312e-13  5.02086535e-11
 -1.91406222e-10 -5.70528997e-16  9.22161828e-16  3.20764632e-05
 -2.10245057e-06 -1.38388712e-08  8.64676763e-10]
	cutoff index = 10
	child 1 = [ 9.91263089e-19 -1.36628438e-12 -2.29923785e-13  5.01665705e-11
 -1.91437535e-10 -5.70835120e-16  9.21693683e-16  3.20830721e-05
 -2.10226618e-06 -1.38356262e-08  8.64676763e-10]
	child 2 = [ 9.91263089e-19 -1.36628438e-12 -2.29923785e-13  5.01665705e-11
 -1.91437535e-10 -5.70835120e-16  9.21693683e-16  3.20830721e-05
 -2.10226618e-06 -1.38356262e-08  8.63747943e-10]


MUTATION: 

RECEIVED FOR MUTATTION: [[ 9.91263089e-19 -1.36628438e-12 -2.29923785e-13  5.01665705e-11
  -1.91437535e-10 -5.70835120e-16  9.22489965e-16  3.20826922e-05
  -2.10273929e-06 -1.38425740e-08  8.64084351e-10]
 [ 9.91263089e-19 -1.36628438e-12 -2.29923785e-13  5.01665705e-11
  -1.91437535e-10 -5.70835120e-16  9.21693683e-16  3.20830721e-05
  -2.10226618e-06 -1.38356262e-08  8.63747943e-10]
 [ 9.91263089e-19 -1.36628438e-12 -2.29923785e-13  5.01665705e-11
  -1.91437535e-10 -5.70835120e-16  9.21693683e-16  3.20830721e-05
  -2.10226618e-06 -1.38356262e-08  8.63747943e-10]
 [ 9.91263089e-19 -1.36628438e-12 -2.29923785e-13  5.01665705e-11
  -1.91437535e-10 -5.70835120e-16  9.22489965e-16  3.20826922e-05
  -2.10273929e-06 -1.38425740e-08  8.64084351e-10]
 [ 9.91640999e-19 -1.36704250e-12 -2.29985389e-13  5.01808362e-11
  -1.91226724e-10 -5.70572846e-16  9.21960747e-16  3.21042703e-05
  -2.10210828e-06 -1.38365156e-08  8.64049049e-10]
 [ 9.91640999e-19 -1.36704250e-12 -2.29985389e-13  5.01808362e-11
  -1.91226724e-10 -5.70572846e-16  9.21960747e-16  3.21042703e-05
  -2.10210828e-06 -1.38365156e-08  8.64049049e-10]
 [ 9.91263089e-19 -1.36628438e-12 -2.29923785e-13  5.01665705e-11
  -1.91437535e-10 -5.70835120e-16  9.21693683e-16  3.20830721e-05
  -2.10226618e-06 -1.38356262e-08  8.64676763e-10]
 [ 9.91263089e-19 -1.36628438e-12 -2.29923785e-13  5.01665705e-11
  -1.91437535e-10 -5.70835120e-16  9.21693683e-16  3.20830721e-05
  -2.10226618e-06 -1.38356262e-08  8.63747943e-10]]

Mutated feature:[[ 9.91307250e-19 -1.36572986e-12 -2.29925440e-13  5.01665705e-11
  -1.91462093e-10 -5.71109020e-16  9.22794599e-16  3.20826922e-05
  -2.10240900e-06 -1.38451427e-08  8.64354302e-10]
 [ 9.90906269e-19 -1.36593656e-12 -2.29923785e-13  5.01813702e-11
  -1.91453444e-10 -5.70860374e-16  9.21477606e-16  3.20830721e-05
  -2.10154963e-06 -1.38356262e-08  8.63484876e-10]
 [ 9.91718278e-19 -1.36668325e-12 -2.29959886e-13  5.01890655e-11
  -1.91392635e-10 -5.70732239e-16  9.21860146e-16  3.20824680e-05
  -2.10234641e-06 -1.38356262e-08  8.63852814e-10]
 [ 9.91081694e-19 -1.36649871e-12 -2.29923785e-13  5.01694495e-11
  -1.91413065e-10 -5.70835120e-16  9.22489965e-16  3.20773317e-05
  -2.10172207e-06 -1.38457577e-08  8.64084351e-10]
 [ 9.91317354e-19 -1.36703285e-12 -2.29899213e-13  5.01947796e-11
  -1.91255501e-10 -5.70441402e-16  9.22254957e-16  3.20989399e-05
  -2.10178209e-06 -1.38309316e-08  8.64152537e-10]
 [ 9.91640999e-19 -1.36704250e-12 -2.30044750e-13  5.01808362e-11
  -1.91181616e-10 -5.70480220e-16  9.21885099e-16  3.20958896e-05
  -2.10311692e-06 -1.38358553e-08  8.64049049e-10]
 [ 9.91279768e-19 -1.36645947e-12 -2.29946907e-13  5.01665705e-11
  -1.91496042e-10 -5.71078897e-16  9.21268654e-16  3.20740742e-05
  -2.10226618e-06 -1.38341861e-08  8.64609142e-10]
 [ 9.91550363e-19 -1.36605291e-12 -2.30024501e-13  5.01885837e-11
  -1.91464857e-10 -5.70703685e-16  9.21865282e-16  3.20918676e-05
  -2.10324072e-06 -1.38356262e-08  8.63893672e-10]]


sending vector for error: [ 9.91307250e-19 -1.36572986e-12 -2.29925440e-13  5.01665705e-11
 -1.91462093e-10 -5.71109020e-16  9.22794599e-16  3.20826922e-05
 -2.10240900e-06 -1.38451427e-08  8.64354302e-10]
received errors: 538341796712.5822    138186391362.95984

sending vector for error: [ 9.90906269e-19 -1.36593656e-12 -2.29923785e-13  5.01813702e-11
 -1.91453444e-10 -5.70860374e-16  9.21477606e-16  3.20830721e-05
 -2.10154963e-06 -1.38356262e-08  8.63484876e-10]
received errors: 539618323084.16876    134431078735.04427

sending vector for error: [ 9.91718278e-19 -1.36668325e-12 -2.29959886e-13  5.01890655e-11
 -1.91392635e-10 -5.70732239e-16  9.21860146e-16  3.20824680e-05
 -2.10234641e-06 -1.38356262e-08  8.63852814e-10]
received errors: 540198733933.6826    135104170178.37753

sending vector for error: [ 9.91081694e-19 -1.36649871e-12 -2.29923785e-13  5.01694495e-11
 -1.91413065e-10 -5.70835120e-16  9.22489965e-16  3.20773317e-05
 -2.10172207e-06 -1.38457577e-08  8.64084351e-10]
received errors: 537455077508.04364    137623776913.4748

sending vector for error: [ 9.91317354e-19 -1.36703285e-12 -2.29899213e-13  5.01947796e-11
 -1.91255501e-10 -5.70441402e-16  9.22254957e-16  3.20989399e-05
 -2.10178209e-06 -1.38309316e-08  8.64152537e-10]
received errors: 539228507793.3297    143526548572.72787

sending vector for error: [ 9.91640999e-19 -1.36704250e-12 -2.30044750e-13  5.01808362e-11
 -1.91181616e-10 -5.70480220e-16  9.21885099e-16  3.20958896e-05
 -2.10311692e-06 -1.38358553e-08  8.64049049e-10]
received errors: 541786538112.48065    135130524671.32336

sending vector for error: [ 9.91279768e-19 -1.36645947e-12 -2.29946907e-13  5.01665705e-11
 -1.91496042e-10 -5.71078897e-16  9.21268654e-16  3.20740742e-05
 -2.10226618e-06 -1.38341861e-08  8.64609142e-10]
received errors: 537687008064.55    143549440591.12433

sending vector for error: [ 9.91550363e-19 -1.36605291e-12 -2.30024501e-13  5.01885837e-11
 -1.91464857e-10 -5.70703685e-16  9.21865282e-16  3.20918676e-05
 -2.10324072e-06 -1.38356262e-08  8.63893672e-10]
received errors: 542403330061.10205    132684867870.56287


CROSSOVER:


	parent1 = [ 9.91307250e-19 -1.36572986e-12 -2.29925440e-13  5.01665705e-11
 -1.91462093e-10 -5.71109020e-16  9.22794599e-16  3.20826922e-05
 -2.10240900e-06 -1.38451427e-08  8.64354302e-10]
	parent2 = [ 9.91081694e-19 -1.36649871e-12 -2.29923785e-13  5.01694495e-11
 -1.91413065e-10 -5.70835120e-16  9.22489965e-16  3.20773317e-05
 -2.10172207e-06 -1.38457577e-08  8.64084351e-10]
	cutoff index = 9
	child 1 = [ 9.91307250e-19 -1.36572986e-12 -2.29925440e-13  5.01665705e-11
 -1.91462093e-10 -5.71109020e-16  9.22794599e-16  3.20826922e-05
 -2.10240900e-06 -1.38457577e-08  8.64084351e-10]
	child 2 = [ 9.91307250e-19 -1.36572986e-12 -2.29925440e-13  5.01665705e-11
 -1.91462093e-10 -5.71109020e-16  9.22794599e-16  3.20826922e-05
 -2.10240900e-06 -1.38451427e-08  8.64354302e-10]


CROSSOVER:


	parent1 = [ 9.91718278e-19 -1.36668325e-12 -2.29959886e-13  5.01890655e-11
 -1.91392635e-10 -5.70732239e-16  9.21860146e-16  3.20824680e-05
 -2.10234641e-06 -1.38356262e-08  8.63852814e-10]
	parent2 = [ 9.90906269e-19 -1.36593656e-12 -2.29923785e-13  5.01813702e-11
 -1.91453444e-10 -5.70860374e-16  9.21477606e-16  3.20830721e-05
 -2.10154963e-06 -1.38356262e-08  8.63484876e-10]
	cutoff index = 4
	child 1 = [ 9.91718278e-19 -1.36668325e-12 -2.29959886e-13  5.01890655e-11
 -1.91453444e-10 -5.70860374e-16  9.21477606e-16  3.20830721e-05
 -2.10154963e-06 -1.38356262e-08  8.63484876e-10]
	child 2 = [ 9.91718278e-19 -1.36668325e-12 -2.29959886e-13  5.01890655e-11
 -1.91392635e-10 -5.70732239e-16  9.21860146e-16  3.20824680e-05
 -2.10234641e-06 -1.38356262e-08  8.63852814e-10]


CROSSOVER:


	parent1 = [ 9.91718278e-19 -1.36668325e-12 -2.29959886e-13  5.01890655e-11
 -1.91392635e-10 -5.70732239e-16  9.21860146e-16  3.20824680e-05
 -2.10234641e-06 -1.38356262e-08  8.63852814e-10]
	parent2 = [ 9.91307250e-19 -1.36572986e-12 -2.29925440e-13  5.01665705e-11
 -1.91462093e-10 -5.71109020e-16  9.22794599e-16  3.20826922e-05
 -2.10240900e-06 -1.38457577e-08  8.64084351e-10]
	cutoff index = 2
	child 1 = [ 9.91718278e-19 -1.36668325e-12 -2.29925440e-13  5.01665705e-11
 -1.91462093e-10 -5.71109020e-16  9.22794599e-16  3.20826922e-05
 -2.10240900e-06 -1.38457577e-08  8.64084351e-10]
	child 2 = [ 9.91718278e-19 -1.36668325e-12 -2.29959886e-13  5.01890655e-11
 -1.91392635e-10 -5.70732239e-16  9.21860146e-16  3.20824680e-05
 -2.10234641e-06 -1.38356262e-08  8.63852814e-10]


CROSSOVER:


	parent1 = [ 9.91718278e-19 -1.36668325e-12 -2.29959886e-13  5.01890655e-11
 -1.91392635e-10 -5.70732239e-16  9.21860146e-16  3.20824680e-05
 -2.10234641e-06 -1.38356262e-08  8.63852814e-10]
	parent2 = [ 9.91718278e-19 -1.36668325e-12 -2.29925440e-13  5.01665705e-11
 -1.91462093e-10 -5.71109020e-16  9.22794599e-16  3.20826922e-05
 -2.10240900e-06 -1.38457577e-08  8.64084351e-10]
	cutoff index = 5
	child 1 = [ 9.91718278e-19 -1.36668325e-12 -2.29959886e-13  5.01890655e-11
 -1.91392635e-10 -5.71109020e-16  9.22794599e-16  3.20826922e-05
 -2.10240900e-06 -1.38457577e-08  8.64084351e-10]
	child 2 = [ 9.91718278e-19 -1.36668325e-12 -2.29959886e-13  5.01890655e-11
 -1.91392635e-10 -5.70732239e-16  9.21860146e-16  3.20824680e-05
 -2.10234641e-06 -1.38356262e-08  8.63852814e-10]


MUTATION: 

RECEIVED FOR MUTATTION: [[ 9.91718278e-19 -1.36668325e-12 -2.29959886e-13  5.01890655e-11
  -1.91392635e-10 -5.71109020e-16  9.22794599e-16  3.20826922e-05
  -2.10240900e-06 -1.38457577e-08  8.64084351e-10]
 [ 9.91307250e-19 -1.36572986e-12 -2.29925440e-13  5.01665705e-11
  -1.91462093e-10 -5.71109020e-16  9.22794599e-16  3.20826922e-05
  -2.10240900e-06 -1.38451427e-08  8.64354302e-10]
 [ 9.91718278e-19 -1.36668325e-12 -2.29959886e-13  5.01890655e-11
  -1.91453444e-10 -5.70860374e-16  9.21477606e-16  3.20830721e-05
  -2.10154963e-06 -1.38356262e-08  8.63484876e-10]
 [ 9.91718278e-19 -1.36668325e-12 -2.29959886e-13  5.01890655e-11
  -1.91392635e-10 -5.70732239e-16  9.21860146e-16  3.20824680e-05
  -2.10234641e-06 -1.38356262e-08  8.63852814e-10]
 [ 9.91718278e-19 -1.36668325e-12 -2.29959886e-13  5.01890655e-11
  -1.91392635e-10 -5.71109020e-16  9.22794599e-16  3.20826922e-05
  -2.10240900e-06 -1.38457577e-08  8.64084351e-10]
 [ 9.91718278e-19 -1.36668325e-12 -2.29959886e-13  5.01890655e-11
  -1.91392635e-10 -5.70732239e-16  9.21860146e-16  3.20824680e-05
  -2.10234641e-06 -1.38356262e-08  8.63852814e-10]
 [ 9.91718278e-19 -1.36668325e-12 -2.29959886e-13  5.01890655e-11
  -1.91392635e-10 -5.71109020e-16  9.22794599e-16  3.20826922e-05
  -2.10240900e-06 -1.38457577e-08  8.64084351e-10]
 [ 9.91718278e-19 -1.36668325e-12 -2.29959886e-13  5.01890655e-11
  -1.91392635e-10 -5.70732239e-16  9.21860146e-16  3.20824680e-05
  -2.10234641e-06 -1.38356262e-08  8.63852814e-10]]

Mutated feature:[[ 9.91838597e-19 -1.36603306e-12 -2.29872172e-13  5.01809131e-11
  -1.91443558e-10 -5.70872960e-16  9.22840703e-16  3.20714034e-05
  -2.10256053e-06 -1.38493788e-08  8.64162538e-10]
 [ 9.91350621e-19 -1.36624758e-12 -2.29983665e-13  5.01665705e-11
  -1.91456015e-10 -5.71026604e-16  9.22800664e-16  3.20862503e-05
  -2.10326877e-06 -1.38451427e-08  8.64618628e-10]
 [ 9.91803452e-19 -1.36609513e-12 -2.29959886e-13  5.02011859e-11
  -1.91448302e-10 -5.70794645e-16  9.21225344e-16  3.20990579e-05
  -2.10154963e-06 -1.38409733e-08  8.63869526e-10]
 [ 9.91331705e-19 -1.36722189e-12 -2.29940702e-13  5.01989690e-11
  -1.91455849e-10 -5.70732239e-16  9.22122325e-16  3.20826813e-05
  -2.10234641e-06 -1.38369633e-08  8.63533247e-10]
 [ 9.91525966e-19 -1.36671399e-12 -2.30023433e-13  5.01807129e-11
  -1.91384715e-10 -5.71354786e-16  9.23145630e-16  3.20698731e-05
  -2.10218276e-06 -1.38457577e-08  8.64053149e-10]
 [ 9.91790413e-19 -1.36668325e-12 -2.29959886e-13  5.01897784e-11
  -1.91436916e-10 -5.70732239e-16  9.21860146e-16  3.20824680e-05
  -2.10234641e-06 -1.38395681e-08  8.63852814e-10]
 [ 9.91370187e-19 -1.36687478e-12 -2.29982734e-13  5.02108518e-11
  -1.91465376e-10 -5.71362771e-16  9.23227490e-16  3.20706601e-05
  -2.10170562e-06 -1.38440051e-08  8.63658518e-10]
 [ 9.92025986e-19 -1.36712030e-12 -2.29959886e-13  5.01890655e-11
  -1.91416803e-10 -5.70509500e-16  9.21860146e-16  3.20711197e-05
  -2.10234641e-06 -1.38356262e-08  8.63869427e-10]]


sending vector for error: [ 9.91838597e-19 -1.36603306e-12 -2.29872172e-13  5.01809131e-11
 -1.91443558e-10 -5.70872960e-16  9.22840703e-16  3.20714034e-05
 -2.10256053e-06 -1.38493788e-08  8.64162538e-10]
received errors: 538600642524.99677    133769975078.67136

sending vector for error: [ 9.91350621e-19 -1.36624758e-12 -2.29983665e-13  5.01665705e-11
 -1.91456015e-10 -5.71026604e-16  9.22800664e-16  3.20862503e-05
 -2.10326877e-06 -1.38451427e-08  8.64618628e-10]
received errors: 539519030157.0209    137775597826.39676

sending vector for error: [ 9.91803452e-19 -1.36609513e-12 -2.29959886e-13  5.02011859e-11
 -1.91448302e-10 -5.70794645e-16  9.21225344e-16  3.20990579e-05
 -2.10154963e-06 -1.38409733e-08  8.63869526e-10]
received errors: 538859982158.06775    138829780874.40393

sending vector for error: [ 9.91331705e-19 -1.36722189e-12 -2.29940702e-13  5.01989690e-11
 -1.91455849e-10 -5.70732239e-16  9.22122325e-16  3.20826813e-05
 -2.10234641e-06 -1.38369633e-08  8.63533247e-10]
received errors: 541171730178.32874    131517745039.99973

sending vector for error: [ 9.91525966e-19 -1.36671399e-12 -2.30023433e-13  5.01807129e-11
 -1.91384715e-10 -5.71354786e-16  9.23145630e-16  3.20698731e-05
 -2.10218276e-06 -1.38457577e-08  8.64053149e-10]
received errors: 538203904090.9784    134621141643.16345

sending vector for error: [ 9.91790413e-19 -1.36668325e-12 -2.29959886e-13  5.01897784e-11
 -1.91436916e-10 -5.70732239e-16  9.21860146e-16  3.20824680e-05
 -2.10234641e-06 -1.38395681e-08  8.63852814e-10]
received errors: 540003306954.57874    134279813752.81233

sending vector for error: [ 9.91370187e-19 -1.36687478e-12 -2.29982734e-13  5.02108518e-11
 -1.91465376e-10 -5.71362771e-16  9.23227490e-16  3.20706601e-05
 -2.10170562e-06 -1.38440051e-08  8.63658518e-10]
received errors: 538516322746.3524    132806922429.87654

sending vector for error: [ 9.92025986e-19 -1.36712030e-12 -2.29959886e-13  5.01890655e-11
 -1.91416803e-10 -5.70509500e-16  9.21860146e-16  3.20711197e-05
 -2.10234641e-06 -1.38356262e-08  8.63869427e-10]
received errors: 539725904269.34436    134467702898.99052


CROSSOVER:


	parent1 = [ 9.91838597e-19 -1.36603306e-12 -2.29872172e-13  5.01809131e-11
 -1.91443558e-10 -5.70872960e-16  9.22840703e-16  3.20714034e-05
 -2.10256053e-06 -1.38493788e-08  8.64162538e-10]
	parent2 = [ 9.91790413e-19 -1.36668325e-12 -2.29959886e-13  5.01897784e-11
 -1.91436916e-10 -5.70732239e-16  9.21860146e-16  3.20824680e-05
 -2.10234641e-06 -1.38395681e-08  8.63852814e-10]
	cutoff index = 7
	child 1 = [ 9.91838597e-19 -1.36603306e-12 -2.29872172e-13  5.01809131e-11
 -1.91443558e-10 -5.70872960e-16  9.22840703e-16  3.20824680e-05
 -2.10234641e-06 -1.38395681e-08  8.63852814e-10]
	child 2 = [ 9.91838597e-19 -1.36603306e-12 -2.29872172e-13  5.01809131e-11
 -1.91443558e-10 -5.70872960e-16  9.22840703e-16  3.20714034e-05
 -2.10256053e-06 -1.38493788e-08  8.64162538e-10]


CROSSOVER:


	parent1 = [ 9.91838597e-19 -1.36603306e-12 -2.29872172e-13  5.01809131e-11
 -1.91443558e-10 -5.70872960e-16  9.22840703e-16  3.20714034e-05
 -2.10256053e-06 -1.38493788e-08  8.64162538e-10]
	parent2 = [ 9.91838597e-19 -1.36603306e-12 -2.29872172e-13  5.01809131e-11
 -1.91443558e-10 -5.70872960e-16  9.22840703e-16  3.20714034e-05
 -2.10256053e-06 -1.38493788e-08  8.64162538e-10]
	cutoff index = 6
	child 1 = [ 9.91838597e-19 -1.36603306e-12 -2.29872172e-13  5.01809131e-11
 -1.91443558e-10 -5.70872960e-16  9.22840703e-16  3.20714034e-05
 -2.10256053e-06 -1.38493788e-08  8.64162538e-10]
	child 2 = [ 9.91838597e-19 -1.36603306e-12 -2.29872172e-13  5.01809131e-11
 -1.91443558e-10 -5.70872960e-16  9.22840703e-16  3.20714034e-05
 -2.10256053e-06 -1.38493788e-08  8.64162538e-10]


CROSSOVER:


	parent1 = [ 9.91525966e-19 -1.36671399e-12 -2.30023433e-13  5.01807129e-11
 -1.91384715e-10 -5.71354786e-16  9.23145630e-16  3.20698731e-05
 -2.10218276e-06 -1.38457577e-08  8.64053149e-10]
	parent2 = [ 9.91370187e-19 -1.36687478e-12 -2.29982734e-13  5.02108518e-11
 -1.91465376e-10 -5.71362771e-16  9.23227490e-16  3.20706601e-05
 -2.10170562e-06 -1.38440051e-08  8.63658518e-10]
	cutoff index = 8
	child 1 = [ 9.91525966e-19 -1.36671399e-12 -2.30023433e-13  5.01807129e-11
 -1.91384715e-10 -5.71354786e-16  9.23145630e-16  3.20698731e-05
 -2.10170562e-06 -1.38440051e-08  8.63658518e-10]
	child 2 = [ 9.91525966e-19 -1.36671399e-12 -2.30023433e-13  5.01807129e-11
 -1.91384715e-10 -5.71354786e-16  9.23145630e-16  3.20698731e-05
 -2.10218276e-06 -1.38457577e-08  8.64053149e-10]


CROSSOVER:


	parent1 = [ 9.91525966e-19 -1.36671399e-12 -2.30023433e-13  5.01807129e-11
 -1.91384715e-10 -5.71354786e-16  9.23145630e-16  3.20698731e-05
 -2.10170562e-06 -1.38440051e-08  8.63658518e-10]
	parent2 = [ 9.91525966e-19 -1.36671399e-12 -2.30023433e-13  5.01807129e-11
 -1.91384715e-10 -5.71354786e-16  9.23145630e-16  3.20698731e-05
 -2.10170562e-06 -1.38440051e-08  8.63658518e-10]
	cutoff index = 4
	child 1 = [ 9.91525966e-19 -1.36671399e-12 -2.30023433e-13  5.01807129e-11
 -1.91384715e-10 -5.71354786e-16  9.23145630e-16  3.20698731e-05
 -2.10170562e-06 -1.38440051e-08  8.63658518e-10]
	child 2 = [ 9.91525966e-19 -1.36671399e-12 -2.30023433e-13  5.01807129e-11
 -1.91384715e-10 -5.71354786e-16  9.23145630e-16  3.20698731e-05
 -2.10170562e-06 -1.38440051e-08  8.63658518e-10]


MUTATION: 

RECEIVED FOR MUTATTION: [[ 9.91838597e-19 -1.36603306e-12 -2.29872172e-13  5.01809131e-11
  -1.91443558e-10 -5.70872960e-16  9.22840703e-16  3.20824680e-05
  -2.10234641e-06 -1.38395681e-08  8.63852814e-10]
 [ 9.91838597e-19 -1.36603306e-12 -2.29872172e-13  5.01809131e-11
  -1.91443558e-10 -5.70872960e-16  9.22840703e-16  3.20714034e-05
  -2.10256053e-06 -1.38493788e-08  8.64162538e-10]
 [ 9.91838597e-19 -1.36603306e-12 -2.29872172e-13  5.01809131e-11
  -1.91443558e-10 -5.70872960e-16  9.22840703e-16  3.20714034e-05
  -2.10256053e-06 -1.38493788e-08  8.64162538e-10]
 [ 9.91838597e-19 -1.36603306e-12 -2.29872172e-13  5.01809131e-11
  -1.91443558e-10 -5.70872960e-16  9.22840703e-16  3.20714034e-05
  -2.10256053e-06 -1.38493788e-08  8.64162538e-10]
 [ 9.91525966e-19 -1.36671399e-12 -2.30023433e-13  5.01807129e-11
  -1.91384715e-10 -5.71354786e-16  9.23145630e-16  3.20698731e-05
  -2.10170562e-06 -1.38440051e-08  8.63658518e-10]
 [ 9.91525966e-19 -1.36671399e-12 -2.30023433e-13  5.01807129e-11
  -1.91384715e-10 -5.71354786e-16  9.23145630e-16  3.20698731e-05
  -2.10218276e-06 -1.38457577e-08  8.64053149e-10]
 [ 9.91525966e-19 -1.36671399e-12 -2.30023433e-13  5.01807129e-11
  -1.91384715e-10 -5.71354786e-16  9.23145630e-16  3.20698731e-05
  -2.10170562e-06 -1.38440051e-08  8.63658518e-10]
 [ 9.91525966e-19 -1.36671399e-12 -2.30023433e-13  5.01807129e-11
  -1.91384715e-10 -5.71354786e-16  9.23145630e-16  3.20698731e-05
  -2.10170562e-06 -1.38440051e-08  8.63658518e-10]]

Mutated feature:[[ 9.91735536e-19 -1.36589605e-12 -2.29840418e-13  5.01804277e-11
  -1.91384707e-10 -5.71050431e-16  9.22840703e-16  3.20675335e-05
  -2.10234641e-06 -1.38372152e-08  8.63852814e-10]
 [ 9.91594809e-19 -1.36641619e-12 -2.29766106e-13  5.01906476e-11
  -1.91352197e-10 -5.70872960e-16  9.22549898e-16  3.20714034e-05
  -2.10266961e-06 -1.38525716e-08  8.64162538e-10]
 [ 9.92266889e-19 -1.36568972e-12 -2.29886507e-13  5.01809131e-11
  -1.91443558e-10 -5.70871437e-16  9.23192872e-16  3.20689607e-05
  -2.10256053e-06 -1.38498546e-08  8.64162538e-10]
 [ 9.91854209e-19 -1.36633817e-12 -2.29872172e-13  5.01794216e-11
  -1.91525918e-10 -5.71129858e-16  9.22419321e-16  3.20722960e-05
  -2.10353868e-06 -1.38515398e-08  8.64080369e-10]
 [ 9.91927075e-19 -1.36605301e-12 -2.29952299e-13  5.01807129e-11
  -1.91409439e-10 -5.71529170e-16  9.23231599e-16  3.20647147e-05
  -2.10127625e-06 -1.38440051e-08  8.63460615e-10]
 [ 9.91525966e-19 -1.36679414e-12 -2.29939609e-13  5.01812459e-11
  -1.91453554e-10 -5.71213934e-16  9.23280073e-16  3.20698731e-05
  -2.10218276e-06 -1.38489986e-08  8.64053149e-10]
 [ 9.91835824e-19 -1.36604684e-12 -2.29985264e-13  5.01801226e-11
  -1.91384715e-10 -5.71340485e-16  9.23342165e-16  3.20772323e-05
  -2.10212378e-06 -1.38494668e-08  8.64000694e-10]
 [ 9.91864917e-19 -1.36720794e-12 -2.29984707e-13  5.02013746e-11
  -1.91384715e-10 -5.71272104e-16  9.22902261e-16  3.20698731e-05
  -2.10170562e-06 -1.38462836e-08  8.64030476e-10]]


sending vector for error: [ 9.91735536e-19 -1.36589605e-12 -2.29840418e-13  5.01804277e-11
 -1.91384707e-10 -5.71050431e-16  9.22840703e-16  3.20675335e-05
 -2.10234641e-06 -1.38372152e-08  8.63852814e-10]
received errors: 539537895678.0259    133534163035.15222

sending vector for error: [ 9.91594809e-19 -1.36641619e-12 -2.29766106e-13  5.01906476e-11
 -1.91352197e-10 -5.70872960e-16  9.22549898e-16  3.20714034e-05
 -2.10266961e-06 -1.38525716e-08  8.64162538e-10]
received errors: 538698123434.5167    132695669225.2515

sending vector for error: [ 9.92266889e-19 -1.36568972e-12 -2.29886507e-13  5.01809131e-11
 -1.91443558e-10 -5.70871437e-16  9.23192872e-16  3.20689607e-05
 -2.10256053e-06 -1.38498546e-08  8.64162538e-10]
received errors: 538487902902.6984    133489650193.44336

sending vector for error: [ 9.91854209e-19 -1.36633817e-12 -2.29872172e-13  5.01794216e-11
 -1.91525918e-10 -5.71129858e-16  9.22419321e-16  3.20722960e-05
 -2.10353868e-06 -1.38515398e-08  8.64080369e-10]
received errors: 541088218990.3631    128842801669.8835

sending vector for error: [ 9.91927075e-19 -1.36605301e-12 -2.29952299e-13  5.01807129e-11
 -1.91409439e-10 -5.71529170e-16  9.23231599e-16  3.20647147e-05
 -2.10127625e-06 -1.38440051e-08  8.63460615e-10]
received errors: 537972140616.90076    131958115807.57407

sending vector for error: [ 9.91525966e-19 -1.36679414e-12 -2.29939609e-13  5.01812459e-11
 -1.91453554e-10 -5.71213934e-16  9.23280073e-16  3.20698731e-05
 -2.10218276e-06 -1.38489986e-08  8.64053149e-10]
received errors: 538054856343.67773    133991266397.59297

sending vector for error: [ 9.91835824e-19 -1.36604684e-12 -2.29985264e-13  5.01801226e-11
 -1.91384715e-10 -5.71340485e-16  9.23342165e-16  3.20772323e-05
 -2.10212378e-06 -1.38494668e-08  8.64000694e-10]
received errors: 538337567797.64044    134103704162.6366

sending vector for error: [ 9.91864917e-19 -1.36720794e-12 -2.29984707e-13  5.02013746e-11
 -1.91384715e-10 -5.71272104e-16  9.22902261e-16  3.20698731e-05
 -2.10170562e-06 -1.38462836e-08  8.64030476e-10]
received errors: 537224860047.08527    136250451296.60396


CROSSOVER:


	parent1 = [ 9.91594809e-19 -1.36641619e-12 -2.29766106e-13  5.01906476e-11
 -1.91352197e-10 -5.70872960e-16  9.22549898e-16  3.20714034e-05
 -2.10266961e-06 -1.38525716e-08  8.64162538e-10]
	parent2 = [ 9.91594809e-19 -1.36641619e-12 -2.29766106e-13  5.01906476e-11
 -1.91352197e-10 -5.70872960e-16  9.22549898e-16  3.20714034e-05
 -2.10266961e-06 -1.38525716e-08  8.64162538e-10]
	cutoff index = 5
	child 1 = [ 9.91594809e-19 -1.36641619e-12 -2.29766106e-13  5.01906476e-11
 -1.91352197e-10 -5.70872960e-16  9.22549898e-16  3.20714034e-05
 -2.10266961e-06 -1.38525716e-08  8.64162538e-10]
	child 2 = [ 9.91594809e-19 -1.36641619e-12 -2.29766106e-13  5.01906476e-11
 -1.91352197e-10 -5.70872960e-16  9.22549898e-16  3.20714034e-05
 -2.10266961e-06 -1.38525716e-08  8.64162538e-10]


CROSSOVER:


	parent1 = [ 9.91854209e-19 -1.36633817e-12 -2.29872172e-13  5.01794216e-11
 -1.91525918e-10 -5.71129858e-16  9.22419321e-16  3.20722960e-05
 -2.10353868e-06 -1.38515398e-08  8.64080369e-10]
	parent2 = [ 9.91927075e-19 -1.36605301e-12 -2.29952299e-13  5.01807129e-11
 -1.91409439e-10 -5.71529170e-16  9.23231599e-16  3.20647147e-05
 -2.10127625e-06 -1.38440051e-08  8.63460615e-10]
	cutoff index = 1
	child 1 = [ 9.91854209e-19 -1.36605301e-12 -2.29952299e-13  5.01807129e-11
 -1.91409439e-10 -5.71529170e-16  9.23231599e-16  3.20647147e-05
 -2.10127625e-06 -1.38440051e-08  8.63460615e-10]
	child 2 = [ 9.91854209e-19 -1.36633817e-12 -2.29872172e-13  5.01794216e-11
 -1.91525918e-10 -5.71129858e-16  9.22419321e-16  3.20722960e-05
 -2.10353868e-06 -1.38515398e-08  8.64080369e-10]


CROSSOVER:


	parent1 = [ 9.91854209e-19 -1.36633817e-12 -2.29872172e-13  5.01794216e-11
 -1.91525918e-10 -5.71129858e-16  9.22419321e-16  3.20722960e-05
 -2.10353868e-06 -1.38515398e-08  8.64080369e-10]
	parent2 = [ 9.91835824e-19 -1.36604684e-12 -2.29985264e-13  5.01801226e-11
 -1.91384715e-10 -5.71340485e-16  9.23342165e-16  3.20772323e-05
 -2.10212378e-06 -1.38494668e-08  8.64000694e-10]
	cutoff index = 4
	child 1 = [ 9.91854209e-19 -1.36633817e-12 -2.29872172e-13  5.01794216e-11
 -1.91384715e-10 -5.71340485e-16  9.23342165e-16  3.20772323e-05
 -2.10212378e-06 -1.38494668e-08  8.64000694e-10]
	child 2 = [ 9.91854209e-19 -1.36633817e-12 -2.29872172e-13  5.01794216e-11
 -1.91525918e-10 -5.71129858e-16  9.22419321e-16  3.20722960e-05
 -2.10353868e-06 -1.38515398e-08  8.64080369e-10]


CROSSOVER:


	parent1 = [ 9.91864917e-19 -1.36720794e-12 -2.29984707e-13  5.02013746e-11
 -1.91384715e-10 -5.71272104e-16  9.22902261e-16  3.20698731e-05
 -2.10170562e-06 -1.38462836e-08  8.64030476e-10]
	parent2 = [ 9.91854209e-19 -1.36633817e-12 -2.29872172e-13  5.01794216e-11
 -1.91384715e-10 -5.71340485e-16  9.23342165e-16  3.20772323e-05
 -2.10212378e-06 -1.38494668e-08  8.64000694e-10]
	cutoff index = 8
	child 1 = [ 9.91864917e-19 -1.36720794e-12 -2.29984707e-13  5.02013746e-11
 -1.91384715e-10 -5.71272104e-16  9.22902261e-16  3.20698731e-05
 -2.10212378e-06 -1.38494668e-08  8.64000694e-10]
	child 2 = [ 9.91864917e-19 -1.36720794e-12 -2.29984707e-13  5.02013746e-11
 -1.91384715e-10 -5.71272104e-16  9.22902261e-16  3.20698731e-05
 -2.10170562e-06 -1.38462836e-08  8.64030476e-10]


MUTATION: 

RECEIVED FOR MUTATTION: [[ 9.91594809e-19 -1.36641619e-12 -2.29766106e-13  5.01906476e-11
  -1.91352197e-10 -5.70872960e-16  9.22549898e-16  3.20714034e-05
  -2.10266961e-06 -1.38525716e-08  8.64162538e-10]
 [ 9.91594809e-19 -1.36641619e-12 -2.29766106e-13  5.01906476e-11
  -1.91352197e-10 -5.70872960e-16  9.22549898e-16  3.20714034e-05
  -2.10266961e-06 -1.38525716e-08  8.64162538e-10]
 [ 9.91854209e-19 -1.36605301e-12 -2.29952299e-13  5.01807129e-11
  -1.91409439e-10 -5.71529170e-16  9.23231599e-16  3.20647147e-05
  -2.10127625e-06 -1.38440051e-08  8.63460615e-10]
 [ 9.91854209e-19 -1.36633817e-12 -2.29872172e-13  5.01794216e-11
  -1.91525918e-10 -5.71129858e-16  9.22419321e-16  3.20722960e-05
  -2.10353868e-06 -1.38515398e-08  8.64080369e-10]
 [ 9.91864917e-19 -1.36720794e-12 -2.29984707e-13  5.02013746e-11
  -1.91384715e-10 -5.71272104e-16  9.22902261e-16  3.20698731e-05
  -2.10212378e-06 -1.38494668e-08  8.64000694e-10]
 [ 9.91854209e-19 -1.36633817e-12 -2.29872172e-13  5.01794216e-11
  -1.91525918e-10 -5.71129858e-16  9.22419321e-16  3.20722960e-05
  -2.10353868e-06 -1.38515398e-08  8.64080369e-10]
 [ 9.91864917e-19 -1.36720794e-12 -2.29984707e-13  5.02013746e-11
  -1.91384715e-10 -5.71272104e-16  9.22902261e-16  3.20698731e-05
  -2.10212378e-06 -1.38494668e-08  8.64000694e-10]
 [ 9.91864917e-19 -1.36720794e-12 -2.29984707e-13  5.02013746e-11
  -1.91384715e-10 -5.71272104e-16  9.22902261e-16  3.20698731e-05
  -2.10170562e-06 -1.38462836e-08  8.64030476e-10]]

Mutated feature:[[ 9.91890455e-19 -1.36641619e-12 -2.29766106e-13  5.01932259e-11
  -1.91352197e-10 -5.70903580e-16  9.22549898e-16  3.20646669e-05
  -2.10192041e-06 -1.38522572e-08  8.64061788e-10]
 [ 9.91594809e-19 -1.36611692e-12 -2.29853270e-13  5.01709943e-11
  -1.91349732e-10 -5.71145373e-16  9.22367630e-16  3.20618252e-05
  -2.10285285e-06 -1.38590893e-08  8.63984918e-10]
 [ 9.92191562e-19 -1.36605301e-12 -2.30052311e-13  5.02000583e-11
  -1.91333790e-10 -5.71529170e-16  9.23686611e-16  3.20690245e-05
  -2.10049576e-06 -1.38442503e-08  8.63460615e-10]
 [ 9.91407438e-19 -1.36675627e-12 -2.29806037e-13  5.01640784e-11
  -1.91533128e-10 -5.71134089e-16  9.22442609e-16  3.20656215e-05
  -2.10353868e-06 -1.38535140e-08  8.63670163e-10]
 [ 9.91533130e-19 -1.36744370e-12 -2.29941221e-13  5.02153719e-11
  -1.91340670e-10 -5.71286253e-16  9.22601460e-16  3.20562933e-05
  -2.10262759e-06 -1.38465890e-08  8.64000694e-10]
 [ 9.92342732e-19 -1.36589656e-12 -2.29872172e-13  5.01794216e-11
  -1.91525918e-10 -5.71132231e-16  9.22549585e-16  3.20811155e-05
  -2.10353868e-06 -1.38565071e-08  8.64365942e-10]
 [ 9.91909908e-19 -1.36657842e-12 -2.30027890e-13  5.02146921e-11
  -1.91384715e-10 -5.71228795e-16  9.23110152e-16  3.20698731e-05
  -2.10258890e-06 -1.38525806e-08  8.64000694e-10]
 [ 9.91853776e-19 -1.36779117e-12 -2.29880958e-13  5.01772230e-11
  -1.91400529e-10 -5.71074515e-16  9.23176943e-16  3.20698731e-05
  -2.10072146e-06 -1.38513691e-08  8.64030476e-10]]


sending vector for error: [ 9.91890455e-19 -1.36641619e-12 -2.29766106e-13  5.01932259e-11
 -1.91352197e-10 -5.70903580e-16  9.22549898e-16  3.20646669e-05
 -2.10192041e-06 -1.38522572e-08  8.64061788e-10]
received errors: 537115078005.7653    134153578385.78305

sending vector for error: [ 9.91594809e-19 -1.36611692e-12 -2.29853270e-13  5.01709943e-11
 -1.91349732e-10 -5.71145373e-16  9.22367630e-16  3.20618252e-05
 -2.10285285e-06 -1.38590893e-08  8.63984918e-10]
received errors: 539148325796.34485    128276944617.83379

sending vector for error: [ 9.92191562e-19 -1.36605301e-12 -2.30052311e-13  5.02000583e-11
 -1.91333790e-10 -5.71529170e-16  9.23686611e-16  3.20690245e-05
 -2.10049576e-06 -1.38442503e-08  8.63460615e-10]
received errors: 536407611573.6961    135377224758.5029

sending vector for error: [ 9.91407438e-19 -1.36675627e-12 -2.29806037e-13  5.01640784e-11
 -1.91533128e-10 -5.71134089e-16  9.22442609e-16  3.20656215e-05
 -2.10353868e-06 -1.38535140e-08  8.63670163e-10]
received errors: 542426581840.57587    124361379176.14624

sending vector for error: [ 9.91533130e-19 -1.36744370e-12 -2.29941221e-13  5.02153719e-11
 -1.91340670e-10 -5.71286253e-16  9.22601460e-16  3.20562933e-05
 -2.10262759e-06 -1.38465890e-08  8.64000694e-10]
received errors: 538849801663.3026    131192365348.06258

sending vector for error: [ 9.92342732e-19 -1.36589656e-12 -2.29872172e-13  5.01794216e-11
 -1.91525918e-10 -5.71132231e-16  9.22549585e-16  3.20811155e-05
 -2.10353868e-06 -1.38565071e-08  8.64365942e-10]
received errors: 540169770810.85925    131282073556.04553

sending vector for error: [ 9.91909908e-19 -1.36657842e-12 -2.30027890e-13  5.02146921e-11
 -1.91384715e-10 -5.71228795e-16  9.23110152e-16  3.20698731e-05
 -2.10258890e-06 -1.38525806e-08  8.64000694e-10]
received errors: 538986025695.46155    131154722962.42575

sending vector for error: [ 9.91853776e-19 -1.36779117e-12 -2.29880958e-13  5.01772230e-11
 -1.91400529e-10 -5.71074515e-16  9.23176943e-16  3.20698731e-05
 -2.10072146e-06 -1.38513691e-08  8.64030476e-10]
received errors: 534935831748.4632    139414119729.08975


CROSSOVER:


	parent1 = [ 9.91890455e-19 -1.36641619e-12 -2.29766106e-13  5.01932259e-11
 -1.91352197e-10 -5.70903580e-16  9.22549898e-16  3.20646669e-05
 -2.10192041e-06 -1.38522572e-08  8.64061788e-10]
	parent2 = [ 9.92191562e-19 -1.36605301e-12 -2.30052311e-13  5.02000583e-11
 -1.91333790e-10 -5.71529170e-16  9.23686611e-16  3.20690245e-05
 -2.10049576e-06 -1.38442503e-08  8.63460615e-10]
	cutoff index = 5
	child 1 = [ 9.91890455e-19 -1.36641619e-12 -2.29766106e-13  5.01932259e-11
 -1.91352197e-10 -5.71529170e-16  9.23686611e-16  3.20690245e-05
 -2.10049576e-06 -1.38442503e-08  8.63460615e-10]
	child 2 = [ 9.91890455e-19 -1.36641619e-12 -2.29766106e-13  5.01932259e-11
 -1.91352197e-10 -5.70903580e-16  9.22549898e-16  3.20646669e-05
 -2.10192041e-06 -1.38522572e-08  8.64061788e-10]


CROSSOVER:


	parent1 = [ 9.91533130e-19 -1.36744370e-12 -2.29941221e-13  5.02153719e-11
 -1.91340670e-10 -5.71286253e-16  9.22601460e-16  3.20562933e-05
 -2.10262759e-06 -1.38465890e-08  8.64000694e-10]
	parent2 = [ 9.91909908e-19 -1.36657842e-12 -2.30027890e-13  5.02146921e-11
 -1.91384715e-10 -5.71228795e-16  9.23110152e-16  3.20698731e-05
 -2.10258890e-06 -1.38525806e-08  8.64000694e-10]
	cutoff index = 1
	child 1 = [ 9.91533130e-19 -1.36657842e-12 -2.30027890e-13  5.02146921e-11
 -1.91384715e-10 -5.71228795e-16  9.23110152e-16  3.20698731e-05
 -2.10258890e-06 -1.38525806e-08  8.64000694e-10]
	child 2 = [ 9.91533130e-19 -1.36744370e-12 -2.29941221e-13  5.02153719e-11
 -1.91340670e-10 -5.71286253e-16  9.22601460e-16  3.20562933e-05
 -2.10262759e-06 -1.38465890e-08  8.64000694e-10]


CROSSOVER:


	parent1 = [ 9.91594809e-19 -1.36611692e-12 -2.29853270e-13  5.01709943e-11
 -1.91349732e-10 -5.71145373e-16  9.22367630e-16  3.20618252e-05
 -2.10285285e-06 -1.38590893e-08  8.63984918e-10]
	parent2 = [ 9.91594809e-19 -1.36611692e-12 -2.29853270e-13  5.01709943e-11
 -1.91349732e-10 -5.71145373e-16  9.22367630e-16  3.20618252e-05
 -2.10285285e-06 -1.38590893e-08  8.63984918e-10]
	cutoff index = 7
	child 1 = [ 9.91594809e-19 -1.36611692e-12 -2.29853270e-13  5.01709943e-11
 -1.91349732e-10 -5.71145373e-16  9.22367630e-16  3.20618252e-05
 -2.10285285e-06 -1.38590893e-08  8.63984918e-10]
	child 2 = [ 9.91594809e-19 -1.36611692e-12 -2.29853270e-13  5.01709943e-11
 -1.91349732e-10 -5.71145373e-16  9.22367630e-16  3.20618252e-05
 -2.10285285e-06 -1.38590893e-08  8.63984918e-10]


CROSSOVER:


	parent1 = [ 9.91594809e-19 -1.36611692e-12 -2.29853270e-13  5.01709943e-11
 -1.91349732e-10 -5.71145373e-16  9.22367630e-16  3.20618252e-05
 -2.10285285e-06 -1.38590893e-08  8.63984918e-10]
	parent2 = [ 9.91890455e-19 -1.36641619e-12 -2.29766106e-13  5.01932259e-11
 -1.91352197e-10 -5.70903580e-16  9.22549898e-16  3.20646669e-05
 -2.10192041e-06 -1.38522572e-08  8.64061788e-10]
	cutoff index = 5
	child 1 = [ 9.91594809e-19 -1.36611692e-12 -2.29853270e-13  5.01709943e-11
 -1.91349732e-10 -5.70903580e-16  9.22549898e-16  3.20646669e-05
 -2.10192041e-06 -1.38522572e-08  8.64061788e-10]
	child 2 = [ 9.91594809e-19 -1.36611692e-12 -2.29853270e-13  5.01709943e-11
 -1.91349732e-10 -5.71145373e-16  9.22367630e-16  3.20618252e-05
 -2.10285285e-06 -1.38590893e-08  8.63984918e-10]


MUTATION: 

RECEIVED FOR MUTATTION: [[ 9.91890455e-19 -1.36641619e-12 -2.29766106e-13  5.01932259e-11
  -1.91352197e-10 -5.71529170e-16  9.23686611e-16  3.20690245e-05
  -2.10049576e-06 -1.38442503e-08  8.63460615e-10]
 [ 9.91594809e-19 -1.36611692e-12 -2.29853270e-13  5.01709943e-11
  -1.91349732e-10 -5.70903580e-16  9.22549898e-16  3.20646669e-05
  -2.10192041e-06 -1.38522572e-08  8.64061788e-10]
 [ 9.91533130e-19 -1.36657842e-12 -2.30027890e-13  5.02146921e-11
  -1.91384715e-10 -5.71228795e-16  9.23110152e-16  3.20698731e-05
  -2.10258890e-06 -1.38525806e-08  8.64000694e-10]
 [ 9.91533130e-19 -1.36744370e-12 -2.29941221e-13  5.02153719e-11
  -1.91340670e-10 -5.71286253e-16  9.22601460e-16  3.20562933e-05
  -2.10262759e-06 -1.38465890e-08  8.64000694e-10]
 [ 9.91594809e-19 -1.36611692e-12 -2.29853270e-13  5.01709943e-11
  -1.91349732e-10 -5.71145373e-16  9.22367630e-16  3.20618252e-05
  -2.10285285e-06 -1.38590893e-08  8.63984918e-10]
 [ 9.91594809e-19 -1.36611692e-12 -2.29853270e-13  5.01709943e-11
  -1.91349732e-10 -5.71145373e-16  9.22367630e-16  3.20618252e-05
  -2.10285285e-06 -1.38590893e-08  8.63984918e-10]
 [ 9.91594809e-19 -1.36611692e-12 -2.29853270e-13  5.01709943e-11
  -1.91349732e-10 -5.70903580e-16  9.22549898e-16  3.20646669e-05
  -2.10192041e-06 -1.38522572e-08  8.64061788e-10]
 [ 9.91594809e-19 -1.36611692e-12 -2.29853270e-13  5.01709943e-11
  -1.91349732e-10 -5.71145373e-16  9.22367630e-16  3.20618252e-05
  -2.10285285e-06 -1.38590893e-08  8.63984918e-10]]

Mutated feature:[[ 9.91890455e-19 -1.36707030e-12 -2.29873885e-13  5.01766340e-11
  -1.91291389e-10 -5.71411700e-16  9.23983962e-16  3.20738276e-05
  -2.10124952e-06 -1.38442503e-08  8.63619393e-10]
 [ 9.91457196e-19 -1.36632601e-12 -2.29780451e-13  5.01941229e-11
  -1.91265193e-10 -5.71086013e-16  9.22549898e-16  3.20646669e-05
  -2.10238849e-06 -1.38555678e-08  8.64061788e-10]
 [ 9.91761167e-19 -1.36681502e-12 -2.30001520e-13  5.01979116e-11
  -1.91428744e-10 -5.71338104e-16  9.22652048e-16  3.20715266e-05
  -2.10186897e-06 -1.38525806e-08  8.64000694e-10]
 [ 9.91183335e-19 -1.36725703e-12 -2.29856421e-13  5.02086657e-11
  -1.91327426e-10 -5.71286253e-16  9.22601460e-16  3.20720437e-05
  -2.10262759e-06 -1.38527640e-08  8.63638920e-10]
 [ 9.91837462e-19 -1.36554327e-12 -2.29811028e-13  5.01868446e-11
  -1.91317037e-10 -5.71156109e-16  9.22088228e-16  3.20618252e-05
  -2.10302135e-06 -1.38590893e-08  8.64002354e-10]
 [ 9.91568146e-19 -1.36547030e-12 -2.29768098e-13  5.01687476e-11
  -1.91349860e-10 -5.70893197e-16  9.22730399e-16  3.20693409e-05
  -2.10238133e-06 -1.38641556e-08  8.63666142e-10]
 [ 9.91895405e-19 -1.36611692e-12 -2.29840847e-13  5.01660298e-11
  -1.91315807e-10 -5.70741253e-16  9.22549898e-16  3.20709061e-05
  -2.10140134e-06 -1.38522572e-08  8.63640375e-10]
 [ 9.91334153e-19 -1.36676336e-12 -2.29797304e-13  5.01881291e-11
  -1.91349732e-10 -5.70892807e-16  9.22367630e-16  3.20493396e-05
  -2.10296805e-06 -1.38622702e-08  8.63857954e-10]]


sending vector for error: [ 9.91890455e-19 -1.36707030e-12 -2.29873885e-13  5.01766340e-11
 -1.91291389e-10 -5.71411700e-16  9.23983962e-16  3.20738276e-05
 -2.10124952e-06 -1.38442503e-08  8.63619393e-10]
received errors: 537738012680.02246    134398019179.53133

sending vector for error: [ 9.91457196e-19 -1.36632601e-12 -2.29780451e-13  5.01941229e-11
 -1.91265193e-10 -5.71086013e-16  9.22549898e-16  3.20646669e-05
 -2.10238849e-06 -1.38555678e-08  8.64061788e-10]
received errors: 538009149731.5955    131606679476.65974

sending vector for error: [ 9.91761167e-19 -1.36681502e-12 -2.30001520e-13  5.01979116e-11
 -1.91428744e-10 -5.71338104e-16  9.22652048e-16  3.20715266e-05
 -2.10186897e-06 -1.38525806e-08  8.64000694e-10]
received errors: 537412600335.4601    134046292563.7731

sending vector for error: [ 9.91183335e-19 -1.36725703e-12 -2.29856421e-13  5.02086657e-11
 -1.91327426e-10 -5.71286253e-16  9.22601460e-16  3.20720437e-05
 -2.10262759e-06 -1.38527640e-08  8.63638920e-10]
received errors: 540446798312.4452    127616585339.80803

sending vector for error: [ 9.91837462e-19 -1.36554327e-12 -2.29811028e-13  5.01868446e-11
 -1.91317037e-10 -5.71156109e-16  9.22088228e-16  3.20618252e-05
 -2.10302135e-06 -1.38590893e-08  8.64002354e-10]
received errors: 539496642615.40704    127847180996.63974

sending vector for error: [ 9.91568146e-19 -1.36547030e-12 -2.29768098e-13  5.01687476e-11
 -1.91349860e-10 -5.70893197e-16  9.22730399e-16  3.20693409e-05
 -2.10238133e-06 -1.38641556e-08  8.63666142e-10]
received errors: 539266686677.9495    126598461199.80452

sending vector for error: [ 9.91895405e-19 -1.36611692e-12 -2.29840847e-13  5.01660298e-11
 -1.91315807e-10 -5.70741253e-16  9.22549898e-16  3.20709061e-05
 -2.10140134e-06 -1.38522572e-08  8.63640375e-10]
received errors: 537554778969.14075    132341006704.86655

sending vector for error: [ 9.91334153e-19 -1.36676336e-12 -2.29797304e-13  5.01881291e-11
 -1.91349732e-10 -5.70892807e-16  9.22367630e-16  3.20493396e-05
 -2.10296805e-06 -1.38622702e-08  8.63857954e-10]
received errors: 539447293484.613    125441984460.45401


CROSSOVER:


	parent1 = [ 9.91457196e-19 -1.36632601e-12 -2.29780451e-13  5.01941229e-11
 -1.91265193e-10 -5.71086013e-16  9.22549898e-16  3.20646669e-05
 -2.10238849e-06 -1.38555678e-08  8.64061788e-10]
	parent2 = [ 9.91895405e-19 -1.36611692e-12 -2.29840847e-13  5.01660298e-11
 -1.91315807e-10 -5.70741253e-16  9.22549898e-16  3.20709061e-05
 -2.10140134e-06 -1.38522572e-08  8.63640375e-10]
	cutoff index = 10
	child 1 = [ 9.91457196e-19 -1.36632601e-12 -2.29780451e-13  5.01941229e-11
 -1.91265193e-10 -5.71086013e-16  9.22549898e-16  3.20646669e-05
 -2.10238849e-06 -1.38555678e-08  8.63640375e-10]
	child 2 = [ 9.91457196e-19 -1.36632601e-12 -2.29780451e-13  5.01941229e-11
 -1.91265193e-10 -5.71086013e-16  9.22549898e-16  3.20646669e-05
 -2.10238849e-06 -1.38555678e-08  8.64061788e-10]


CROSSOVER:


	parent1 = [ 9.91457196e-19 -1.36632601e-12 -2.29780451e-13  5.01941229e-11
 -1.91265193e-10 -5.71086013e-16  9.22549898e-16  3.20646669e-05
 -2.10238849e-06 -1.38555678e-08  8.63640375e-10]
	parent2 = [ 9.91334153e-19 -1.36676336e-12 -2.29797304e-13  5.01881291e-11
 -1.91349732e-10 -5.70892807e-16  9.22367630e-16  3.20493396e-05
 -2.10296805e-06 -1.38622702e-08  8.63857954e-10]
	cutoff index = 6
	child 1 = [ 9.91457196e-19 -1.36632601e-12 -2.29780451e-13  5.01941229e-11
 -1.91265193e-10 -5.71086013e-16  9.22367630e-16  3.20493396e-05
 -2.10296805e-06 -1.38622702e-08  8.63857954e-10]
	child 2 = [ 9.91457196e-19 -1.36632601e-12 -2.29780451e-13  5.01941229e-11
 -1.91265193e-10 -5.71086013e-16  9.22549898e-16  3.20646669e-05
 -2.10238849e-06 -1.38555678e-08  8.63640375e-10]


CROSSOVER:


	parent1 = [ 9.91568146e-19 -1.36547030e-12 -2.29768098e-13  5.01687476e-11
 -1.91349860e-10 -5.70893197e-16  9.22730399e-16  3.20693409e-05
 -2.10238133e-06 -1.38641556e-08  8.63666142e-10]
	parent2 = [ 9.91457196e-19 -1.36632601e-12 -2.29780451e-13  5.01941229e-11
 -1.91265193e-10 -5.71086013e-16  9.22367630e-16  3.20493396e-05
 -2.10296805e-06 -1.38622702e-08  8.63857954e-10]
	cutoff index = 9
	child 1 = [ 9.91568146e-19 -1.36547030e-12 -2.29768098e-13  5.01687476e-11
 -1.91349860e-10 -5.70893197e-16  9.22730399e-16  3.20693409e-05
 -2.10238133e-06 -1.38622702e-08  8.63857954e-10]
	child 2 = [ 9.91568146e-19 -1.36547030e-12 -2.29768098e-13  5.01687476e-11
 -1.91349860e-10 -5.70893197e-16  9.22730399e-16  3.20693409e-05
 -2.10238133e-06 -1.38641556e-08  8.63666142e-10]


CROSSOVER:


	parent1 = [ 9.91568146e-19 -1.36547030e-12 -2.29768098e-13  5.01687476e-11
 -1.91349860e-10 -5.70893197e-16  9.22730399e-16  3.20693409e-05
 -2.10238133e-06 -1.38641556e-08  8.63666142e-10]
	parent2 = [ 9.91568146e-19 -1.36547030e-12 -2.29768098e-13  5.01687476e-11
 -1.91349860e-10 -5.70893197e-16  9.22730399e-16  3.20693409e-05
 -2.10238133e-06 -1.38641556e-08  8.63666142e-10]
	cutoff index = 8
	child 1 = [ 9.91568146e-19 -1.36547030e-12 -2.29768098e-13  5.01687476e-11
 -1.91349860e-10 -5.70893197e-16  9.22730399e-16  3.20693409e-05
 -2.10238133e-06 -1.38641556e-08  8.63666142e-10]
	child 2 = [ 9.91568146e-19 -1.36547030e-12 -2.29768098e-13  5.01687476e-11
 -1.91349860e-10 -5.70893197e-16  9.22730399e-16  3.20693409e-05
 -2.10238133e-06 -1.38641556e-08  8.63666142e-10]


MUTATION: 

RECEIVED FOR MUTATTION: [[ 9.91457196e-19 -1.36632601e-12 -2.29780451e-13  5.01941229e-11
  -1.91265193e-10 -5.71086013e-16  9.22549898e-16  3.20646669e-05
  -2.10238849e-06 -1.38555678e-08  8.63640375e-10]
 [ 9.91457196e-19 -1.36632601e-12 -2.29780451e-13  5.01941229e-11
  -1.91265193e-10 -5.71086013e-16  9.22549898e-16  3.20646669e-05
  -2.10238849e-06 -1.38555678e-08  8.64061788e-10]
 [ 9.91568146e-19 -1.36547030e-12 -2.29768098e-13  5.01687476e-11
  -1.91349860e-10 -5.70893197e-16  9.22730399e-16  3.20693409e-05
  -2.10238133e-06 -1.38622702e-08  8.63857954e-10]
 [ 9.91457196e-19 -1.36632601e-12 -2.29780451e-13  5.01941229e-11
  -1.91265193e-10 -5.71086013e-16  9.22549898e-16  3.20646669e-05
  -2.10238849e-06 -1.38555678e-08  8.63640375e-10]
 [ 9.91568146e-19 -1.36547030e-12 -2.29768098e-13  5.01687476e-11
  -1.91349860e-10 -5.70893197e-16  9.22730399e-16  3.20693409e-05
  -2.10238133e-06 -1.38622702e-08  8.63857954e-10]
 [ 9.91568146e-19 -1.36547030e-12 -2.29768098e-13  5.01687476e-11
  -1.91349860e-10 -5.70893197e-16  9.22730399e-16  3.20693409e-05
  -2.10238133e-06 -1.38641556e-08  8.63666142e-10]
 [ 9.91568146e-19 -1.36547030e-12 -2.29768098e-13  5.01687476e-11
  -1.91349860e-10 -5.70893197e-16  9.22730399e-16  3.20693409e-05
  -2.10238133e-06 -1.38641556e-08  8.63666142e-10]
 [ 9.91568146e-19 -1.36547030e-12 -2.29768098e-13  5.01687476e-11
  -1.91349860e-10 -5.70893197e-16  9.22730399e-16  3.20693409e-05
  -2.10238133e-06 -1.38641556e-08  8.63666142e-10]]

Mutated feature:[[ 9.91654249e-19 -1.36627318e-12 -2.29720560e-13  5.01931710e-11
  -1.91262329e-10 -5.71118774e-16  9.22302888e-16  3.20640888e-05
  -2.10215664e-06 -1.38555678e-08  8.63640375e-10]
 [ 9.91238179e-19 -1.36585256e-12 -2.29689978e-13  5.01787072e-11
  -1.91174695e-10 -5.71216102e-16  9.22988737e-16  3.20646669e-05
  -2.10251855e-06 -1.38606009e-08  8.64061788e-10]
 [ 9.91807708e-19 -1.36569024e-12 -2.29690816e-13  5.01687476e-11
  -1.91402374e-10 -5.71052419e-16  9.22594614e-16  3.20557117e-05
  -2.10218148e-06 -1.38622702e-08  8.63857954e-10]
 [ 9.91029534e-19 -1.36591743e-12 -2.29710384e-13  5.01941229e-11
  -1.91173692e-10 -5.70817158e-16  9.22601135e-16  3.20736335e-05
  -2.10335312e-06 -1.38598939e-08  8.63782442e-10]
 [ 9.91206851e-19 -1.36547030e-12 -2.29736654e-13  5.01597644e-11
  -1.91337708e-10 -5.70701026e-16  9.22965528e-16  3.20566645e-05
  -2.10262407e-06 -1.38630618e-08  8.63771556e-10]
 [ 9.91601712e-19 -1.36544131e-12 -2.29793796e-13  5.01687476e-11
  -1.91349860e-10 -5.70807509e-16  9.22621725e-16  3.20760229e-05
  -2.10238133e-06 -1.38641556e-08  8.63411433e-10]
 [ 9.91861916e-19 -1.36590177e-12 -2.29818659e-13  5.01687476e-11
  -1.91409168e-10 -5.70893197e-16  9.22446268e-16  3.20655886e-05
  -2.10238133e-06 -1.38703604e-08  8.63576683e-10]
 [ 9.91093963e-19 -1.36603710e-12 -2.29768098e-13  5.01527256e-11
  -1.91389478e-10 -5.70893197e-16  9.22303289e-16  3.20782726e-05
  -2.10268019e-06 -1.38633743e-08  8.63753573e-10]]


sending vector for error: [ 9.91654249e-19 -1.36627318e-12 -2.29720560e-13  5.01931710e-11
 -1.91262329e-10 -5.71118774e-16  9.22302888e-16  3.20640888e-05
 -2.10215664e-06 -1.38555678e-08  8.63640375e-10]
received errors: 538934407396.23047    128295153718.18144

sending vector for error: [ 9.91238179e-19 -1.36585256e-12 -2.29689978e-13  5.01787072e-11
 -1.91174695e-10 -5.71216102e-16  9.22988737e-16  3.20646669e-05
 -2.10251855e-06 -1.38606009e-08  8.64061788e-10]
received errors: 538097704178.39404    130108028944.92598

sending vector for error: [ 9.91807708e-19 -1.36569024e-12 -2.29690816e-13  5.01687476e-11
 -1.91402374e-10 -5.71052419e-16  9.22594614e-16  3.20557117e-05
 -2.10218148e-06 -1.38622702e-08  8.63857954e-10]
received errors: 537670691314.3576    128486833018.05669

sending vector for error: [ 9.91029534e-19 -1.36591743e-12 -2.29710384e-13  5.01941229e-11
 -1.91173692e-10 -5.70817158e-16  9.22601135e-16  3.20736335e-05
 -2.10335312e-06 -1.38598939e-08  8.63782442e-10]
received errors: 541545517886.6683    125425918419.08789

sending vector for error: [ 9.91206851e-19 -1.36547030e-12 -2.29736654e-13  5.01597644e-11
 -1.91337708e-10 -5.70701026e-16  9.22965528e-16  3.20566645e-05
 -2.10262407e-06 -1.38630618e-08  8.63771556e-10]
received errors: 539116182437.7938    126175922452.50638

sending vector for error: [ 9.91601712e-19 -1.36544131e-12 -2.29793796e-13  5.01687476e-11
 -1.91349860e-10 -5.70807509e-16  9.22621725e-16  3.20760229e-05
 -2.10238133e-06 -1.38641556e-08  8.63411433e-10]
received errors: 540483174991.9999    124751910370.02103

sending vector for error: [ 9.91861916e-19 -1.36590177e-12 -2.29818659e-13  5.01687476e-11
 -1.91409168e-10 -5.70893197e-16  9.22446268e-16  3.20655886e-05
 -2.10238133e-06 -1.38703604e-08  8.63576683e-10]
received errors: 539316640997.54944    124490327074.92334

sending vector for error: [ 9.91093963e-19 -1.36603710e-12 -2.29768098e-13  5.01527256e-11
 -1.91389478e-10 -5.70893197e-16  9.22303289e-16  3.20782726e-05
 -2.10268019e-06 -1.38633743e-08  8.63753573e-10]
received errors: 539984508458.9328    127091408037.01028


CROSSOVER:


	parent1 = [ 9.91807708e-19 -1.36569024e-12 -2.29690816e-13  5.01687476e-11
 -1.91402374e-10 -5.71052419e-16  9.22594614e-16  3.20557117e-05
 -2.10218148e-06 -1.38622702e-08  8.63857954e-10]
	parent2 = [ 9.91206851e-19 -1.36547030e-12 -2.29736654e-13  5.01597644e-11
 -1.91337708e-10 -5.70701026e-16  9.22965528e-16  3.20566645e-05
 -2.10262407e-06 -1.38630618e-08  8.63771556e-10]
	cutoff index = 0
	child 1 = [ 9.91206851e-19 -1.36547030e-12 -2.29736654e-13  5.01597644e-11
 -1.91337708e-10 -5.70701026e-16  9.22965528e-16  3.20566645e-05
 -2.10262407e-06 -1.38630618e-08  8.63771556e-10]
	child 2 = [ 9.91807708e-19 -1.36569024e-12 -2.29690816e-13  5.01687476e-11
 -1.91402374e-10 -5.71052419e-16  9.22594614e-16  3.20557117e-05
 -2.10218148e-06 -1.38622702e-08  8.63857954e-10]


CROSSOVER:


	parent1 = [ 9.91601712e-19 -1.36544131e-12 -2.29793796e-13  5.01687476e-11
 -1.91349860e-10 -5.70807509e-16  9.22621725e-16  3.20760229e-05
 -2.10238133e-06 -1.38641556e-08  8.63411433e-10]
	parent2 = [ 9.91807708e-19 -1.36569024e-12 -2.29690816e-13  5.01687476e-11
 -1.91402374e-10 -5.71052419e-16  9.22594614e-16  3.20557117e-05
 -2.10218148e-06 -1.38622702e-08  8.63857954e-10]
	cutoff index = 9
	child 1 = [ 9.91601712e-19 -1.36544131e-12 -2.29793796e-13  5.01687476e-11
 -1.91349860e-10 -5.70807509e-16  9.22621725e-16  3.20760229e-05
 -2.10238133e-06 -1.38622702e-08  8.63857954e-10]
	child 2 = [ 9.91601712e-19 -1.36544131e-12 -2.29793796e-13  5.01687476e-11
 -1.91349860e-10 -5.70807509e-16  9.22621725e-16  3.20760229e-05
 -2.10238133e-06 -1.38641556e-08  8.63411433e-10]


CROSSOVER:


	parent1 = [ 9.91601712e-19 -1.36544131e-12 -2.29793796e-13  5.01687476e-11
 -1.91349860e-10 -5.70807509e-16  9.22621725e-16  3.20760229e-05
 -2.10238133e-06 -1.38641556e-08  8.63411433e-10]
	parent2 = [ 9.91601712e-19 -1.36544131e-12 -2.29793796e-13  5.01687476e-11
 -1.91349860e-10 -5.70807509e-16  9.22621725e-16  3.20760229e-05
 -2.10238133e-06 -1.38622702e-08  8.63857954e-10]
	cutoff index = 5
	child 1 = [ 9.91601712e-19 -1.36544131e-12 -2.29793796e-13  5.01687476e-11
 -1.91349860e-10 -5.70807509e-16  9.22621725e-16  3.20760229e-05
 -2.10238133e-06 -1.38622702e-08  8.63857954e-10]
	child 2 = [ 9.91601712e-19 -1.36544131e-12 -2.29793796e-13  5.01687476e-11
 -1.91349860e-10 -5.70807509e-16  9.22621725e-16  3.20760229e-05
 -2.10238133e-06 -1.38641556e-08  8.63411433e-10]


CROSSOVER:


	parent1 = [ 9.91601712e-19 -1.36544131e-12 -2.29793796e-13  5.01687476e-11
 -1.91349860e-10 -5.70807509e-16  9.22621725e-16  3.20760229e-05
 -2.10238133e-06 -1.38622702e-08  8.63857954e-10]
	parent2 = [ 9.91654249e-19 -1.36627318e-12 -2.29720560e-13  5.01931710e-11
 -1.91262329e-10 -5.71118774e-16  9.22302888e-16  3.20640888e-05
 -2.10215664e-06 -1.38555678e-08  8.63640375e-10]
	cutoff index = 10
	child 1 = [ 9.91601712e-19 -1.36544131e-12 -2.29793796e-13  5.01687476e-11
 -1.91349860e-10 -5.70807509e-16  9.22621725e-16  3.20760229e-05
 -2.10238133e-06 -1.38622702e-08  8.63640375e-10]
	child 2 = [ 9.91601712e-19 -1.36544131e-12 -2.29793796e-13  5.01687476e-11
 -1.91349860e-10 -5.70807509e-16  9.22621725e-16  3.20760229e-05
 -2.10238133e-06 -1.38622702e-08  8.63857954e-10]


MUTATION: 

RECEIVED FOR MUTATTION: [[ 9.91206851e-19 -1.36547030e-12 -2.29736654e-13  5.01597644e-11
  -1.91337708e-10 -5.70701026e-16  9.22965528e-16  3.20566645e-05
  -2.10262407e-06 -1.38630618e-08  8.63771556e-10]
 [ 9.91601712e-19 -1.36544131e-12 -2.29793796e-13  5.01687476e-11
  -1.91349860e-10 -5.70807509e-16  9.22621725e-16  3.20760229e-05
  -2.10238133e-06 -1.38622702e-08  8.63857954e-10]
 [ 9.91601712e-19 -1.36544131e-12 -2.29793796e-13  5.01687476e-11
  -1.91349860e-10 -5.70807509e-16  9.22621725e-16  3.20760229e-05
  -2.10238133e-06 -1.38622702e-08  8.63857954e-10]
 [ 9.91601712e-19 -1.36544131e-12 -2.29793796e-13  5.01687476e-11
  -1.91349860e-10 -5.70807509e-16  9.22621725e-16  3.20760229e-05
  -2.10238133e-06 -1.38641556e-08  8.63411433e-10]
 [ 9.91601712e-19 -1.36544131e-12 -2.29793796e-13  5.01687476e-11
  -1.91349860e-10 -5.70807509e-16  9.22621725e-16  3.20760229e-05
  -2.10238133e-06 -1.38622702e-08  8.63857954e-10]
 [ 9.91601712e-19 -1.36544131e-12 -2.29793796e-13  5.01687476e-11
  -1.91349860e-10 -5.70807509e-16  9.22621725e-16  3.20760229e-05
  -2.10238133e-06 -1.38641556e-08  8.63411433e-10]
 [ 9.91601712e-19 -1.36544131e-12 -2.29793796e-13  5.01687476e-11
  -1.91349860e-10 -5.70807509e-16  9.22621725e-16  3.20760229e-05
  -2.10238133e-06 -1.38622702e-08  8.63640375e-10]
 [ 9.91601712e-19 -1.36544131e-12 -2.29793796e-13  5.01687476e-11
  -1.91349860e-10 -5.70807509e-16  9.22621725e-16  3.20760229e-05
  -2.10238133e-06 -1.38622702e-08  8.63857954e-10]]

Mutated feature:[[ 9.91206851e-19 -1.36533169e-12 -2.29662387e-13  5.01759406e-11
  -1.91355521e-10 -5.70841478e-16  9.23229377e-16  3.20513565e-05
  -2.10274386e-06 -1.38669307e-08  8.64089231e-10]
 [ 9.91658062e-19 -1.36476500e-12 -2.29821811e-13  5.01838817e-11
  -1.91349860e-10 -5.70900275e-16  9.22762999e-16  3.20670992e-05
  -2.10238133e-06 -1.38682815e-08  8.64164463e-10]
 [ 9.91326914e-19 -1.36514322e-12 -2.29819839e-13  5.01684956e-11
  -1.91426923e-10 -5.70813927e-16  9.22230766e-16  3.20773078e-05
  -2.10234878e-06 -1.38622702e-08  8.63843796e-10]
 [ 9.91926416e-19 -1.36544131e-12 -2.29834063e-13  5.01588836e-11
  -1.91407661e-10 -5.70807509e-16  9.23000985e-16  3.20905297e-05
  -2.10238133e-06 -1.38630663e-08  8.63411433e-10]
 [ 9.91291021e-19 -1.36569684e-12 -2.29770819e-13  5.01687476e-11
  -1.91279277e-10 -5.70858374e-16  9.22439859e-16  3.20760229e-05
  -2.10238133e-06 -1.38593005e-08  8.63857954e-10]
 [ 9.91601712e-19 -1.36544131e-12 -2.29793796e-13  5.01585190e-11
  -1.91257732e-10 -5.70852600e-16  9.22621725e-16  3.20907786e-05
  -2.10238133e-06 -1.38607763e-08  8.63824137e-10]
 [ 9.91705758e-19 -1.36578028e-12 -2.29834338e-13  5.01472910e-11
  -1.91426294e-10 -5.70615618e-16  9.22886568e-16  3.20816031e-05
  -2.10204168e-06 -1.38622702e-08  8.63695240e-10]
 [ 9.91912366e-19 -1.36544131e-12 -2.29748089e-13  5.01912338e-11
  -1.91297077e-10 -5.71082303e-16  9.22318451e-16  3.20843328e-05
  -2.10276116e-06 -1.38613534e-08  8.64054124e-10]]


sending vector for error: [ 9.91206851e-19 -1.36533169e-12 -2.29662387e-13  5.01759406e-11
 -1.91355521e-10 -5.70841478e-16  9.23229377e-16  3.20513565e-05
 -2.10274386e-06 -1.38669307e-08  8.64089231e-10]
received errors: 537885060345.3109    127602481953.62341

sending vector for error: [ 9.91658062e-19 -1.36476500e-12 -2.29821811e-13  5.01838817e-11
 -1.91349860e-10 -5.70900275e-16  9.22762999e-16  3.20670992e-05
 -2.10238133e-06 -1.38682815e-08  8.64164463e-10]
received errors: 537199612724.56445    130408175024.76128

sending vector for error: [ 9.91326914e-19 -1.36514322e-12 -2.29819839e-13  5.01684956e-11
 -1.91426923e-10 -5.70813927e-16  9.22230766e-16  3.20773078e-05
 -2.10234878e-06 -1.38622702e-08  8.63843796e-10]
received errors: 538853599076.7785    129280103765.85214

sending vector for error: [ 9.91926416e-19 -1.36544131e-12 -2.29834063e-13  5.01588836e-11
 -1.91407661e-10 -5.70807509e-16  9.23000985e-16  3.20905297e-05
 -2.10238133e-06 -1.38630663e-08  8.63411433e-10]
received errors: 540959170490.1287    125843974386.15

sending vector for error: [ 9.91291021e-19 -1.36569684e-12 -2.29770819e-13  5.01687476e-11
 -1.91279277e-10 -5.70858374e-16  9.22439859e-16  3.20760229e-05
 -2.10238133e-06 -1.38593005e-08  8.63857954e-10]
received errors: 538952029711.848    129760769650.62808

sending vector for error: [ 9.91601712e-19 -1.36544131e-12 -2.29793796e-13  5.01585190e-11
 -1.91257732e-10 -5.70852600e-16  9.22621725e-16  3.20907786e-05
 -2.10238133e-06 -1.38607763e-08  8.63824137e-10]
received errors: 539519094538.14294    130180220507.3245

sending vector for error: [ 9.91705758e-19 -1.36578028e-12 -2.29834338e-13  5.01472910e-11
 -1.91426294e-10 -5.70615618e-16  9.22886568e-16  3.20816031e-05
 -2.10204168e-06 -1.38622702e-08  8.63695240e-10]
received errors: 538808260176.4967    129312084097.1553

sending vector for error: [ 9.91912366e-19 -1.36544131e-12 -2.29748089e-13  5.01912338e-11
 -1.91297077e-10 -5.71082303e-16  9.22318451e-16  3.20843328e-05
 -2.10276116e-06 -1.38613534e-08  8.64054124e-10]
received errors: 539348281324.0294    130404450908.40108


CROSSOVER:


	parent1 = [ 9.91291021e-19 -1.36569684e-12 -2.29770819e-13  5.01687476e-11
 -1.91279277e-10 -5.70858374e-16  9.22439859e-16  3.20760229e-05
 -2.10238133e-06 -1.38593005e-08  8.63857954e-10]
	parent2 = [ 9.91658062e-19 -1.36476500e-12 -2.29821811e-13  5.01838817e-11
 -1.91349860e-10 -5.70900275e-16  9.22762999e-16  3.20670992e-05
 -2.10238133e-06 -1.38682815e-08  8.64164463e-10]
	cutoff index = 0
	child 1 = [ 9.91658062e-19 -1.36476500e-12 -2.29821811e-13  5.01838817e-11
 -1.91349860e-10 -5.70900275e-16  9.22762999e-16  3.20670992e-05
 -2.10238133e-06 -1.38682815e-08  8.64164463e-10]
	child 2 = [ 9.91291021e-19 -1.36569684e-12 -2.29770819e-13  5.01687476e-11
 -1.91279277e-10 -5.70858374e-16  9.22439859e-16  3.20760229e-05
 -2.10238133e-06 -1.38593005e-08  8.63857954e-10]


CROSSOVER:


	parent1 = [ 9.91326914e-19 -1.36514322e-12 -2.29819839e-13  5.01684956e-11
 -1.91426923e-10 -5.70813927e-16  9.22230766e-16  3.20773078e-05
 -2.10234878e-06 -1.38622702e-08  8.63843796e-10]
	parent2 = [ 9.91206851e-19 -1.36533169e-12 -2.29662387e-13  5.01759406e-11
 -1.91355521e-10 -5.70841478e-16  9.23229377e-16  3.20513565e-05
 -2.10274386e-06 -1.38669307e-08  8.64089231e-10]
	cutoff index = 3
	child 1 = [ 9.91326914e-19 -1.36514322e-12 -2.29819839e-13  5.01759406e-11
 -1.91355521e-10 -5.70841478e-16  9.23229377e-16  3.20513565e-05
 -2.10274386e-06 -1.38669307e-08  8.64089231e-10]
	child 2 = [ 9.91326914e-19 -1.36514322e-12 -2.29819839e-13  5.01684956e-11
 -1.91426923e-10 -5.70813927e-16  9.22230766e-16  3.20773078e-05
 -2.10234878e-06 -1.38622702e-08  8.63843796e-10]


CROSSOVER:


	parent1 = [ 9.91326914e-19 -1.36514322e-12 -2.29819839e-13  5.01684956e-11
 -1.91426923e-10 -5.70813927e-16  9.22230766e-16  3.20773078e-05
 -2.10234878e-06 -1.38622702e-08  8.63843796e-10]
	parent2 = [ 9.91326914e-19 -1.36514322e-12 -2.29819839e-13  5.01759406e-11
 -1.91355521e-10 -5.70841478e-16  9.23229377e-16  3.20513565e-05
 -2.10274386e-06 -1.38669307e-08  8.64089231e-10]
	cutoff index = 10
	child 1 = [ 9.91326914e-19 -1.36514322e-12 -2.29819839e-13  5.01684956e-11
 -1.91426923e-10 -5.70813927e-16  9.22230766e-16  3.20773078e-05
 -2.10234878e-06 -1.38622702e-08  8.64089231e-10]
	child 2 = [ 9.91326914e-19 -1.36514322e-12 -2.29819839e-13  5.01684956e-11
 -1.91426923e-10 -5.70813927e-16  9.22230766e-16  3.20773078e-05
 -2.10234878e-06 -1.38622702e-08  8.63843796e-10]


CROSSOVER:


	parent1 = [ 9.91926416e-19 -1.36544131e-12 -2.29834063e-13  5.01588836e-11
 -1.91407661e-10 -5.70807509e-16  9.23000985e-16  3.20905297e-05
 -2.10238133e-06 -1.38630663e-08  8.63411433e-10]
	parent2 = [ 9.91326914e-19 -1.36514322e-12 -2.29819839e-13  5.01684956e-11
 -1.91426923e-10 -5.70813927e-16  9.22230766e-16  3.20773078e-05
 -2.10234878e-06 -1.38622702e-08  8.64089231e-10]
	cutoff index = 0
	child 1 = [ 9.91326914e-19 -1.36514322e-12 -2.29819839e-13  5.01684956e-11
 -1.91426923e-10 -5.70813927e-16  9.22230766e-16  3.20773078e-05
 -2.10234878e-06 -1.38622702e-08  8.64089231e-10]
	child 2 = [ 9.91926416e-19 -1.36544131e-12 -2.29834063e-13  5.01588836e-11
 -1.91407661e-10 -5.70807509e-16  9.23000985e-16  3.20905297e-05
 -2.10238133e-06 -1.38630663e-08  8.63411433e-10]


MUTATION: 

RECEIVED FOR MUTATTION: [[ 9.91658062e-19 -1.36476500e-12 -2.29821811e-13  5.01838817e-11
  -1.91349860e-10 -5.70900275e-16  9.22762999e-16  3.20670992e-05
  -2.10238133e-06 -1.38682815e-08  8.64164463e-10]
 [ 9.91291021e-19 -1.36569684e-12 -2.29770819e-13  5.01687476e-11
  -1.91279277e-10 -5.70858374e-16  9.22439859e-16  3.20760229e-05
  -2.10238133e-06 -1.38593005e-08  8.63857954e-10]
 [ 9.91326914e-19 -1.36514322e-12 -2.29819839e-13  5.01684956e-11
  -1.91426923e-10 -5.70813927e-16  9.22230766e-16  3.20773078e-05
  -2.10234878e-06 -1.38622702e-08  8.64089231e-10]
 [ 9.91326914e-19 -1.36514322e-12 -2.29819839e-13  5.01684956e-11
  -1.91426923e-10 -5.70813927e-16  9.22230766e-16  3.20773078e-05
  -2.10234878e-06 -1.38622702e-08  8.63843796e-10]
 [ 9.91326914e-19 -1.36514322e-12 -2.29819839e-13  5.01684956e-11
  -1.91426923e-10 -5.70813927e-16  9.22230766e-16  3.20773078e-05
  -2.10234878e-06 -1.38622702e-08  8.64089231e-10]
 [ 9.91326914e-19 -1.36514322e-12 -2.29819839e-13  5.01684956e-11
  -1.91426923e-10 -5.70813927e-16  9.22230766e-16  3.20773078e-05
  -2.10234878e-06 -1.38622702e-08  8.63843796e-10]
 [ 9.91326914e-19 -1.36514322e-12 -2.29819839e-13  5.01684956e-11
  -1.91426923e-10 -5.70813927e-16  9.22230766e-16  3.20773078e-05
  -2.10234878e-06 -1.38622702e-08  8.64089231e-10]
 [ 9.91926416e-19 -1.36544131e-12 -2.29834063e-13  5.01588836e-11
  -1.91407661e-10 -5.70807509e-16  9.23000985e-16  3.20905297e-05
  -2.10238133e-06 -1.38630663e-08  8.63411433e-10]]

Mutated feature:[[ 9.91613679e-19 -1.36492536e-12 -2.29821811e-13  5.01838817e-11
  -1.91349860e-10 -5.71160736e-16  9.22938947e-16  3.20692186e-05
  -2.10237826e-06 -1.38682815e-08  8.64323786e-10]
 [ 9.91530809e-19 -1.36591952e-12 -2.29737073e-13  5.01494436e-11
  -1.91357608e-10 -5.70615279e-16  9.22654066e-16  3.20823807e-05
  -2.10238133e-06 -1.38593005e-08  8.64145961e-10]
 [ 9.91326914e-19 -1.36477682e-12 -2.29803082e-13  5.01684956e-11
  -1.91372065e-10 -5.70830442e-16  9.22331027e-16  3.20773078e-05
  -2.10234878e-06 -1.38587667e-08  8.63796236e-10]
 [ 9.91696594e-19 -1.36482418e-12 -2.29912268e-13  5.01684956e-11
  -1.91520596e-10 -5.71033517e-16  9.22263849e-16  3.20915195e-05
  -2.10175926e-06 -1.38622702e-08  8.63821199e-10]
 [ 9.90974328e-19 -1.36542539e-12 -2.29765089e-13  5.01684956e-11
  -1.91409689e-10 -5.70560980e-16  9.22237282e-16  3.20805928e-05
  -2.10187002e-06 -1.38616167e-08  8.64089231e-10]
 [ 9.91496526e-19 -1.36473342e-12 -2.29728413e-13  5.01699381e-11
  -1.91486585e-10 -5.70813927e-16  9.22469850e-16  3.20756410e-05
  -2.10292341e-06 -1.38631935e-08  8.63719499e-10]
 [ 9.91293161e-19 -1.36484809e-12 -2.29874185e-13  5.01675227e-11
  -1.91423941e-10 -5.70813927e-16  9.22230766e-16  3.20742453e-05
  -2.10146742e-06 -1.38645649e-08  8.63999563e-10]
 [ 9.91992591e-19 -1.36547428e-12 -2.29834454e-13  5.01588836e-11
  -1.91407661e-10 -5.70807509e-16  9.23000985e-16  3.20890101e-05
  -2.10238133e-06 -1.38622850e-08  8.63370657e-10]]

best fit vector:
[9.913269136508803e-19, -1.3651432220474988e-12, -2.298198393159188e-13, 5.0168495585679045e-11, -1.9142692264536784e-10, -5.708139268721448e-16, 9.222307658340838e-16, 3.2077307818350485e-05, -2.1023487765642816e-06, -1.3862270237706852e-08, 8.640892314427145e-10]
error:    5.378851e+11    1.276025e+11