

MUTATION: 

RECEIVED FOR MUTATTION: [[ 9.91447086e-19 -1.36532022e-12 -2.29979496e-13  5.01856944e-11
  -1.91701868e-10 -5.70194327e-16  9.23486181e-16  3.20598390e-05
  -2.09936496e-06 -1.38922872e-08  8.63029278e-10]
 [ 9.91447086e-19 -1.36532022e-12 -2.29979496e-13  5.01856944e-11
  -1.91701868e-10 -5.70194327e-16  9.23486181e-16  3.20598390e-05
  -2.09936496e-06 -1.38922872e-08  8.63029278e-10]
 [ 9.91447086e-19 -1.36532022e-12 -2.29979496e-13  5.01856944e-11
  -1.91701868e-10 -5.70194327e-16  9.23486181e-16  3.20598390e-05
  -2.09936496e-06 -1.38922872e-08  8.63029278e-10]
 [ 9.91447086e-19 -1.36532022e-12 -2.29979496e-13  5.01856944e-11
  -1.91701868e-10 -5.70194327e-16  9.23486181e-16  3.20598390e-05
  -2.09936496e-06 -1.38922872e-08  8.63029278e-10]
 [ 9.91447086e-19 -1.36532022e-12 -2.29979496e-13  5.01856944e-11
  -1.91701868e-10 -5.70194327e-16  9.23486181e-16  3.20598390e-05
  -2.09936496e-06 -1.38922872e-08  8.63029278e-10]
 [ 9.91447086e-19 -1.36532022e-12 -2.29979496e-13  5.01856944e-11
  -1.91701868e-10 -5.70194327e-16  9.23486181e-16  3.20598390e-05
  -2.09936496e-06 -1.38922872e-08  8.63029278e-10]
 [ 9.91447086e-19 -1.36532022e-12 -2.29979496e-13  5.01856944e-11
  -1.91701868e-10 -5.70194327e-16  9.23486181e-16  3.20598390e-05
  -2.09936496e-06 -1.38922872e-08  8.63029278e-10]
 [ 9.91447086e-19 -1.36532022e-12 -2.29979496e-13  5.01856944e-11
  -1.91701868e-10 -5.70194327e-16  9.23486181e-16  3.20598390e-05
  -2.09936496e-06 -1.38922872e-08  8.63029278e-10]]

Mutated feature:[[ 9.88857153e-19 -1.36211606e-12 -2.30885557e-13  4.97483523e-11
  -1.90349921e-10 -5.70194327e-16  9.17728046e-16  3.20598390e-05
  -2.09182139e-06 -1.38448692e-08  8.57370251e-10]
 [ 9.91447086e-19 -1.36532022e-12 -2.28164482e-13  5.00335978e-11
  -1.91385125e-10 -5.74682922e-16  9.18901731e-16  3.20598390e-05
  -2.10345863e-06 -1.37612078e-08  8.54624433e-10]
 [ 9.95369492e-19 -1.35569569e-12 -2.31245667e-13  5.01028307e-11
  -1.90051906e-10 -5.73508539e-16  9.26269892e-16  3.20747295e-05
  -2.10975703e-06 -1.37571775e-08  8.61870104e-10]
 [ 9.90743894e-19 -1.36066599e-12 -2.29979496e-13  5.03410756e-11
  -1.91560125e-10 -5.73153277e-16  9.23486181e-16  3.17886985e-05
  -2.09936496e-06 -1.38922872e-08  8.65389183e-10]
 [ 9.91266720e-19 -1.37352621e-12 -2.30920705e-13  5.02995088e-11
  -1.91817489e-10 -5.73206499e-16  9.23665028e-16  3.22125692e-05
  -2.08329356e-06 -1.39483322e-08  8.63029278e-10]
 [ 9.93127357e-19 -1.37162717e-12 -2.29979496e-13  5.05073906e-11
  -1.92105314e-10 -5.68592739e-16  9.22433896e-16  3.23316614e-05
  -2.11065569e-06 -1.40223774e-08  8.63029278e-10]
 [ 9.92275072e-19 -1.36630620e-12 -2.28578206e-13  5.02016490e-11
  -1.91701868e-10 -5.69420828e-16  9.32487932e-16  3.20618104e-05
  -2.09936496e-06 -1.39172078e-08  8.58596640e-10]
 [ 9.91249921e-19 -1.35367824e-12 -2.31970546e-13  4.99377949e-11
  -1.92463091e-10 -5.75042209e-16  9.23486181e-16  3.20650614e-05
  -2.09936496e-06 -1.39527502e-08  8.63029278e-10]]



POPULATION: [[ 9.91447086e-19 -1.36532022e-12 -2.29979496e-13  5.01856944e-11
  -1.91701868e-10 -5.70194327e-16  9.23486181e-16  3.20598390e-05
  -2.09936496e-06 -1.38922872e-08  8.63029278e-10]
 [ 9.91447086e-19 -1.36532022e-12 -2.28164482e-13  5.00335978e-11
  -1.91385125e-10 -5.74682922e-16  9.18901731e-16  3.20598390e-05
  -2.10345863e-06 -1.37612078e-08  8.54624433e-10]
 [ 9.95369492e-19 -1.35569569e-12 -2.31245667e-13  5.01028307e-11
  -1.90051906e-10 -5.73508539e-16  9.26269892e-16  3.20747295e-05
  -2.10975703e-06 -1.37571775e-08  8.61870104e-10]
 [ 9.90743894e-19 -1.36066599e-12 -2.29979496e-13  5.03410756e-11
  -1.91560125e-10 -5.73153277e-16  9.23486181e-16  3.17886985e-05
  -2.09936496e-06 -1.38922872e-08  8.65389183e-10]
 [ 9.91266720e-19 -1.37352621e-12 -2.30920705e-13  5.02995088e-11
  -1.91817489e-10 -5.73206499e-16  9.23665028e-16  3.22125692e-05
  -2.08329356e-06 -1.39483322e-08  8.63029278e-10]
 [ 9.93127357e-19 -1.37162717e-12 -2.29979496e-13  5.05073906e-11
  -1.92105314e-10 -5.68592739e-16  9.22433896e-16  3.23316614e-05
  -2.11065569e-06 -1.40223774e-08  8.63029278e-10]
 [ 9.92275072e-19 -1.36630620e-12 -2.28578206e-13  5.02016490e-11
  -1.91701868e-10 -5.69420828e-16  9.32487932e-16  3.20618104e-05
  -2.09936496e-06 -1.39172078e-08  8.58596640e-10]
 [ 9.91249921e-19 -1.35367824e-12 -2.31970546e-13  4.99377949e-11
  -1.92463091e-10 -5.75042209e-16  9.23486181e-16  3.20650614e-05
  -2.09936496e-06 -1.39527502e-08  8.63029278e-10]]


sending vector for error: [ 9.91447086e-19 -1.36532022e-12 -2.29979496e-13  5.01856944e-11
 -1.91701868e-10 -5.70194327e-16  9.23486181e-16  3.20598390e-05
 -2.09936496e-06 -1.38922872e-08  8.63029278e-10]
received errors: 532983960715.20703    125643332666.36935

sending vector for error: [ 9.91447086e-19 -1.36532022e-12 -2.28164482e-13  5.00335978e-11
 -1.91385125e-10 -5.74682922e-16  9.18901731e-16  3.20598390e-05
 -2.10345863e-06 -1.37612078e-08  8.54624433e-10]
received errors: 606238726670.0072    105576601990.69783

sending vector for error: [ 9.95369492e-19 -1.35569569e-12 -2.31245667e-13  5.01028307e-11
 -1.90051906e-10 -5.73508539e-16  9.26269892e-16  3.20747295e-05
 -2.10975703e-06 -1.37571775e-08  8.61870104e-10]
received errors: 572041737749.6946    110217449685.30835

sending vector for error: [ 9.90743894e-19 -1.36066599e-12 -2.29979496e-13  5.03410756e-11
 -1.91560125e-10 -5.73153277e-16  9.23486181e-16  3.17886985e-05
 -2.09936496e-06 -1.38922872e-08  8.65389183e-10]
received errors: 515545915976.42615    129125728934.60698

sending vector for error: [ 9.91266720e-19 -1.37352621e-12 -2.30920705e-13  5.02995088e-11
 -1.91817489e-10 -5.73206499e-16  9.23665028e-16  3.22125692e-05
 -2.08329356e-06 -1.39483322e-08  8.63029278e-10]
received errors: 517585714576.5295    222916986082.16583

sending vector for error: [ 9.93127357e-19 -1.37162717e-12 -2.29979496e-13  5.05073906e-11
 -1.92105314e-10 -5.68592739e-16  9.22433896e-16  3.23316614e-05
 -2.11065569e-06 -1.40223774e-08  8.63029278e-10]
received errors: 577130795996.9734    104035326914.36778

sending vector for error: [ 9.92275072e-19 -1.36630620e-12 -2.28578206e-13  5.02016490e-11
 -1.91701868e-10 -5.69420828e-16  9.32487932e-16  3.20618104e-05
 -2.09936496e-06 -1.39172078e-08  8.58596640e-10]
received errors: 560270235123.3844    101709330411.12775

sending vector for error: [ 9.91249921e-19 -1.35367824e-12 -2.31970546e-13  4.99377949e-11
 -1.92463091e-10 -5.75042209e-16  9.23486181e-16  3.20650614e-05
 -2.09936496e-06 -1.39527502e-08  8.63029278e-10]
received errors: 531776407616.0485    115346035661.10132


CROSSOVER:


	parent1 = [ 9.90743894e-19 -1.36066599e-12 -2.29979496e-13  5.03410756e-11
 -1.91560125e-10 -5.73153277e-16  9.23486181e-16  3.17886985e-05
 -2.09936496e-06 -1.38922872e-08  8.65389183e-10]
	parent2 = [ 9.91249921e-19 -1.35367824e-12 -2.31970546e-13  4.99377949e-11
 -1.92463091e-10 -5.75042209e-16  9.23486181e-16  3.20650614e-05
 -2.09936496e-06 -1.39527502e-08  8.63029278e-10]
	cutoff index = 3
	child 1 = [ 9.90743894e-19 -1.36066599e-12 -2.29979496e-13  4.99377949e-11
 -1.92463091e-10 -5.75042209e-16  9.23486181e-16  3.20650614e-05
 -2.09936496e-06 -1.39527502e-08  8.63029278e-10]
	child 2 = [ 9.90743894e-19 -1.36066599e-12 -2.29979496e-13  5.03410756e-11
 -1.91560125e-10 -5.73153277e-16  9.23486181e-16  3.17886985e-05
 -2.09936496e-06 -1.38922872e-08  8.65389183e-10]


CROSSOVER:


	parent1 = [ 9.92275072e-19 -1.36630620e-12 -2.28578206e-13  5.02016490e-11
 -1.91701868e-10 -5.69420828e-16  9.32487932e-16  3.20618104e-05
 -2.09936496e-06 -1.39172078e-08  8.58596640e-10]
	parent2 = [ 9.91447086e-19 -1.36532022e-12 -2.28164482e-13  5.00335978e-11
 -1.91385125e-10 -5.74682922e-16  9.18901731e-16  3.20598390e-05
 -2.10345863e-06 -1.37612078e-08  8.54624433e-10]
	cutoff index = 7
	child 1 = [ 9.92275072e-19 -1.36630620e-12 -2.28578206e-13  5.02016490e-11
 -1.91701868e-10 -5.69420828e-16  9.32487932e-16  3.20598390e-05
 -2.10345863e-06 -1.37612078e-08  8.54624433e-10]
	child 2 = [ 9.92275072e-19 -1.36630620e-12 -2.28578206e-13  5.02016490e-11
 -1.91701868e-10 -5.69420828e-16  9.32487932e-16  3.20618104e-05
 -2.09936496e-06 -1.39172078e-08  8.58596640e-10]


CROSSOVER:


	parent1 = [ 9.92275072e-19 -1.36630620e-12 -2.28578206e-13  5.02016490e-11
 -1.91701868e-10 -5.69420828e-16  9.32487932e-16  3.20618104e-05
 -2.09936496e-06 -1.39172078e-08  8.58596640e-10]
	parent2 = [ 9.90743894e-19 -1.36066599e-12 -2.29979496e-13  5.03410756e-11
 -1.91560125e-10 -5.73153277e-16  9.23486181e-16  3.17886985e-05
 -2.09936496e-06 -1.38922872e-08  8.65389183e-10]
	cutoff index = 3
	child 1 = [ 9.92275072e-19 -1.36630620e-12 -2.28578206e-13  5.03410756e-11
 -1.91560125e-10 -5.73153277e-16  9.23486181e-16  3.17886985e-05
 -2.09936496e-06 -1.38922872e-08  8.65389183e-10]
	child 2 = [ 9.92275072e-19 -1.36630620e-12 -2.28578206e-13  5.02016490e-11
 -1.91701868e-10 -5.69420828e-16  9.32487932e-16  3.20618104e-05
 -2.09936496e-06 -1.39172078e-08  8.58596640e-10]


CROSSOVER:


	parent1 = [ 9.90743894e-19 -1.36066599e-12 -2.29979496e-13  4.99377949e-11
 -1.92463091e-10 -5.75042209e-16  9.23486181e-16  3.20650614e-05
 -2.09936496e-06 -1.39527502e-08  8.63029278e-10]
	parent2 = [ 9.92275072e-19 -1.36630620e-12 -2.28578206e-13  5.02016490e-11
 -1.91701868e-10 -5.69420828e-16  9.32487932e-16  3.20618104e-05
 -2.09936496e-06 -1.39172078e-08  8.58596640e-10]
	cutoff index = 5
	child 1 = [ 9.90743894e-19 -1.36066599e-12 -2.29979496e-13  4.99377949e-11
 -1.92463091e-10 -5.69420828e-16  9.32487932e-16  3.20618104e-05
 -2.09936496e-06 -1.39172078e-08  8.58596640e-10]
	child 2 = [ 9.90743894e-19 -1.36066599e-12 -2.29979496e-13  4.99377949e-11
 -1.92463091e-10 -5.75042209e-16  9.23486181e-16  3.20650614e-05
 -2.09936496e-06 -1.39527502e-08  8.63029278e-10]


MUTATION: 

RECEIVED FOR MUTATTION: [[ 9.90743894e-19 -1.36066599e-12 -2.29979496e-13  4.99377949e-11
  -1.92463091e-10 -5.75042209e-16  9.23486181e-16  3.20650614e-05
  -2.09936496e-06 -1.39527502e-08  8.63029278e-10]
 [ 9.92275072e-19 -1.36630620e-12 -2.28578206e-13  5.03410756e-11
  -1.91560125e-10 -5.73153277e-16  9.23486181e-16  3.17886985e-05
  -2.09936496e-06 -1.38922872e-08  8.65389183e-10]
 [ 9.92275072e-19 -1.36630620e-12 -2.28578206e-13  5.02016490e-11
  -1.91701868e-10 -5.69420828e-16  9.32487932e-16  3.20598390e-05
  -2.10345863e-06 -1.37612078e-08  8.54624433e-10]
 [ 9.90743894e-19 -1.36066599e-12 -2.29979496e-13  4.99377949e-11
  -1.92463091e-10 -5.69420828e-16  9.32487932e-16  3.20618104e-05
  -2.09936496e-06 -1.39172078e-08  8.58596640e-10]
 [ 9.92275072e-19 -1.36630620e-12 -2.28578206e-13  5.03410756e-11
  -1.91560125e-10 -5.73153277e-16  9.23486181e-16  3.17886985e-05
  -2.09936496e-06 -1.38922872e-08  8.65389183e-10]
 [ 9.90743894e-19 -1.36066599e-12 -2.29979496e-13  4.99377949e-11
  -1.92463091e-10 -5.69420828e-16  9.32487932e-16  3.20618104e-05
  -2.09936496e-06 -1.39172078e-08  8.58596640e-10]
 [ 9.90743894e-19 -1.36066599e-12 -2.29979496e-13  4.99377949e-11
  -1.92463091e-10 -5.69420828e-16  9.32487932e-16  3.20618104e-05
  -2.09936496e-06 -1.39172078e-08  8.58596640e-10]
 [ 9.90743894e-19 -1.36066599e-12 -2.29979496e-13  4.99377949e-11
  -1.92463091e-10 -5.75042209e-16  9.23486181e-16  3.20650614e-05
  -2.09936496e-06 -1.39527502e-08  8.63029278e-10]]

Mutated feature:[[ 9.97208457e-19 -1.35894368e-12 -2.31395102e-13  4.97419560e-11
  -1.92044580e-10 -5.75042209e-16  9.17622296e-16  3.21565041e-05
  -2.11737133e-06 -1.40436180e-08  8.57855827e-10]
 [ 9.91300511e-19 -1.37194873e-12 -2.28578206e-13  5.03025102e-11
  -1.92641349e-10 -5.73143344e-16  9.19333762e-16  3.17886985e-05
  -2.10367974e-06 -1.39477221e-08  8.57144787e-10]
 [ 9.92275072e-19 -1.37643242e-12 -2.30617946e-13  5.03035611e-11
  -1.91707198e-10 -5.65377675e-16  9.32487932e-16  3.20598390e-05
  -2.10345863e-06 -1.38110832e-08  8.52325749e-10]
 [ 9.91371848e-19 -1.36329947e-12 -2.29979496e-13  5.03384125e-11
  -1.92463091e-10 -5.69420828e-16  9.34566805e-16  3.17533448e-05
  -2.08880909e-06 -1.40528238e-08  8.58080657e-10]
 [ 9.89493046e-19 -1.36210572e-12 -2.29933870e-13  5.03410756e-11
  -1.90254102e-10 -5.70642300e-16  9.15300928e-16  3.18786538e-05
  -2.11212559e-06 -1.39363159e-08  8.65835360e-10]
 [ 9.82934254e-19 -1.36044170e-12 -2.30753052e-13  4.99377949e-11
  -1.92463091e-10 -5.74706054e-16  9.25357062e-16  3.20718041e-05
  -2.11990899e-06 -1.39172078e-08  8.56813944e-10]
 [ 9.95642731e-19 -1.35293102e-12 -2.30163091e-13  4.99377949e-11
  -1.91128602e-10 -5.63845674e-16  9.33873172e-16  3.20618104e-05
  -2.10332686e-06 -1.38675435e-08  8.57816365e-10]
 [ 9.90719317e-19 -1.34855567e-12 -2.29979496e-13  4.96997482e-11
  -1.93924759e-10 -5.71634428e-16  9.15033089e-16  3.20628327e-05
  -2.07909427e-06 -1.38597928e-08  8.55554130e-10]]


sending vector for error: [ 9.97208457e-19 -1.35894368e-12 -2.31395102e-13  4.97419560e-11
 -1.92044580e-10 -5.75042209e-16  9.17622296e-16  3.21565041e-05
 -2.11737133e-06 -1.40436180e-08  8.57855827e-10]
received errors: 700541388614.6782    195616775230.7573

sending vector for error: [ 9.91300511e-19 -1.37194873e-12 -2.28578206e-13  5.03025102e-11
 -1.92641349e-10 -5.73143344e-16  9.19333762e-16  3.17886985e-05
 -2.10367974e-06 -1.39477221e-08  8.57144787e-10]
received errors: 613642045499.6613    140191210028.3968

sending vector for error: [ 9.92275072e-19 -1.37643242e-12 -2.30617946e-13  5.03035611e-11
 -1.91707198e-10 -5.65377675e-16  9.32487932e-16  3.20598390e-05
 -2.10345863e-06 -1.38110832e-08  8.52325749e-10]
received errors: 639182772191.9883    127575204154.81424

sending vector for error: [ 9.91371848e-19 -1.36329947e-12 -2.29979496e-13  5.03384125e-11
 -1.92463091e-10 -5.69420828e-16  9.34566805e-16  3.17533448e-05
 -2.08880909e-06 -1.40528238e-08  8.58080657e-10]
received errors: 530154487165.1886    104210798941.36345

sending vector for error: [ 9.89493046e-19 -1.36210572e-12 -2.29933870e-13  5.03410756e-11
 -1.90254102e-10 -5.70642300e-16  9.15300928e-16  3.18786538e-05
 -2.11212559e-06 -1.39363159e-08  8.65835360e-10]
received errors: 558698355599.7206    111935948854.18027

sending vector for error: [ 9.82934254e-19 -1.36044170e-12 -2.30753052e-13  4.99377949e-11
 -1.92463091e-10 -5.74706054e-16  9.25357062e-16  3.20718041e-05
 -2.11990899e-06 -1.39172078e-08  8.56813944e-10]
received errors: 716380261394.673    201694832662.33252

sending vector for error: [ 9.95642731e-19 -1.35293102e-12 -2.30163091e-13  4.99377949e-11
 -1.91128602e-10 -5.63845674e-16  9.33873172e-16  3.20618104e-05
 -2.10332686e-06 -1.38675435e-08  8.57816365e-10]
received errors: 581663814597.1436    104369964398.83365

sending vector for error: [ 9.90719317e-19 -1.34855567e-12 -2.29979496e-13  4.96997482e-11
 -1.93924759e-10 -5.71634428e-16  9.15033089e-16  3.20628327e-05
 -2.07909427e-06 -1.38597928e-08  8.55554130e-10]
received errors: 514055580457.9193    135735130443.31685


CROSSOVER:


	parent1 = [ 9.89493046e-19 -1.36210572e-12 -2.29933870e-13  5.03410756e-11
 -1.90254102e-10 -5.70642300e-16  9.15300928e-16  3.18786538e-05
 -2.11212559e-06 -1.39363159e-08  8.65835360e-10]
	parent2 = [ 9.91371848e-19 -1.36329947e-12 -2.29979496e-13  5.03384125e-11
 -1.92463091e-10 -5.69420828e-16  9.34566805e-16  3.17533448e-05
 -2.08880909e-06 -1.40528238e-08  8.58080657e-10]
	cutoff index = 2
	child 1 = [ 9.89493046e-19 -1.36210572e-12 -2.29979496e-13  5.03384125e-11
 -1.92463091e-10 -5.69420828e-16  9.34566805e-16  3.17533448e-05
 -2.08880909e-06 -1.40528238e-08  8.58080657e-10]
	child 2 = [ 9.89493046e-19 -1.36210572e-12 -2.29933870e-13  5.03410756e-11
 -1.90254102e-10 -5.70642300e-16  9.15300928e-16  3.18786538e-05
 -2.11212559e-06 -1.39363159e-08  8.65835360e-10]


CROSSOVER:


	parent1 = [ 9.91300511e-19 -1.37194873e-12 -2.28578206e-13  5.03025102e-11
 -1.92641349e-10 -5.73143344e-16  9.19333762e-16  3.17886985e-05
 -2.10367974e-06 -1.39477221e-08  8.57144787e-10]
	parent2 = [ 9.90719317e-19 -1.34855567e-12 -2.29979496e-13  4.96997482e-11
 -1.93924759e-10 -5.71634428e-16  9.15033089e-16  3.20628327e-05
 -2.07909427e-06 -1.38597928e-08  8.55554130e-10]
	cutoff index = 7
	child 1 = [ 9.91300511e-19 -1.37194873e-12 -2.28578206e-13  5.03025102e-11
 -1.92641349e-10 -5.73143344e-16  9.19333762e-16  3.20628327e-05
 -2.07909427e-06 -1.38597928e-08  8.55554130e-10]
	child 2 = [ 9.91300511e-19 -1.37194873e-12 -2.28578206e-13  5.03025102e-11
 -1.92641349e-10 -5.73143344e-16  9.19333762e-16  3.17886985e-05
 -2.10367974e-06 -1.39477221e-08  8.57144787e-10]


CROSSOVER:


	parent1 = [ 9.95642731e-19 -1.35293102e-12 -2.30163091e-13  4.99377949e-11
 -1.91128602e-10 -5.63845674e-16  9.33873172e-16  3.20618104e-05
 -2.10332686e-06 -1.38675435e-08  8.57816365e-10]
	parent2 = [ 9.91300511e-19 -1.37194873e-12 -2.28578206e-13  5.03025102e-11
 -1.92641349e-10 -5.73143344e-16  9.19333762e-16  3.17886985e-05
 -2.10367974e-06 -1.39477221e-08  8.57144787e-10]
	cutoff index = 4
	child 1 = [ 9.95642731e-19 -1.35293102e-12 -2.30163091e-13  4.99377949e-11
 -1.92641349e-10 -5.73143344e-16  9.19333762e-16  3.17886985e-05
 -2.10367974e-06 -1.39477221e-08  8.57144787e-10]
	child 2 = [ 9.95642731e-19 -1.35293102e-12 -2.30163091e-13  4.99377949e-11
 -1.91128602e-10 -5.63845674e-16  9.33873172e-16  3.20618104e-05
 -2.10332686e-06 -1.38675435e-08  8.57816365e-10]


CROSSOVER:


	parent1 = [ 9.95642731e-19 -1.35293102e-12 -2.30163091e-13  4.99377949e-11
 -1.91128602e-10 -5.63845674e-16  9.33873172e-16  3.20618104e-05
 -2.10332686e-06 -1.38675435e-08  8.57816365e-10]
	parent2 = [ 9.91300511e-19 -1.37194873e-12 -2.28578206e-13  5.03025102e-11
 -1.92641349e-10 -5.73143344e-16  9.19333762e-16  3.20628327e-05
 -2.07909427e-06 -1.38597928e-08  8.55554130e-10]
	cutoff index = 4
	child 1 = [ 9.95642731e-19 -1.35293102e-12 -2.30163091e-13  4.99377949e-11
 -1.92641349e-10 -5.73143344e-16  9.19333762e-16  3.20628327e-05
 -2.07909427e-06 -1.38597928e-08  8.55554130e-10]
	child 2 = [ 9.95642731e-19 -1.35293102e-12 -2.30163091e-13  4.99377949e-11
 -1.91128602e-10 -5.63845674e-16  9.33873172e-16  3.20618104e-05
 -2.10332686e-06 -1.38675435e-08  8.57816365e-10]


MUTATION: 

RECEIVED FOR MUTATTION: [[ 9.89493046e-19 -1.36210572e-12 -2.29979496e-13  5.03384125e-11
  -1.92463091e-10 -5.69420828e-16  9.34566805e-16  3.17533448e-05
  -2.08880909e-06 -1.40528238e-08  8.58080657e-10]
 [ 9.89493046e-19 -1.36210572e-12 -2.29933870e-13  5.03410756e-11
  -1.90254102e-10 -5.70642300e-16  9.15300928e-16  3.18786538e-05
  -2.11212559e-06 -1.39363159e-08  8.65835360e-10]
 [ 9.95642731e-19 -1.35293102e-12 -2.30163091e-13  4.99377949e-11
  -1.92641349e-10 -5.73143344e-16  9.19333762e-16  3.20628327e-05
  -2.07909427e-06 -1.38597928e-08  8.55554130e-10]
 [ 9.95642731e-19 -1.35293102e-12 -2.30163091e-13  4.99377949e-11
  -1.92641349e-10 -5.73143344e-16  9.19333762e-16  3.17886985e-05
  -2.10367974e-06 -1.39477221e-08  8.57144787e-10]
 [ 9.95642731e-19 -1.35293102e-12 -2.30163091e-13  4.99377949e-11
  -1.92641349e-10 -5.73143344e-16  9.19333762e-16  3.17886985e-05
  -2.10367974e-06 -1.39477221e-08  8.57144787e-10]
 [ 9.95642731e-19 -1.35293102e-12 -2.30163091e-13  4.99377949e-11
  -1.91128602e-10 -5.63845674e-16  9.33873172e-16  3.20618104e-05
  -2.10332686e-06 -1.38675435e-08  8.57816365e-10]
 [ 9.95642731e-19 -1.35293102e-12 -2.30163091e-13  4.99377949e-11
  -1.92641349e-10 -5.73143344e-16  9.19333762e-16  3.20628327e-05
  -2.07909427e-06 -1.38597928e-08  8.55554130e-10]
 [ 9.95642731e-19 -1.35293102e-12 -2.30163091e-13  4.99377949e-11
  -1.91128602e-10 -5.63845674e-16  9.33873172e-16  3.20618104e-05
  -2.10332686e-06 -1.38675435e-08  8.57816365e-10]]

Mutated feature:[[ 9.91505769e-19 -1.35511804e-12 -2.32088178e-13  4.98890784e-11
  -1.93904143e-10 -5.64864233e-16  9.41299964e-16  3.18211913e-05
  -2.08602400e-06 -1.40462648e-08  8.58080657e-10]
 [ 9.80693195e-19 -1.37369219e-12 -2.31110027e-13  5.04133792e-11
  -1.88590711e-10 -5.68944725e-16  9.16378957e-16  3.18786538e-05
  -2.11170995e-06 -1.39755912e-08  8.59642040e-10]
 [ 1.00219623e-18 -1.34731898e-12 -2.31967137e-13  4.99377949e-11
  -1.93067086e-10 -5.73489572e-16  9.16874954e-16  3.20628327e-05
  -2.09159683e-06 -1.38289799e-08  8.62275066e-10]
 [ 9.89437024e-19 -1.34750222e-12 -2.32003821e-13  4.96481842e-11
  -1.91576328e-10 -5.72237157e-16  9.27522059e-16  3.18739582e-05
  -2.12028601e-06 -1.40794977e-08  8.62619900e-10]
 [ 9.95260998e-19 -1.35959614e-12 -2.29626541e-13  5.03771262e-11
  -1.90990164e-10 -5.70654786e-16  9.17138809e-16  3.16848101e-05
  -2.10010170e-06 -1.38501707e-08  8.57144787e-10]
 [ 9.95642731e-19 -1.35293102e-12 -2.30464590e-13  4.95110819e-11
  -1.92334902e-10 -5.61921512e-16  9.35001684e-16  3.23044121e-05
  -2.11813179e-06 -1.39093065e-08  8.55902866e-10]
 [ 9.87826729e-19 -1.34894751e-12 -2.31237541e-13  5.03605063e-11
  -1.93445382e-10 -5.73143344e-16  9.12622620e-16  3.22739569e-05
  -2.07668473e-06 -1.39434000e-08  8.48241484e-10]
 [ 9.88878822e-19 -1.35358617e-12 -2.30163091e-13  4.97084462e-11
  -1.92679233e-10 -5.61469296e-16  9.42819716e-16  3.23178633e-05
  -2.10332686e-06 -1.37856034e-08  8.51263408e-10]]


sending vector for error: [ 9.91505769e-19 -1.35511804e-12 -2.32088178e-13  4.98890784e-11
 -1.93904143e-10 -5.64864233e-16  9.41299964e-16  3.18211913e-05
 -2.08602400e-06 -1.40462648e-08  8.58080657e-10]
received errors: 515840731638.1625    101500661362.15205

sending vector for error: [ 9.80693195e-19 -1.37369219e-12 -2.31110027e-13  5.04133792e-11
 -1.88590711e-10 -5.68944725e-16  9.16378957e-16  3.18786538e-05
 -2.11170995e-06 -1.39755912e-08  8.59642040e-10]
received errors: 632304713771.6593    150878861921.0247

sending vector for error: [ 1.00219623e-18 -1.34731898e-12 -2.31967137e-13  4.99377949e-11
 -1.93067086e-10 -5.73489572e-16  9.16874954e-16  3.20628327e-05
 -2.09159683e-06 -1.38289799e-08  8.62275066e-10]
received errors: 525059686009.04834    168850092396.7573

sending vector for error: [ 9.89437024e-19 -1.34750222e-12 -2.32003821e-13  4.96481842e-11
 -1.91576328e-10 -5.72237157e-16  9.27522059e-16  3.18739582e-05
 -2.12028601e-06 -1.40794977e-08  8.62619900e-10]
received errors: 673687057911.5594    198591051132.86224

sending vector for error: [ 9.95260998e-19 -1.35959614e-12 -2.29626541e-13  5.03771262e-11
 -1.90990164e-10 -5.70654786e-16  9.17138809e-16  3.16848101e-05
 -2.10010170e-06 -1.38501707e-08  8.57144787e-10]
received errors: 580739272790.6998    117594103902.29199

sending vector for error: [ 9.95642731e-19 -1.35293102e-12 -2.30464590e-13  4.95110819e-11
 -1.92334902e-10 -5.61921512e-16  9.35001684e-16  3.23044121e-05
 -2.11813179e-06 -1.39093065e-08  8.55902866e-10]
received errors: 693601895194.9608    161205875719.58502

sending vector for error: [ 9.87826729e-19 -1.34894751e-12 -2.31237541e-13  5.03605063e-11
 -1.93445382e-10 -5.73143344e-16  9.12622620e-16  3.22739569e-05
 -2.07668473e-06 -1.39434000e-08  8.48241484e-10]
received errors: 547621068187.1717    87718337133.1143

sending vector for error: [ 9.88878822e-19 -1.35358617e-12 -2.30163091e-13  4.97084462e-11
 -1.92679233e-10 -5.61469296e-16  9.42819716e-16  3.23178633e-05
 -2.10332686e-06 -1.37856034e-08  8.51263408e-10]
received errors: 636382702883.6531    108594774414.62547


CROSSOVER:


	parent1 = [ 1.00219623e-18 -1.34731898e-12 -2.31967137e-13  4.99377949e-11
 -1.93067086e-10 -5.73489572e-16  9.16874954e-16  3.20628327e-05
 -2.09159683e-06 -1.38289799e-08  8.62275066e-10]
	parent2 = [ 9.87826729e-19 -1.34894751e-12 -2.31237541e-13  5.03605063e-11
 -1.93445382e-10 -5.73143344e-16  9.12622620e-16  3.22739569e-05
 -2.07668473e-06 -1.39434000e-08  8.48241484e-10]
	cutoff index = 0
	child 1 = [ 9.87826729e-19 -1.34894751e-12 -2.31237541e-13  5.03605063e-11
 -1.93445382e-10 -5.73143344e-16  9.12622620e-16  3.22739569e-05
 -2.07668473e-06 -1.39434000e-08  8.48241484e-10]
	child 2 = [ 1.00219623e-18 -1.34731898e-12 -2.31967137e-13  4.99377949e-11
 -1.93067086e-10 -5.73489572e-16  9.16874954e-16  3.20628327e-05
 -2.09159683e-06 -1.38289799e-08  8.62275066e-10]


CROSSOVER:


	parent1 = [ 9.91505769e-19 -1.35511804e-12 -2.32088178e-13  4.98890784e-11
 -1.93904143e-10 -5.64864233e-16  9.41299964e-16  3.18211913e-05
 -2.08602400e-06 -1.40462648e-08  8.58080657e-10]
	parent2 = [ 1.00219623e-18 -1.34731898e-12 -2.31967137e-13  4.99377949e-11
 -1.93067086e-10 -5.73489572e-16  9.16874954e-16  3.20628327e-05
 -2.09159683e-06 -1.38289799e-08  8.62275066e-10]
	cutoff index = 1
	child 1 = [ 9.91505769e-19 -1.34731898e-12 -2.31967137e-13  4.99377949e-11
 -1.93067086e-10 -5.73489572e-16  9.16874954e-16  3.20628327e-05
 -2.09159683e-06 -1.38289799e-08  8.62275066e-10]
	child 2 = [ 9.91505769e-19 -1.35511804e-12 -2.32088178e-13  4.98890784e-11
 -1.93904143e-10 -5.64864233e-16  9.41299964e-16  3.18211913e-05
 -2.08602400e-06 -1.40462648e-08  8.58080657e-10]


CROSSOVER:


	parent1 = [ 9.95260998e-19 -1.35959614e-12 -2.29626541e-13  5.03771262e-11
 -1.90990164e-10 -5.70654786e-16  9.17138809e-16  3.16848101e-05
 -2.10010170e-06 -1.38501707e-08  8.57144787e-10]
	parent2 = [ 9.87826729e-19 -1.34894751e-12 -2.31237541e-13  5.03605063e-11
 -1.93445382e-10 -5.73143344e-16  9.12622620e-16  3.22739569e-05
 -2.07668473e-06 -1.39434000e-08  8.48241484e-10]
	cutoff index = 10
	child 1 = [ 9.95260998e-19 -1.35959614e-12 -2.29626541e-13  5.03771262e-11
 -1.90990164e-10 -5.70654786e-16  9.17138809e-16  3.16848101e-05
 -2.10010170e-06 -1.38501707e-08  8.48241484e-10]
	child 2 = [ 9.95260998e-19 -1.35959614e-12 -2.29626541e-13  5.03771262e-11
 -1.90990164e-10 -5.70654786e-16  9.17138809e-16  3.16848101e-05
 -2.10010170e-06 -1.38501707e-08  8.57144787e-10]


CROSSOVER:


	parent1 = [ 9.91505769e-19 -1.35511804e-12 -2.32088178e-13  4.98890784e-11
 -1.93904143e-10 -5.64864233e-16  9.41299964e-16  3.18211913e-05
 -2.08602400e-06 -1.40462648e-08  8.58080657e-10]
	parent2 = [ 9.91505769e-19 -1.35511804e-12 -2.32088178e-13  4.98890784e-11
 -1.93904143e-10 -5.64864233e-16  9.41299964e-16  3.18211913e-05
 -2.08602400e-06 -1.40462648e-08  8.58080657e-10]
	cutoff index = 6
	child 1 = [ 9.91505769e-19 -1.35511804e-12 -2.32088178e-13  4.98890784e-11
 -1.93904143e-10 -5.64864233e-16  9.41299964e-16  3.18211913e-05
 -2.08602400e-06 -1.40462648e-08  8.58080657e-10]
	child 2 = [ 9.91505769e-19 -1.35511804e-12 -2.32088178e-13  4.98890784e-11
 -1.93904143e-10 -5.64864233e-16  9.41299964e-16  3.18211913e-05
 -2.08602400e-06 -1.40462648e-08  8.58080657e-10]


MUTATION: 

RECEIVED FOR MUTATTION: [[ 9.95260998e-19 -1.35959614e-12 -2.29626541e-13  5.03771262e-11
  -1.90990164e-10 -5.70654786e-16  9.17138809e-16  3.16848101e-05
  -2.10010170e-06 -1.38501707e-08  8.48241484e-10]
 [ 9.91505769e-19 -1.34731898e-12 -2.31967137e-13  4.99377949e-11
  -1.93067086e-10 -5.73489572e-16  9.16874954e-16  3.20628327e-05
  -2.09159683e-06 -1.38289799e-08  8.62275066e-10]
 [ 9.91505769e-19 -1.34731898e-12 -2.31967137e-13  4.99377949e-11
  -1.93067086e-10 -5.73489572e-16  9.16874954e-16  3.20628327e-05
  -2.09159683e-06 -1.38289799e-08  8.62275066e-10]
 [ 9.91505769e-19 -1.35511804e-12 -2.32088178e-13  4.98890784e-11
  -1.93904143e-10 -5.64864233e-16  9.41299964e-16  3.18211913e-05
  -2.08602400e-06 -1.40462648e-08  8.58080657e-10]
 [ 9.95260998e-19 -1.35959614e-12 -2.29626541e-13  5.03771262e-11
  -1.90990164e-10 -5.70654786e-16  9.17138809e-16  3.16848101e-05
  -2.10010170e-06 -1.38501707e-08  8.48241484e-10]
 [ 9.95260998e-19 -1.35959614e-12 -2.29626541e-13  5.03771262e-11
  -1.90990164e-10 -5.70654786e-16  9.17138809e-16  3.16848101e-05
  -2.10010170e-06 -1.38501707e-08  8.57144787e-10]
 [ 9.91505769e-19 -1.35511804e-12 -2.32088178e-13  4.98890784e-11
  -1.93904143e-10 -5.64864233e-16  9.41299964e-16  3.18211913e-05
  -2.08602400e-06 -1.40462648e-08  8.58080657e-10]
 [ 9.91505769e-19 -1.35511804e-12 -2.32088178e-13  4.98890784e-11
  -1.93904143e-10 -5.64864233e-16  9.41299964e-16  3.18211913e-05
  -2.08602400e-06 -1.40462648e-08  8.58080657e-10]]

Mutated feature:[[ 9.91421357e-19 -1.35959614e-12 -2.28834554e-13  5.04948940e-11
  -1.91854093e-10 -5.70654786e-16  9.24636098e-16  3.16848101e-05
  -2.10582333e-06 -1.38824390e-08  8.50798420e-10]
 [ 9.91505769e-19 -1.34468173e-12 -2.32896616e-13  4.94876554e-11
  -1.94807486e-10 -5.73489572e-16  9.26003949e-16  3.21802466e-05
  -2.08142108e-06 -1.38289799e-08  8.62275066e-10]
 [ 9.91505769e-19 -1.34731898e-12 -2.32732561e-13  4.95408885e-11
  -1.93067086e-10 -5.67989603e-16  9.16874954e-16  3.20023513e-05
  -2.07650230e-06 -1.38289799e-08  8.70275628e-10]
 [ 9.92749531e-19 -1.34585293e-12 -2.34101055e-13  4.95119487e-11
  -1.93904143e-10 -5.64475377e-16  9.39587459e-16  3.15723874e-05
  -2.07200810e-06 -1.40462648e-08  8.66479769e-10]
 [ 1.00159310e-18 -1.35714460e-12 -2.29626541e-13  5.07067950e-11
  -1.90021306e-10 -5.70654786e-16  9.17617037e-16  3.13863354e-05
  -2.10087107e-06 -1.39808525e-08  8.48241484e-10]
 [ 1.00086672e-18 -1.35858492e-12 -2.27672828e-13  5.08327775e-11
  -1.90820232e-10 -5.66610830e-16  9.24055681e-16  3.16848101e-05
  -2.08974566e-06 -1.38912461e-08  8.64810231e-10]
 [ 9.91505769e-19 -1.35511804e-12 -2.30599097e-13  5.00311050e-11
  -1.93984649e-10 -5.61656034e-16  9.41299964e-16  3.16988121e-05
  -2.08638714e-06 -1.41785183e-08  8.50547982e-10]
 [ 1.00062090e-18 -1.35224695e-12 -2.30549016e-13  4.96306654e-11
  -1.93757673e-10 -5.64864233e-16  9.40095683e-16  3.20092516e-05
  -2.07673228e-06 -1.40880480e-08  8.61846595e-10]]


sending vector for error: [ 9.91421357e-19 -1.35959614e-12 -2.28834554e-13  5.04948940e-11
 -1.91854093e-10 -5.70654786e-16  9.24636098e-16  3.16848101e-05
 -2.10582333e-06 -1.38824390e-08  8.50798420e-10]
received errors: 732107415037.7042    253028689669.4934

sending vector for error: [ 9.91505769e-19 -1.34468173e-12 -2.32896616e-13  4.94876554e-11
 -1.94807486e-10 -5.73489572e-16  9.26003949e-16  3.21802466e-05
 -2.08142108e-06 -1.38289799e-08  8.62275066e-10]
received errors: 534574474818.7326    273070141072.71954

sending vector for error: [ 9.91505769e-19 -1.34731898e-12 -2.32732561e-13  4.95408885e-11
 -1.93067086e-10 -5.67989603e-16  9.16874954e-16  3.20023513e-05
 -2.07650230e-06 -1.38289799e-08  8.70275628e-10]
received errors: 592556112266.2075    554869483915.4688

sending vector for error: [ 9.92749531e-19 -1.34585293e-12 -2.34101055e-13  4.95119487e-11
 -1.93904143e-10 -5.64475377e-16  9.39587459e-16  3.15723874e-05
 -2.07200810e-06 -1.40462648e-08  8.66479769e-10]
received errors: 462666087745.6343    245599406137.32675

sending vector for error: [ 1.00159310e-18 -1.35714460e-12 -2.29626541e-13  5.07067950e-11
 -1.90021306e-10 -5.70654786e-16  9.17617037e-16  3.13863354e-05
 -2.10087107e-06 -1.39808525e-08  8.48241484e-10]
received errors: 811308560851.1677    393149541053.01465

sending vector for error: [ 1.00086672e-18 -1.35858492e-12 -2.27672828e-13  5.08327775e-11
 -1.90820232e-10 -5.66610830e-16  9.24055681e-16  3.16848101e-05
 -2.08974566e-06 -1.38912461e-08  8.64810231e-10]
received errors: 494687386602.1375    157979846459.61127

sending vector for error: [ 9.91505769e-19 -1.35511804e-12 -2.30599097e-13  5.00311050e-11
 -1.93984649e-10 -5.61656034e-16  9.41299964e-16  3.16988121e-05
 -2.08638714e-06 -1.41785183e-08  8.50547982e-10]
received errors: 641426923826.621    200993054882.64444

sending vector for error: [ 1.00062090e-18 -1.35224695e-12 -2.30549016e-13  4.96306654e-11
 -1.93757673e-10 -5.64864233e-16  9.40095683e-16  3.20092516e-05
 -2.07673228e-06 -1.40880480e-08  8.61846595e-10]
received errors: 482165170032.89734    170508401173.11884


CROSSOVER:


	parent1 = [ 1.00086672e-18 -1.35858492e-12 -2.27672828e-13  5.08327775e-11
 -1.90820232e-10 -5.66610830e-16  9.24055681e-16  3.16848101e-05
 -2.08974566e-06 -1.38912461e-08  8.64810231e-10]
	parent2 = [ 9.91505769e-19 -1.35511804e-12 -2.30599097e-13  5.00311050e-11
 -1.93984649e-10 -5.61656034e-16  9.41299964e-16  3.16988121e-05
 -2.08638714e-06 -1.41785183e-08  8.50547982e-10]
	cutoff index = 8
	child 1 = [ 1.00086672e-18 -1.35858492e-12 -2.27672828e-13  5.08327775e-11
 -1.90820232e-10 -5.66610830e-16  9.24055681e-16  3.16848101e-05
 -2.08638714e-06 -1.41785183e-08  8.50547982e-10]
	child 2 = [ 1.00086672e-18 -1.35858492e-12 -2.27672828e-13  5.08327775e-11
 -1.90820232e-10 -5.66610830e-16  9.24055681e-16  3.16848101e-05
 -2.08974566e-06 -1.38912461e-08  8.64810231e-10]


CROSSOVER:


	parent1 = [ 1.00086672e-18 -1.35858492e-12 -2.27672828e-13  5.08327775e-11
 -1.90820232e-10 -5.66610830e-16  9.24055681e-16  3.16848101e-05
 -2.08974566e-06 -1.38912461e-08  8.64810231e-10]
	parent2 = [ 9.91421357e-19 -1.35959614e-12 -2.28834554e-13  5.04948940e-11
 -1.91854093e-10 -5.70654786e-16  9.24636098e-16  3.16848101e-05
 -2.10582333e-06 -1.38824390e-08  8.50798420e-10]
	cutoff index = 1
	child 1 = [ 1.00086672e-18 -1.35959614e-12 -2.28834554e-13  5.04948940e-11
 -1.91854093e-10 -5.70654786e-16  9.24636098e-16  3.16848101e-05
 -2.10582333e-06 -1.38824390e-08  8.50798420e-10]
	child 2 = [ 1.00086672e-18 -1.35858492e-12 -2.27672828e-13  5.08327775e-11
 -1.90820232e-10 -5.66610830e-16  9.24055681e-16  3.16848101e-05
 -2.08974566e-06 -1.38912461e-08  8.64810231e-10]


CROSSOVER:


	parent1 = [ 9.92749531e-19 -1.34585293e-12 -2.34101055e-13  4.95119487e-11
 -1.93904143e-10 -5.64475377e-16  9.39587459e-16  3.15723874e-05
 -2.07200810e-06 -1.40462648e-08  8.66479769e-10]
	parent2 = [ 9.91505769e-19 -1.34468173e-12 -2.32896616e-13  4.94876554e-11
 -1.94807486e-10 -5.73489572e-16  9.26003949e-16  3.21802466e-05
 -2.08142108e-06 -1.38289799e-08  8.62275066e-10]
	cutoff index = 6
	child 1 = [ 9.92749531e-19 -1.34585293e-12 -2.34101055e-13  4.95119487e-11
 -1.93904143e-10 -5.64475377e-16  9.26003949e-16  3.21802466e-05
 -2.08142108e-06 -1.38289799e-08  8.62275066e-10]
	child 2 = [ 9.92749531e-19 -1.34585293e-12 -2.34101055e-13  4.95119487e-11
 -1.93904143e-10 -5.64475377e-16  9.39587459e-16  3.15723874e-05
 -2.07200810e-06 -1.40462648e-08  8.66479769e-10]


CROSSOVER:


	parent1 = [ 1.00086672e-18 -1.35858492e-12 -2.27672828e-13  5.08327775e-11
 -1.90820232e-10 -5.66610830e-16  9.24055681e-16  3.16848101e-05
 -2.08638714e-06 -1.41785183e-08  8.50547982e-10]
	parent2 = [ 1.00062090e-18 -1.35224695e-12 -2.30549016e-13  4.96306654e-11
 -1.93757673e-10 -5.64864233e-16  9.40095683e-16  3.20092516e-05
 -2.07673228e-06 -1.40880480e-08  8.61846595e-10]
	cutoff index = 3
	child 1 = [ 1.00086672e-18 -1.35858492e-12 -2.27672828e-13  4.96306654e-11
 -1.93757673e-10 -5.64864233e-16  9.40095683e-16  3.20092516e-05
 -2.07673228e-06 -1.40880480e-08  8.61846595e-10]
	child 2 = [ 1.00086672e-18 -1.35858492e-12 -2.27672828e-13  5.08327775e-11
 -1.90820232e-10 -5.66610830e-16  9.24055681e-16  3.16848101e-05
 -2.08638714e-06 -1.41785183e-08  8.50547982e-10]


MUTATION: 

RECEIVED FOR MUTATTION: [[ 1.00086672e-18 -1.35858492e-12 -2.27672828e-13  5.08327775e-11
  -1.90820232e-10 -5.66610830e-16  9.24055681e-16  3.16848101e-05
  -2.08638714e-06 -1.41785183e-08  8.50547982e-10]
 [ 1.00086672e-18 -1.35858492e-12 -2.27672828e-13  5.08327775e-11
  -1.90820232e-10 -5.66610830e-16  9.24055681e-16  3.16848101e-05
  -2.08974566e-06 -1.38912461e-08  8.64810231e-10]
 [ 1.00086672e-18 -1.35959614e-12 -2.28834554e-13  5.04948940e-11
  -1.91854093e-10 -5.70654786e-16  9.24636098e-16  3.16848101e-05
  -2.10582333e-06 -1.38824390e-08  8.50798420e-10]
 [ 1.00086672e-18 -1.35858492e-12 -2.27672828e-13  5.08327775e-11
  -1.90820232e-10 -5.66610830e-16  9.24055681e-16  3.16848101e-05
  -2.08974566e-06 -1.38912461e-08  8.64810231e-10]
 [ 9.92749531e-19 -1.34585293e-12 -2.34101055e-13  4.95119487e-11
  -1.93904143e-10 -5.64475377e-16  9.26003949e-16  3.21802466e-05
  -2.08142108e-06 -1.38289799e-08  8.62275066e-10]
 [ 9.92749531e-19 -1.34585293e-12 -2.34101055e-13  4.95119487e-11
  -1.93904143e-10 -5.64475377e-16  9.39587459e-16  3.15723874e-05
  -2.07200810e-06 -1.40462648e-08  8.66479769e-10]
 [ 1.00086672e-18 -1.35858492e-12 -2.27672828e-13  4.96306654e-11
  -1.93757673e-10 -5.64864233e-16  9.40095683e-16  3.20092516e-05
  -2.07673228e-06 -1.40880480e-08  8.61846595e-10]
 [ 1.00086672e-18 -1.35858492e-12 -2.27672828e-13  5.08327775e-11
  -1.90820232e-10 -5.66610830e-16  9.24055681e-16  3.16848101e-05
  -2.08638714e-06 -1.41785183e-08  8.50547982e-10]]

Mutated feature:[[ 1.01030478e-18 -1.36458409e-12 -2.29759130e-13  5.10462278e-11
  -1.90704142e-10 -5.62815515e-16  9.19680104e-16  3.17322356e-05
  -2.08357072e-06 -1.41785183e-08  8.50547982e-10]
 [ 1.00774187e-18 -1.34712035e-12 -2.29008468e-13  5.08327775e-11
  -1.89252829e-10 -5.64890594e-16  9.15271002e-16  3.16848101e-05
  -2.08974566e-06 -1.39247997e-08  8.58084938e-10]
 [ 1.00071777e-18 -1.35959614e-12 -2.28834554e-13  5.06656010e-11
  -1.92755733e-10 -5.69712564e-16  9.25289059e-16  3.13958110e-05
  -2.10582333e-06 -1.39684391e-08  8.50798420e-10]
 [ 1.01053064e-18 -1.34695191e-12 -2.26275813e-13  5.08327775e-11
  -1.90776431e-10 -5.62227889e-16  9.31356637e-16  3.15485586e-05
  -2.08983690e-06 -1.38912461e-08  8.65481045e-10]
 [ 9.87488436e-19 -1.33783918e-12 -2.34101055e-13  4.96079571e-11
  -1.94653229e-10 -5.61053863e-16  9.31754472e-16  3.21802466e-05
  -2.08957978e-06 -1.38126960e-08  8.63695666e-10]
 [ 9.92749531e-19 -1.33748535e-12 -2.34101055e-13  4.91108587e-11
  -1.93904143e-10 -5.59888926e-16  9.38005863e-16  3.16620115e-05
  -2.07553008e-06 -1.40245174e-08  8.62109170e-10]
 [ 1.00731713e-18 -1.35708464e-12 -2.27672828e-13  4.91880417e-11
  -1.93757673e-10 -5.60180770e-16  9.38400524e-16  3.18422896e-05
  -2.08605540e-06 -1.41582270e-08  8.61846595e-10]
 [ 1.00086672e-18 -1.35216521e-12 -2.29589928e-13  5.06227211e-11
  -1.89760052e-10 -5.66610830e-16  9.16694514e-16  3.19354663e-05
  -2.08843646e-06 -1.42868808e-08  8.47395612e-10]]


sending vector for error: [ 1.01030478e-18 -1.36458409e-12 -2.29759130e-13  5.10462278e-11
 -1.90704142e-10 -5.62815515e-16  9.19680104e-16  3.17322356e-05
 -2.08357072e-06 -1.41785183e-08  8.50547982e-10]
received errors: 615744035167.2747    173630244788.15698

sending vector for error: [ 1.00774187e-18 -1.34712035e-12 -2.29008468e-13  5.08327775e-11
 -1.89252829e-10 -5.64890594e-16  9.15271002e-16  3.16848101e-05
 -2.08974566e-06 -1.39247997e-08  8.58084938e-10]
received errors: 525722787136.96045    104092063400.28008

sending vector for error: [ 1.00071777e-18 -1.35959614e-12 -2.28834554e-13  5.06656010e-11
 -1.92755733e-10 -5.69712564e-16  9.25289059e-16  3.13958110e-05
 -2.10582333e-06 -1.39684391e-08  8.50798420e-10]
received errors: 797742674530.3662    372057102850.745

sending vector for error: [ 1.01053064e-18 -1.34695191e-12 -2.26275813e-13  5.08327775e-11
 -1.90776431e-10 -5.62227889e-16  9.31356637e-16  3.15485586e-05
 -2.08983690e-06 -1.38912461e-08  8.65481045e-10]
received errors: 487647838576.4249    154213985100.5137

sending vector for error: [ 9.87488436e-19 -1.33783918e-12 -2.34101055e-13  4.96079571e-11
 -1.94653229e-10 -5.61053863e-16  9.31754472e-16  3.21802466e-05
 -2.08957978e-06 -1.38126960e-08  8.63695666e-10]
received errors: 539699275171.0389    241720580581.25797

sending vector for error: [ 9.92749531e-19 -1.33748535e-12 -2.34101055e-13  4.91108587e-11
 -1.93904143e-10 -5.59888926e-16  9.38005863e-16  3.16620115e-05
 -2.07553008e-06 -1.40245174e-08  8.62109170e-10]
received errors: 467797202733.4027    161383136132.52756

sending vector for error: [ 1.00731713e-18 -1.35708464e-12 -2.27672828e-13  4.91880417e-11
 -1.93757673e-10 -5.60180770e-16  9.38400524e-16  3.18422896e-05
 -2.08605540e-06 -1.41582270e-08  8.61846595e-10]
received errors: 493561790205.78107    108032622239.11272

sending vector for error: [ 1.00086672e-18 -1.35216521e-12 -2.29589928e-13  5.06227211e-11
 -1.89760052e-10 -5.66610830e-16  9.16694514e-16  3.19354663e-05
 -2.08843646e-06 -1.42868808e-08  8.47395612e-10]
received errors: 731805545601.2991    291389161480.13965


CROSSOVER:


	parent1 = [ 1.00731713e-18 -1.35708464e-12 -2.27672828e-13  4.91880417e-11
 -1.93757673e-10 -5.60180770e-16  9.38400524e-16  3.18422896e-05
 -2.08605540e-06 -1.41582270e-08  8.61846595e-10]
	parent2 = [ 1.00774187e-18 -1.34712035e-12 -2.29008468e-13  5.08327775e-11
 -1.89252829e-10 -5.64890594e-16  9.15271002e-16  3.16848101e-05
 -2.08974566e-06 -1.39247997e-08  8.58084938e-10]
	cutoff index = 10
	child 1 = [ 1.00731713e-18 -1.35708464e-12 -2.27672828e-13  4.91880417e-11
 -1.93757673e-10 -5.60180770e-16  9.38400524e-16  3.18422896e-05
 -2.08605540e-06 -1.41582270e-08  8.58084938e-10]
	child 2 = [ 1.00731713e-18 -1.35708464e-12 -2.27672828e-13  4.91880417e-11
 -1.93757673e-10 -5.60180770e-16  9.38400524e-16  3.18422896e-05
 -2.08605540e-06 -1.41582270e-08  8.61846595e-10]


CROSSOVER:


	parent1 = [ 1.00731713e-18 -1.35708464e-12 -2.27672828e-13  4.91880417e-11
 -1.93757673e-10 -5.60180770e-16  9.38400524e-16  3.18422896e-05
 -2.08605540e-06 -1.41582270e-08  8.58084938e-10]
	parent2 = [ 9.92749531e-19 -1.33748535e-12 -2.34101055e-13  4.91108587e-11
 -1.93904143e-10 -5.59888926e-16  9.38005863e-16  3.16620115e-05
 -2.07553008e-06 -1.40245174e-08  8.62109170e-10]
	cutoff index = 0
	child 1 = [ 9.92749531e-19 -1.33748535e-12 -2.34101055e-13  4.91108587e-11
 -1.93904143e-10 -5.59888926e-16  9.38005863e-16  3.16620115e-05
 -2.07553008e-06 -1.40245174e-08  8.62109170e-10]
	child 2 = [ 1.00731713e-18 -1.35708464e-12 -2.27672828e-13  4.91880417e-11
 -1.93757673e-10 -5.60180770e-16  9.38400524e-16  3.18422896e-05
 -2.08605540e-06 -1.41582270e-08  8.58084938e-10]


CROSSOVER:


	parent1 = [ 9.87488436e-19 -1.33783918e-12 -2.34101055e-13  4.96079571e-11
 -1.94653229e-10 -5.61053863e-16  9.31754472e-16  3.21802466e-05
 -2.08957978e-06 -1.38126960e-08  8.63695666e-10]
	parent2 = [ 1.01030478e-18 -1.36458409e-12 -2.29759130e-13  5.10462278e-11
 -1.90704142e-10 -5.62815515e-16  9.19680104e-16  3.17322356e-05
 -2.08357072e-06 -1.41785183e-08  8.50547982e-10]
	cutoff index = 9
	child 1 = [ 9.87488436e-19 -1.33783918e-12 -2.34101055e-13  4.96079571e-11
 -1.94653229e-10 -5.61053863e-16  9.31754472e-16  3.21802466e-05
 -2.08957978e-06 -1.41785183e-08  8.50547982e-10]
	child 2 = [ 9.87488436e-19 -1.33783918e-12 -2.34101055e-13  4.96079571e-11
 -1.94653229e-10 -5.61053863e-16  9.31754472e-16  3.21802466e-05
 -2.08957978e-06 -1.38126960e-08  8.63695666e-10]


CROSSOVER:


	parent1 = [ 9.87488436e-19 -1.33783918e-12 -2.34101055e-13  4.96079571e-11
 -1.94653229e-10 -5.61053863e-16  9.31754472e-16  3.21802466e-05
 -2.08957978e-06 -1.38126960e-08  8.63695666e-10]
	parent2 = [ 1.01053064e-18 -1.34695191e-12 -2.26275813e-13  5.08327775e-11
 -1.90776431e-10 -5.62227889e-16  9.31356637e-16  3.15485586e-05
 -2.08983690e-06 -1.38912461e-08  8.65481045e-10]
	cutoff index = 1
	child 1 = [ 9.87488436e-19 -1.34695191e-12 -2.26275813e-13  5.08327775e-11
 -1.90776431e-10 -5.62227889e-16  9.31356637e-16  3.15485586e-05
 -2.08983690e-06 -1.38912461e-08  8.65481045e-10]
	child 2 = [ 9.87488436e-19 -1.33783918e-12 -2.34101055e-13  4.96079571e-11
 -1.94653229e-10 -5.61053863e-16  9.31754472e-16  3.21802466e-05
 -2.08957978e-06 -1.38126960e-08  8.63695666e-10]


MUTATION: 

RECEIVED FOR MUTATTION: [[ 1.00731713e-18 -1.35708464e-12 -2.27672828e-13  4.91880417e-11
  -1.93757673e-10 -5.60180770e-16  9.38400524e-16  3.18422896e-05
  -2.08605540e-06 -1.41582270e-08  8.58084938e-10]
 [ 1.00731713e-18 -1.35708464e-12 -2.27672828e-13  4.91880417e-11
  -1.93757673e-10 -5.60180770e-16  9.38400524e-16  3.18422896e-05
  -2.08605540e-06 -1.41582270e-08  8.61846595e-10]
 [ 9.92749531e-19 -1.33748535e-12 -2.34101055e-13  4.91108587e-11
  -1.93904143e-10 -5.59888926e-16  9.38005863e-16  3.16620115e-05
  -2.07553008e-06 -1.40245174e-08  8.62109170e-10]
 [ 1.00731713e-18 -1.35708464e-12 -2.27672828e-13  4.91880417e-11
  -1.93757673e-10 -5.60180770e-16  9.38400524e-16  3.18422896e-05
  -2.08605540e-06 -1.41582270e-08  8.58084938e-10]
 [ 9.87488436e-19 -1.33783918e-12 -2.34101055e-13  4.96079571e-11
  -1.94653229e-10 -5.61053863e-16  9.31754472e-16  3.21802466e-05
  -2.08957978e-06 -1.41785183e-08  8.50547982e-10]
 [ 9.87488436e-19 -1.33783918e-12 -2.34101055e-13  4.96079571e-11
  -1.94653229e-10 -5.61053863e-16  9.31754472e-16  3.21802466e-05
  -2.08957978e-06 -1.38126960e-08  8.63695666e-10]
 [ 9.87488436e-19 -1.34695191e-12 -2.26275813e-13  5.08327775e-11
  -1.90776431e-10 -5.62227889e-16  9.31356637e-16  3.15485586e-05
  -2.08983690e-06 -1.38912461e-08  8.65481045e-10]
 [ 9.87488436e-19 -1.33783918e-12 -2.34101055e-13  4.96079571e-11
  -1.94653229e-10 -5.61053863e-16  9.31754472e-16  3.21802466e-05
  -2.08957978e-06 -1.38126960e-08  8.63695666e-10]]

Mutated feature:[[ 1.00111220e-18 -1.35708464e-12 -2.25631928e-13  4.91201586e-11
  -1.92672566e-10 -5.61418698e-16  9.44357489e-16  3.17586519e-05
  -2.07553446e-06 -1.40686753e-08  8.56829333e-10]
 [ 9.98731723e-19 -1.36494637e-12 -2.28514946e-13  4.91880417e-11
  -1.93502929e-10 -5.64000055e-16  9.38400524e-16  3.19430462e-05
  -2.07811873e-06 -1.41582270e-08  8.67519614e-10]
 [ 9.92749531e-19 -1.33052950e-12 -2.34656552e-13  4.95933087e-11
  -1.95769410e-10 -5.54317959e-16  9.38005863e-16  3.17724978e-05
  -2.05819804e-06 -1.40437524e-08  8.62109170e-10]
 [ 9.99619919e-19 -1.36164611e-12 -2.26475398e-13  4.92715526e-11
  -1.93757673e-10 -5.60180770e-16  9.45618445e-16  3.19679296e-05
  -2.08788367e-06 -1.41333039e-08  8.57863683e-10]
 [ 9.83984687e-19 -1.33660764e-12 -2.34101055e-13  4.96079571e-11
  -1.96177047e-10 -5.65640956e-16  9.32423023e-16  3.21118423e-05
  -2.09536797e-06 -1.41651995e-08  8.44815602e-10]
 [ 9.94044897e-19 -1.32575668e-12 -2.36334087e-13  4.96854131e-11
  -1.94964263e-10 -5.65285177e-16  9.33628345e-16  3.22755086e-05
  -2.09469495e-06 -1.38520048e-08  8.57290069e-10]
 [ 9.94980510e-19 -1.35012277e-12 -2.24165095e-13  5.08327775e-11
  -1.89989667e-10 -5.66974586e-16  9.31356637e-16  3.15327337e-05
  -2.08983690e-06 -1.38356675e-08  8.69583969e-10]
 [ 9.90743109e-19 -1.33249627e-12 -2.35095869e-13  4.96079571e-11
  -1.94653229e-10 -5.58501228e-16  9.31525349e-16  3.20527697e-05
  -2.07109020e-06 -1.37670462e-08  8.55759616e-10]]


sending vector for error: [ 1.00111220e-18 -1.35708464e-12 -2.25631928e-13  4.91201586e-11
 -1.92672566e-10 -5.61418698e-16  9.44357489e-16  3.17586519e-05
 -2.07553446e-06 -1.40686753e-08  8.56829333e-10]
received errors: 486122702601.69904    105898625645.2726

sending vector for error: [ 9.98731723e-19 -1.36494637e-12 -2.28514946e-13  4.91880417e-11
 -1.93502929e-10 -5.64000055e-16  9.38400524e-16  3.19430462e-05
 -2.07811873e-06 -1.41582270e-08  8.67519614e-10]
received errors: 476168626987.0921    230705594942.31622

sending vector for error: [ 9.92749531e-19 -1.33052950e-12 -2.34656552e-13  4.95933087e-11
 -1.95769410e-10 -5.54317959e-16  9.38005863e-16  3.17724978e-05
 -2.05819804e-06 -1.40437524e-08  8.62109170e-10]
received errors: 482604024009.1224    328760907377.5554

sending vector for error: [ 9.99619919e-19 -1.36164611e-12 -2.26475398e-13  4.92715526e-11
 -1.93757673e-10 -5.60180770e-16  9.45618445e-16  3.19679296e-05
 -2.08788367e-06 -1.41333039e-08  8.57863683e-10]
received errors: 529431489258.56085    100872962123.04721

sending vector for error: [ 9.83984687e-19 -1.33660764e-12 -2.34101055e-13  4.96079571e-11
 -1.96177047e-10 -5.65640956e-16  9.32423023e-16  3.21118423e-05
 -2.09536797e-06 -1.41651995e-08  8.44815602e-10]
received errors: 795954724654.7058    329105264132.92755

sending vector for error: [ 9.94044897e-19 -1.32575668e-12 -2.36334087e-13  4.96854131e-11
 -1.94964263e-10 -5.65285177e-16  9.33628345e-16  3.22755086e-05
 -2.09469495e-06 -1.38520048e-08  8.57290069e-10]
received errors: 552301684536.238    112187764837.7065

sending vector for error: [ 9.94980510e-19 -1.35012277e-12 -2.24165095e-13  5.08327775e-11
 -1.89989667e-10 -5.66974586e-16  9.31356637e-16  3.15327337e-05
 -2.08983690e-06 -1.38356675e-08  8.69583969e-10]
received errors: 494658339669.3823    239588970493.52017

sending vector for error: [ 9.90743109e-19 -1.33249627e-12 -2.35095869e-13  4.96079571e-11
 -1.94653229e-10 -5.58501228e-16  9.31525349e-16  3.20527697e-05
 -2.07109020e-06 -1.37670462e-08  8.55759616e-10]
received errors: 520791167988.61786    231877896282.59174


CROSSOVER:


	parent1 = [ 9.90743109e-19 -1.33249627e-12 -2.35095869e-13  4.96079571e-11
 -1.94653229e-10 -5.58501228e-16  9.31525349e-16  3.20527697e-05
 -2.07109020e-06 -1.37670462e-08  8.55759616e-10]
	parent2 = [ 9.92749531e-19 -1.33052950e-12 -2.34656552e-13  4.95933087e-11
 -1.95769410e-10 -5.54317959e-16  9.38005863e-16  3.17724978e-05
 -2.05819804e-06 -1.40437524e-08  8.62109170e-10]
	cutoff index = 4
	child 1 = [ 9.90743109e-19 -1.33249627e-12 -2.35095869e-13  4.96079571e-11
 -1.95769410e-10 -5.54317959e-16  9.38005863e-16  3.17724978e-05
 -2.05819804e-06 -1.40437524e-08  8.62109170e-10]
	child 2 = [ 9.90743109e-19 -1.33249627e-12 -2.35095869e-13  4.96079571e-11
 -1.94653229e-10 -5.58501228e-16  9.31525349e-16  3.20527697e-05
 -2.07109020e-06 -1.37670462e-08  8.55759616e-10]


CROSSOVER:


	parent1 = [ 9.94980510e-19 -1.35012277e-12 -2.24165095e-13  5.08327775e-11
 -1.89989667e-10 -5.66974586e-16  9.31356637e-16  3.15327337e-05
 -2.08983690e-06 -1.38356675e-08  8.69583969e-10]
	parent2 = [ 1.00111220e-18 -1.35708464e-12 -2.25631928e-13  4.91201586e-11
 -1.92672566e-10 -5.61418698e-16  9.44357489e-16  3.17586519e-05
 -2.07553446e-06 -1.40686753e-08  8.56829333e-10]
	cutoff index = 0
	child 1 = [ 1.00111220e-18 -1.35708464e-12 -2.25631928e-13  4.91201586e-11
 -1.92672566e-10 -5.61418698e-16  9.44357489e-16  3.17586519e-05
 -2.07553446e-06 -1.40686753e-08  8.56829333e-10]
	child 2 = [ 9.94980510e-19 -1.35012277e-12 -2.24165095e-13  5.08327775e-11
 -1.89989667e-10 -5.66974586e-16  9.31356637e-16  3.15327337e-05
 -2.08983690e-06 -1.38356675e-08  8.69583969e-10]


CROSSOVER:


	parent1 = [ 9.90743109e-19 -1.33249627e-12 -2.35095869e-13  4.96079571e-11
 -1.95769410e-10 -5.54317959e-16  9.38005863e-16  3.17724978e-05
 -2.05819804e-06 -1.40437524e-08  8.62109170e-10]
	parent2 = [ 9.99619919e-19 -1.36164611e-12 -2.26475398e-13  4.92715526e-11
 -1.93757673e-10 -5.60180770e-16  9.45618445e-16  3.19679296e-05
 -2.08788367e-06 -1.41333039e-08  8.57863683e-10]
	cutoff index = 10
	child 1 = [ 9.90743109e-19 -1.33249627e-12 -2.35095869e-13  4.96079571e-11
 -1.95769410e-10 -5.54317959e-16  9.38005863e-16  3.17724978e-05
 -2.05819804e-06 -1.40437524e-08  8.57863683e-10]
	child 2 = [ 9.90743109e-19 -1.33249627e-12 -2.35095869e-13  4.96079571e-11
 -1.95769410e-10 -5.54317959e-16  9.38005863e-16  3.17724978e-05
 -2.05819804e-06 -1.40437524e-08  8.62109170e-10]


CROSSOVER:


	parent1 = [ 9.90743109e-19 -1.33249627e-12 -2.35095869e-13  4.96079571e-11
 -1.94653229e-10 -5.58501228e-16  9.31525349e-16  3.20527697e-05
 -2.07109020e-06 -1.37670462e-08  8.55759616e-10]
	parent2 = [ 9.90743109e-19 -1.33249627e-12 -2.35095869e-13  4.96079571e-11
 -1.95769410e-10 -5.54317959e-16  9.38005863e-16  3.17724978e-05
 -2.05819804e-06 -1.40437524e-08  8.62109170e-10]
	cutoff index = 10
	child 1 = [ 9.90743109e-19 -1.33249627e-12 -2.35095869e-13  4.96079571e-11
 -1.94653229e-10 -5.58501228e-16  9.31525349e-16  3.20527697e-05
 -2.07109020e-06 -1.37670462e-08  8.62109170e-10]
	child 2 = [ 9.90743109e-19 -1.33249627e-12 -2.35095869e-13  4.96079571e-11
 -1.94653229e-10 -5.58501228e-16  9.31525349e-16  3.20527697e-05
 -2.07109020e-06 -1.37670462e-08  8.55759616e-10]


MUTATION: 

RECEIVED FOR MUTATTION: [[ 9.90743109e-19 -1.33249627e-12 -2.35095869e-13  4.96079571e-11
  -1.94653229e-10 -5.58501228e-16  9.31525349e-16  3.20527697e-05
  -2.07109020e-06 -1.37670462e-08  8.62109170e-10]
 [ 9.90743109e-19 -1.33249627e-12 -2.35095869e-13  4.96079571e-11
  -1.94653229e-10 -5.58501228e-16  9.31525349e-16  3.20527697e-05
  -2.07109020e-06 -1.37670462e-08  8.55759616e-10]
 [ 1.00111220e-18 -1.35708464e-12 -2.25631928e-13  4.91201586e-11
  -1.92672566e-10 -5.61418698e-16  9.44357489e-16  3.17586519e-05
  -2.07553446e-06 -1.40686753e-08  8.56829333e-10]
 [ 9.94980510e-19 -1.35012277e-12 -2.24165095e-13  5.08327775e-11
  -1.89989667e-10 -5.66974586e-16  9.31356637e-16  3.15327337e-05
  -2.08983690e-06 -1.38356675e-08  8.69583969e-10]
 [ 9.90743109e-19 -1.33249627e-12 -2.35095869e-13  4.96079571e-11
  -1.95769410e-10 -5.54317959e-16  9.38005863e-16  3.17724978e-05
  -2.05819804e-06 -1.40437524e-08  8.57863683e-10]
 [ 9.90743109e-19 -1.33249627e-12 -2.35095869e-13  4.96079571e-11
  -1.94653229e-10 -5.58501228e-16  9.31525349e-16  3.20527697e-05
  -2.07109020e-06 -1.37670462e-08  8.62109170e-10]
 [ 9.90743109e-19 -1.33249627e-12 -2.35095869e-13  4.96079571e-11
  -1.94653229e-10 -5.58501228e-16  9.31525349e-16  3.20527697e-05
  -2.07109020e-06 -1.37670462e-08  8.62109170e-10]
 [ 9.90743109e-19 -1.33249627e-12 -2.35095869e-13  4.96079571e-11
  -1.94653229e-10 -5.58501228e-16  9.31525349e-16  3.20527697e-05
  -2.07109020e-06 -1.37670462e-08  8.55759616e-10]]

Mutated feature:[[ 9.90743109e-19 -1.34003415e-12 -2.34568657e-13  4.99452588e-11
  -1.93208861e-10 -5.58501228e-16  9.37885940e-16  3.18329678e-05
  -2.07109020e-06 -1.37280728e-08  8.62109170e-10]
 [ 9.88699532e-19 -1.33779242e-12 -2.34067593e-13  4.96979631e-11
  -1.93221957e-10 -5.54807118e-16  9.37771362e-16  3.23603217e-05
  -2.07520698e-06 -1.37833792e-08  8.55759616e-10]
 [ 9.99606423e-19 -1.35708464e-12 -2.25631928e-13  4.93594393e-11
  -1.93356678e-10 -5.62846781e-16  9.42197200e-16  3.17936123e-05
  -2.06897787e-06 -1.41776177e-08  8.60213696e-10]
 [ 1.00171938e-18 -1.35026177e-12 -2.25523234e-13  5.08327775e-11
  -1.89989667e-10 -5.69402518e-16  9.31356637e-16  3.16525817e-05
  -2.08164674e-06 -1.37131234e-08  8.68300811e-10]
 [ 9.92601317e-19 -1.33249627e-12 -2.35095869e-13  4.93434011e-11
  -1.95769410e-10 -5.53593626e-16  9.42062925e-16  3.17724978e-05
  -2.05819804e-06 -1.41361910e-08  8.50735196e-10]
 [ 9.82646831e-19 -1.34131311e-12 -2.37235277e-13  5.00214127e-11
  -1.94653229e-10 -5.58501228e-16  9.31201925e-16  3.21684330e-05
  -2.05794298e-06 -1.37113910e-08  8.70005429e-10]
 [ 1.00051100e-18 -1.34147545e-12 -2.35211134e-13  4.96079571e-11
  -1.94993223e-10 -5.58544999e-16  9.31525349e-16  3.23499292e-05
  -2.07109020e-06 -1.37812266e-08  8.59491283e-10]
 [ 9.90743109e-19 -1.33631895e-12 -2.33189566e-13  4.96513524e-11
  -1.95585270e-10 -5.58501228e-16  9.31525349e-16  3.20527697e-05
  -2.06173217e-06 -1.37802648e-08  8.55759616e-10]]


sending vector for error: [ 9.90743109e-19 -1.34003415e-12 -2.34568657e-13  4.99452588e-11
 -1.93208861e-10 -5.58501228e-16  9.37885940e-16  3.18329678e-05
 -2.07109020e-06 -1.37280728e-08  8.62109170e-10]
received errors: 539282272804.09064    373942242069.9998

sending vector for error: [ 9.88699532e-19 -1.33779242e-12 -2.34067593e-13  4.96979631e-11
 -1.93221957e-10 -5.54807118e-16  9.37771362e-16  3.23603217e-05
 -2.07520698e-06 -1.37833792e-08  8.55759616e-10]
received errors: 544947493733.042    245691903170.12173

sending vector for error: [ 9.99606423e-19 -1.35708464e-12 -2.25631928e-13  4.93594393e-11
 -1.93356678e-10 -5.62846781e-16  9.42197200e-16  3.17936123e-05
 -2.06897787e-06 -1.41776177e-08  8.60213696e-10]
received errors: 455678003777.51697    141774444853.55316

sending vector for error: [ 1.00171938e-18 -1.35026177e-12 -2.25523234e-13  5.08327775e-11
 -1.89989667e-10 -5.69402518e-16  9.31356637e-16  3.16525817e-05
 -2.08164674e-06 -1.37131234e-08  8.68300811e-10]
received errors: 538355920061.4821    385361985503.51276

sending vector for error: [ 9.92601317e-19 -1.33249627e-12 -2.35095869e-13  4.93434011e-11
 -1.95769410e-10 -5.53593626e-16  9.42062925e-16  3.17724978e-05
 -2.05819804e-06 -1.41361910e-08  8.50735196e-10]
received errors: 465924170130.246    99906523927.3274

sending vector for error: [ 9.82646831e-19 -1.34131311e-12 -2.37235277e-13  5.00214127e-11
 -1.94653229e-10 -5.58501228e-16  9.31201925e-16  3.21684330e-05
 -2.05794298e-06 -1.37113910e-08  8.70005429e-10]
received errors: 807269022473.2034    1135714221351.4458

sending vector for error: [ 1.00051100e-18 -1.34147545e-12 -2.35211134e-13  4.96079571e-11
 -1.94993223e-10 -5.58544999e-16  9.31525349e-16  3.23499292e-05
 -2.07109020e-06 -1.37812266e-08  8.59491283e-10]
received errors: 572433835678.2297    395273123420.7677

sending vector for error: [ 9.90743109e-19 -1.33631895e-12 -2.33189566e-13  4.96513524e-11
 -1.95585270e-10 -5.58501228e-16  9.31525349e-16  3.20527697e-05
 -2.06173217e-06 -1.37802648e-08  8.55759616e-10]
received errors: 528863160203.2363    323560280364.0165


CROSSOVER:


	parent1 = [ 1.00051100e-18 -1.34147545e-12 -2.35211134e-13  4.96079571e-11
 -1.94993223e-10 -5.58544999e-16  9.31525349e-16  3.23499292e-05
 -2.07109020e-06 -1.37812266e-08  8.59491283e-10]
	parent2 = [ 9.99606423e-19 -1.35708464e-12 -2.25631928e-13  4.93594393e-11
 -1.93356678e-10 -5.62846781e-16  9.42197200e-16  3.17936123e-05
 -2.06897787e-06 -1.41776177e-08  8.60213696e-10]
	cutoff index = 9
	child 1 = [ 1.00051100e-18 -1.34147545e-12 -2.35211134e-13  4.96079571e-11
 -1.94993223e-10 -5.58544999e-16  9.31525349e-16  3.23499292e-05
 -2.07109020e-06 -1.41776177e-08  8.60213696e-10]
	child 2 = [ 1.00051100e-18 -1.34147545e-12 -2.35211134e-13  4.96079571e-11
 -1.94993223e-10 -5.58544999e-16  9.31525349e-16  3.23499292e-05
 -2.07109020e-06 -1.37812266e-08  8.59491283e-10]


CROSSOVER:


	parent1 = [ 9.92601317e-19 -1.33249627e-12 -2.35095869e-13  4.93434011e-11
 -1.95769410e-10 -5.53593626e-16  9.42062925e-16  3.17724978e-05
 -2.05819804e-06 -1.41361910e-08  8.50735196e-10]
	parent2 = [ 1.00171938e-18 -1.35026177e-12 -2.25523234e-13  5.08327775e-11
 -1.89989667e-10 -5.69402518e-16  9.31356637e-16  3.16525817e-05
 -2.08164674e-06 -1.37131234e-08  8.68300811e-10]
	cutoff index = 5
	child 1 = [ 9.92601317e-19 -1.33249627e-12 -2.35095869e-13  4.93434011e-11
 -1.95769410e-10 -5.69402518e-16  9.31356637e-16  3.16525817e-05
 -2.08164674e-06 -1.37131234e-08  8.68300811e-10]
	child 2 = [ 9.92601317e-19 -1.33249627e-12 -2.35095869e-13  4.93434011e-11
 -1.95769410e-10 -5.53593626e-16  9.42062925e-16  3.17724978e-05
 -2.05819804e-06 -1.41361910e-08  8.50735196e-10]


CROSSOVER:


	parent1 = [ 9.90743109e-19 -1.33631895e-12 -2.33189566e-13  4.96513524e-11
 -1.95585270e-10 -5.58501228e-16  9.31525349e-16  3.20527697e-05
 -2.06173217e-06 -1.37802648e-08  8.55759616e-10]
	parent2 = [ 9.92601317e-19 -1.33249627e-12 -2.35095869e-13  4.93434011e-11
 -1.95769410e-10 -5.53593626e-16  9.42062925e-16  3.17724978e-05
 -2.05819804e-06 -1.41361910e-08  8.50735196e-10]
	cutoff index = 6
	child 1 = [ 9.90743109e-19 -1.33631895e-12 -2.33189566e-13  4.96513524e-11
 -1.95585270e-10 -5.58501228e-16  9.42062925e-16  3.17724978e-05
 -2.05819804e-06 -1.41361910e-08  8.50735196e-10]
	child 2 = [ 9.90743109e-19 -1.33631895e-12 -2.33189566e-13  4.96513524e-11
 -1.95585270e-10 -5.58501228e-16  9.31525349e-16  3.20527697e-05
 -2.06173217e-06 -1.37802648e-08  8.55759616e-10]


CROSSOVER:


	parent1 = [ 9.92601317e-19 -1.33249627e-12 -2.35095869e-13  4.93434011e-11
 -1.95769410e-10 -5.69402518e-16  9.31356637e-16  3.16525817e-05
 -2.08164674e-06 -1.37131234e-08  8.68300811e-10]
	parent2 = [ 9.90743109e-19 -1.33631895e-12 -2.33189566e-13  4.96513524e-11
 -1.95585270e-10 -5.58501228e-16  9.42062925e-16  3.17724978e-05
 -2.05819804e-06 -1.41361910e-08  8.50735196e-10]
	cutoff index = 5
	child 1 = [ 9.92601317e-19 -1.33249627e-12 -2.35095869e-13  4.93434011e-11
 -1.95769410e-10 -5.58501228e-16  9.42062925e-16  3.17724978e-05
 -2.05819804e-06 -1.41361910e-08  8.50735196e-10]
	child 2 = [ 9.92601317e-19 -1.33249627e-12 -2.35095869e-13  4.93434011e-11
 -1.95769410e-10 -5.69402518e-16  9.31356637e-16  3.16525817e-05
 -2.08164674e-06 -1.37131234e-08  8.68300811e-10]


MUTATION: 

RECEIVED FOR MUTATTION: [[ 1.00051100e-18 -1.34147545e-12 -2.35211134e-13  4.96079571e-11
  -1.94993223e-10 -5.58544999e-16  9.31525349e-16  3.23499292e-05
  -2.07109020e-06 -1.41776177e-08  8.60213696e-10]
 [ 1.00051100e-18 -1.34147545e-12 -2.35211134e-13  4.96079571e-11
  -1.94993223e-10 -5.58544999e-16  9.31525349e-16  3.23499292e-05
  -2.07109020e-06 -1.37812266e-08  8.59491283e-10]
 [ 9.92601317e-19 -1.33249627e-12 -2.35095869e-13  4.93434011e-11
  -1.95769410e-10 -5.69402518e-16  9.31356637e-16  3.16525817e-05
  -2.08164674e-06 -1.37131234e-08  8.68300811e-10]
 [ 9.92601317e-19 -1.33249627e-12 -2.35095869e-13  4.93434011e-11
  -1.95769410e-10 -5.58501228e-16  9.42062925e-16  3.17724978e-05
  -2.05819804e-06 -1.41361910e-08  8.50735196e-10]
 [ 9.92601317e-19 -1.33249627e-12 -2.35095869e-13  4.93434011e-11
  -1.95769410e-10 -5.58501228e-16  9.42062925e-16  3.17724978e-05
  -2.05819804e-06 -1.41361910e-08  8.50735196e-10]
 [ 9.90743109e-19 -1.33631895e-12 -2.33189566e-13  4.96513524e-11
  -1.95585270e-10 -5.58501228e-16  9.31525349e-16  3.20527697e-05
  -2.06173217e-06 -1.37802648e-08  8.55759616e-10]
 [ 9.92601317e-19 -1.33249627e-12 -2.35095869e-13  4.93434011e-11
  -1.95769410e-10 -5.58501228e-16  9.42062925e-16  3.17724978e-05
  -2.05819804e-06 -1.41361910e-08  8.50735196e-10]
 [ 9.92601317e-19 -1.33249627e-12 -2.35095869e-13  4.93434011e-11
  -1.95769410e-10 -5.69402518e-16  9.31356637e-16  3.16525817e-05
  -2.08164674e-06 -1.37131234e-08  8.68300811e-10]]

Mutated feature:[[ 9.90700297e-19 -1.34147545e-12 -2.35808347e-13  4.97297612e-11
  -1.95386895e-10 -5.58544999e-16  9.31525349e-16  3.23499292e-05
  -2.06562671e-06 -1.41776177e-08  8.54878075e-10]
 [ 9.94560366e-19 -1.34147545e-12 -2.35211134e-13  4.97975203e-11
  -1.94993223e-10 -5.57395425e-16  9.34679042e-16  3.26518740e-05
  -2.08300191e-06 -1.36499927e-08  8.53572033e-10]
 [ 9.92601317e-19 -1.32596488e-12 -2.34738011e-13  4.93434011e-11
  -1.96522039e-10 -5.74424866e-16  9.31356637e-16  3.17508286e-05
  -2.09755435e-06 -1.35781271e-08  8.60091592e-10]
 [ 9.92601317e-19 -1.32688692e-12 -2.35124596e-13  4.88992154e-11
  -1.95769410e-10 -5.54665994e-16  9.34901819e-16  3.15086761e-05
  -2.05289711e-06 -1.41361910e-08  8.50735196e-10]
 [ 9.95598911e-19 -1.32824578e-12 -2.34913866e-13  4.97430887e-11
  -1.94644060e-10 -5.58077241e-16  9.41000636e-16  3.19397379e-05
  -2.05652429e-06 -1.41977289e-08  8.49678411e-10]
 [ 9.83468191e-19 -1.34763153e-12 -2.31626390e-13  4.99732904e-11
  -1.94102553e-10 -5.61832660e-16  9.25498684e-16  3.20527697e-05
  -2.06173217e-06 -1.36985358e-08  8.48432269e-10]
 [ 9.92601317e-19 -1.32790757e-12 -2.35095869e-13  4.91757137e-11
  -1.94242070e-10 -5.58675611e-16  9.44410554e-16  3.19234166e-05
  -2.07528000e-06 -1.42691438e-08  8.50735196e-10]
 [ 9.82822638e-19 -1.33115411e-12 -2.35095869e-13  4.98009841e-11
  -1.95110824e-10 -5.68363846e-16  9.26859672e-16  3.16207462e-05
  -2.10097380e-06 -1.35825445e-08  8.72453767e-10]]


sending vector for error: [ 9.90700297e-19 -1.34147545e-12 -2.35808347e-13  4.97297612e-11
 -1.95386895e-10 -5.58544999e-16  9.31525349e-16  3.23499292e-05
 -2.06562671e-06 -1.41776177e-08  8.54878075e-10]
received errors: 485970984834.4465    147561535114.66098

sending vector for error: [ 9.94560366e-19 -1.34147545e-12 -2.35211134e-13  4.97975203e-11
 -1.94993223e-10 -5.57395425e-16  9.34679042e-16  3.26518740e-05
 -2.08300191e-06 -1.36499927e-08  8.53572033e-10]
received errors: 585102922150.9105    238103975070.25

sending vector for error: [ 9.92601317e-19 -1.32596488e-12 -2.34738011e-13  4.93434011e-11
 -1.96522039e-10 -5.74424866e-16  9.31356637e-16  3.17508286e-05
 -2.09755435e-06 -1.35781271e-08  8.60091592e-10]
received errors: 541456234955.9338    141943116335.33923

sending vector for error: [ 9.92601317e-19 -1.32688692e-12 -2.35124596e-13  4.88992154e-11
 -1.95769410e-10 -5.54665994e-16  9.34901819e-16  3.15086761e-05
 -2.05289711e-06 -1.41361910e-08  8.50735196e-10]
received errors: 446436221801.8639    101017175163.84435

sending vector for error: [ 9.95598911e-19 -1.32824578e-12 -2.34913866e-13  4.97430887e-11
 -1.94644060e-10 -5.58077241e-16  9.41000636e-16  3.19397379e-05
 -2.05652429e-06 -1.41977289e-08  8.49678411e-10]
received errors: 469217356842.17883    95513242104.29869

sending vector for error: [ 9.83468191e-19 -1.34763153e-12 -2.31626390e-13  4.99732904e-11
 -1.94102553e-10 -5.61832660e-16  9.25498684e-16  3.20527697e-05
 -2.06173217e-06 -1.36985358e-08  8.48432269e-10]
received errors: 516052628190.8854    186544082022.4262

sending vector for error: [ 9.92601317e-19 -1.32790757e-12 -2.35095869e-13  4.91757137e-11
 -1.94242070e-10 -5.58675611e-16  9.44410554e-16  3.19234166e-05
 -2.07528000e-06 -1.42691438e-08  8.50735196e-10]
received errors: 557133530028.1128    121782940133.977

sending vector for error: [ 9.82822638e-19 -1.33115411e-12 -2.35095869e-13  4.98009841e-11
 -1.95110824e-10 -5.68363846e-16  9.26859672e-16  3.16207462e-05
 -2.10097380e-06 -1.35825445e-08  8.72453767e-10]
received errors: 555393156816.052    342868819688.5657


CROSSOVER:


	parent1 = [ 9.92601317e-19 -1.32688692e-12 -2.35124596e-13  4.88992154e-11
 -1.95769410e-10 -5.54665994e-16  9.34901819e-16  3.15086761e-05
 -2.05289711e-06 -1.41361910e-08  8.50735196e-10]
	parent2 = [ 9.92601317e-19 -1.32596488e-12 -2.34738011e-13  4.93434011e-11
 -1.96522039e-10 -5.74424866e-16  9.31356637e-16  3.17508286e-05
 -2.09755435e-06 -1.35781271e-08  8.60091592e-10]
	cutoff index = 1
	child 1 = [ 9.92601317e-19 -1.32596488e-12 -2.34738011e-13  4.93434011e-11
 -1.96522039e-10 -5.74424866e-16  9.31356637e-16  3.17508286e-05
 -2.09755435e-06 -1.35781271e-08  8.60091592e-10]
	child 2 = [ 9.92601317e-19 -1.32688692e-12 -2.35124596e-13  4.88992154e-11
 -1.95769410e-10 -5.54665994e-16  9.34901819e-16  3.15086761e-05
 -2.05289711e-06 -1.41361910e-08  8.50735196e-10]


CROSSOVER:


	parent1 = [ 9.95598911e-19 -1.32824578e-12 -2.34913866e-13  4.97430887e-11
 -1.94644060e-10 -5.58077241e-16  9.41000636e-16  3.19397379e-05
 -2.05652429e-06 -1.41977289e-08  8.49678411e-10]
	parent2 = [ 9.95598911e-19 -1.32824578e-12 -2.34913866e-13  4.97430887e-11
 -1.94644060e-10 -5.58077241e-16  9.41000636e-16  3.19397379e-05
 -2.05652429e-06 -1.41977289e-08  8.49678411e-10]
	cutoff index = 2
	child 1 = [ 9.95598911e-19 -1.32824578e-12 -2.34913866e-13  4.97430887e-11
 -1.94644060e-10 -5.58077241e-16  9.41000636e-16  3.19397379e-05
 -2.05652429e-06 -1.41977289e-08  8.49678411e-10]
	child 2 = [ 9.95598911e-19 -1.32824578e-12 -2.34913866e-13  4.97430887e-11
 -1.94644060e-10 -5.58077241e-16  9.41000636e-16  3.19397379e-05
 -2.05652429e-06 -1.41977289e-08  8.49678411e-10]


CROSSOVER:


	parent1 = [ 9.83468191e-19 -1.34763153e-12 -2.31626390e-13  4.99732904e-11
 -1.94102553e-10 -5.61832660e-16  9.25498684e-16  3.20527697e-05
 -2.06173217e-06 -1.36985358e-08  8.48432269e-10]
	parent2 = [ 9.95598911e-19 -1.32824578e-12 -2.34913866e-13  4.97430887e-11
 -1.94644060e-10 -5.58077241e-16  9.41000636e-16  3.19397379e-05
 -2.05652429e-06 -1.41977289e-08  8.49678411e-10]
	cutoff index = 10
	child 1 = [ 9.83468191e-19 -1.34763153e-12 -2.31626390e-13  4.99732904e-11
 -1.94102553e-10 -5.61832660e-16  9.25498684e-16  3.20527697e-05
 -2.06173217e-06 -1.36985358e-08  8.49678411e-10]
	child 2 = [ 9.83468191e-19 -1.34763153e-12 -2.31626390e-13  4.99732904e-11
 -1.94102553e-10 -5.61832660e-16  9.25498684e-16  3.20527697e-05
 -2.06173217e-06 -1.36985358e-08  8.48432269e-10]


CROSSOVER:


	parent1 = [ 9.90700297e-19 -1.34147545e-12 -2.35808347e-13  4.97297612e-11
 -1.95386895e-10 -5.58544999e-16  9.31525349e-16  3.23499292e-05
 -2.06562671e-06 -1.41776177e-08  8.54878075e-10]
	parent2 = [ 9.90700297e-19 -1.34147545e-12 -2.35808347e-13  4.97297612e-11
 -1.95386895e-10 -5.58544999e-16  9.31525349e-16  3.23499292e-05
 -2.06562671e-06 -1.41776177e-08  8.54878075e-10]
	cutoff index = 3
	child 1 = [ 9.90700297e-19 -1.34147545e-12 -2.35808347e-13  4.97297612e-11
 -1.95386895e-10 -5.58544999e-16  9.31525349e-16  3.23499292e-05
 -2.06562671e-06 -1.41776177e-08  8.54878075e-10]
	child 2 = [ 9.90700297e-19 -1.34147545e-12 -2.35808347e-13  4.97297612e-11
 -1.95386895e-10 -5.58544999e-16  9.31525349e-16  3.23499292e-05
 -2.06562671e-06 -1.41776177e-08  8.54878075e-10]


MUTATION: 

RECEIVED FOR MUTATTION: [[ 9.92601317e-19 -1.32596488e-12 -2.34738011e-13  4.93434011e-11
  -1.96522039e-10 -5.74424866e-16  9.31356637e-16  3.17508286e-05
  -2.09755435e-06 -1.35781271e-08  8.60091592e-10]
 [ 9.92601317e-19 -1.32688692e-12 -2.35124596e-13  4.88992154e-11
  -1.95769410e-10 -5.54665994e-16  9.34901819e-16  3.15086761e-05
  -2.05289711e-06 -1.41361910e-08  8.50735196e-10]
 [ 9.83468191e-19 -1.34763153e-12 -2.31626390e-13  4.99732904e-11
  -1.94102553e-10 -5.61832660e-16  9.25498684e-16  3.20527697e-05
  -2.06173217e-06 -1.36985358e-08  8.49678411e-10]
 [ 9.83468191e-19 -1.34763153e-12 -2.31626390e-13  4.99732904e-11
  -1.94102553e-10 -5.61832660e-16  9.25498684e-16  3.20527697e-05
  -2.06173217e-06 -1.36985358e-08  8.49678411e-10]
 [ 9.83468191e-19 -1.34763153e-12 -2.31626390e-13  4.99732904e-11
  -1.94102553e-10 -5.61832660e-16  9.25498684e-16  3.20527697e-05
  -2.06173217e-06 -1.36985358e-08  8.49678411e-10]
 [ 9.83468191e-19 -1.34763153e-12 -2.31626390e-13  4.99732904e-11
  -1.94102553e-10 -5.61832660e-16  9.25498684e-16  3.20527697e-05
  -2.06173217e-06 -1.36985358e-08  8.48432269e-10]
 [ 9.90700297e-19 -1.34147545e-12 -2.35808347e-13  4.97297612e-11
  -1.95386895e-10 -5.58544999e-16  9.31525349e-16  3.23499292e-05
  -2.06562671e-06 -1.41776177e-08  8.54878075e-10]
 [ 9.90700297e-19 -1.34147545e-12 -2.35808347e-13  4.97297612e-11
  -1.95386895e-10 -5.58544999e-16  9.31525349e-16  3.23499292e-05
  -2.06562671e-06 -1.41776177e-08  8.54878075e-10]]

Mutated feature:[[ 9.94394047e-19 -1.31926079e-12 -2.33022961e-13  4.96681713e-11
  -1.97661195e-10 -5.76527575e-16  9.31356637e-16  3.17508286e-05
  -2.10684693e-06 -1.36673171e-08  8.67707828e-10]
 [ 9.88073732e-19 -1.32708215e-12 -2.33899546e-13  4.88992154e-11
  -1.94819099e-10 -5.55514072e-16  9.34901819e-16  3.17221613e-05
  -2.05503638e-06 -1.42234999e-08  8.50735196e-10]
 [ 9.83468191e-19 -1.34070370e-12 -2.30174351e-13  4.99434924e-11
  -1.92850290e-10 -5.58937010e-16  9.25498684e-16  3.21210308e-05
  -2.06507974e-06 -1.37705481e-08  8.54171594e-10]
 [ 9.80560318e-19 -1.34744995e-12 -2.31785033e-13  4.95437976e-11
  -1.94102553e-10 -5.66354610e-16  9.20213618e-16  3.18181221e-05
  -2.08038861e-06 -1.36985358e-08  8.43198384e-10]
 [ 9.83796756e-19 -1.35016112e-12 -2.31626390e-13  5.02479732e-11
  -1.95644057e-10 -5.65509425e-16  9.16678244e-16  3.23057362e-05
  -2.07318279e-06 -1.37540379e-08  8.49678411e-10]
 [ 9.84347026e-19 -1.33866948e-12 -2.33039017e-13  4.99732904e-11
  -1.94102553e-10 -5.66976226e-16  9.25498684e-16  3.20486163e-05
  -2.07650216e-06 -1.36985358e-08  8.42531076e-10]
 [ 1.00012882e-18 -1.33267653e-12 -2.35658390e-13  4.97297612e-11
  -1.93672578e-10 -5.54594932e-16  9.25903378e-16  3.23499292e-05
  -2.06562671e-06 -1.42983712e-08  8.52593846e-10]
 [ 9.97405915e-19 -1.34147545e-12 -2.35002369e-13  4.93083664e-11
  -1.95217609e-10 -5.53797672e-16  9.26635536e-16  3.25532289e-05
  -2.06052258e-06 -1.41461683e-08  8.56551042e-10]]


sending vector for error: [ 9.94394047e-19 -1.31926079e-12 -2.33022961e-13  4.96681713e-11
 -1.97661195e-10 -5.76527575e-16  9.31356637e-16  3.17508286e-05
 -2.10684693e-06 -1.36673171e-08  8.67707828e-10]
received errors: 536061711007.2966    170578297102.0561

sending vector for error: [ 9.88073732e-19 -1.32708215e-12 -2.33899546e-13  4.88992154e-11
 -1.94819099e-10 -5.55514072e-16  9.34901819e-16  3.17221613e-05
 -2.05503638e-06 -1.42234999e-08  8.50735196e-10]
received errors: 456712051069.03094    95189018447.34892

sending vector for error: [ 9.83468191e-19 -1.34070370e-12 -2.30174351e-13  4.99434924e-11
 -1.92850290e-10 -5.58937010e-16  9.25498684e-16  3.21210308e-05
 -2.06507974e-06 -1.37705481e-08  8.54171594e-10]
received errors: 525079420401.7147    264158604144.26645

sending vector for error: [ 9.80560318e-19 -1.34744995e-12 -2.31785033e-13  4.95437976e-11
 -1.94102553e-10 -5.66354610e-16  9.20213618e-16  3.18181221e-05
 -2.08038861e-06 -1.36985358e-08  8.43198384e-10]
received errors: 604976752819.8617    110556115704.95622

sending vector for error: [ 9.83796756e-19 -1.35016112e-12 -2.31626390e-13  5.02479732e-11
 -1.95644057e-10 -5.65509425e-16  9.16678244e-16  3.23057362e-05
 -2.07318279e-06 -1.37540379e-08  8.49678411e-10]
received errors: 535648776773.4852    143980092289.04712

sending vector for error: [ 9.84347026e-19 -1.33866948e-12 -2.33039017e-13  4.99732904e-11
 -1.94102553e-10 -5.66976226e-16  9.25498684e-16  3.20486163e-05
 -2.07650216e-06 -1.36985358e-08  8.42531076e-10]
received errors: 582930879380.2965    89705866013.28055

sending vector for error: [ 1.00012882e-18 -1.33267653e-12 -2.35658390e-13  4.97297612e-11
 -1.93672578e-10 -5.54594932e-16  9.25903378e-16  3.23499292e-05
 -2.06562671e-06 -1.42983712e-08  8.52593846e-10]
received errors: 487809751047.5417    98543438733.02328

sending vector for error: [ 9.97405915e-19 -1.34147545e-12 -2.35002369e-13  4.93083664e-11
 -1.95217609e-10 -5.53797672e-16  9.26635536e-16  3.25532289e-05
 -2.06052258e-06 -1.41461683e-08  8.56551042e-10]
received errors: 510676840784.404    272804325244.7108


CROSSOVER:


	parent1 = [ 9.84347026e-19 -1.33866948e-12 -2.33039017e-13  4.99732904e-11
 -1.94102553e-10 -5.66976226e-16  9.25498684e-16  3.20486163e-05
 -2.07650216e-06 -1.36985358e-08  8.42531076e-10]
	parent2 = [ 9.80560318e-19 -1.34744995e-12 -2.31785033e-13  4.95437976e-11
 -1.94102553e-10 -5.66354610e-16  9.20213618e-16  3.18181221e-05
 -2.08038861e-06 -1.36985358e-08  8.43198384e-10]
	cutoff index = 2
	child 1 = [ 9.84347026e-19 -1.33866948e-12 -2.31785033e-13  4.95437976e-11
 -1.94102553e-10 -5.66354610e-16  9.20213618e-16  3.18181221e-05
 -2.08038861e-06 -1.36985358e-08  8.43198384e-10]
	child 2 = [ 9.84347026e-19 -1.33866948e-12 -2.33039017e-13  4.99732904e-11
 -1.94102553e-10 -5.66976226e-16  9.25498684e-16  3.20486163e-05
 -2.07650216e-06 -1.36985358e-08  8.42531076e-10]


CROSSOVER:


	parent1 = [ 9.88073732e-19 -1.32708215e-12 -2.33899546e-13  4.88992154e-11
 -1.94819099e-10 -5.55514072e-16  9.34901819e-16  3.17221613e-05
 -2.05503638e-06 -1.42234999e-08  8.50735196e-10]
	parent2 = [ 9.88073732e-19 -1.32708215e-12 -2.33899546e-13  4.88992154e-11
 -1.94819099e-10 -5.55514072e-16  9.34901819e-16  3.17221613e-05
 -2.05503638e-06 -1.42234999e-08  8.50735196e-10]
	cutoff index = 3
	child 1 = [ 9.88073732e-19 -1.32708215e-12 -2.33899546e-13  4.88992154e-11
 -1.94819099e-10 -5.55514072e-16  9.34901819e-16  3.17221613e-05
 -2.05503638e-06 -1.42234999e-08  8.50735196e-10]
	child 2 = [ 9.88073732e-19 -1.32708215e-12 -2.33899546e-13  4.88992154e-11
 -1.94819099e-10 -5.55514072e-16  9.34901819e-16  3.17221613e-05
 -2.05503638e-06 -1.42234999e-08  8.50735196e-10]


CROSSOVER:


	parent1 = [ 9.88073732e-19 -1.32708215e-12 -2.33899546e-13  4.88992154e-11
 -1.94819099e-10 -5.55514072e-16  9.34901819e-16  3.17221613e-05
 -2.05503638e-06 -1.42234999e-08  8.50735196e-10]
	parent2 = [ 1.00012882e-18 -1.33267653e-12 -2.35658390e-13  4.97297612e-11
 -1.93672578e-10 -5.54594932e-16  9.25903378e-16  3.23499292e-05
 -2.06562671e-06 -1.42983712e-08  8.52593846e-10]
	cutoff index = 9
	child 1 = [ 9.88073732e-19 -1.32708215e-12 -2.33899546e-13  4.88992154e-11
 -1.94819099e-10 -5.55514072e-16  9.34901819e-16  3.17221613e-05
 -2.05503638e-06 -1.42983712e-08  8.52593846e-10]
	child 2 = [ 9.88073732e-19 -1.32708215e-12 -2.33899546e-13  4.88992154e-11
 -1.94819099e-10 -5.55514072e-16  9.34901819e-16  3.17221613e-05
 -2.05503638e-06 -1.42234999e-08  8.50735196e-10]


CROSSOVER:


	parent1 = [ 9.83796756e-19 -1.35016112e-12 -2.31626390e-13  5.02479732e-11
 -1.95644057e-10 -5.65509425e-16  9.16678244e-16  3.23057362e-05
 -2.07318279e-06 -1.37540379e-08  8.49678411e-10]
	parent2 = [ 9.88073732e-19 -1.32708215e-12 -2.33899546e-13  4.88992154e-11
 -1.94819099e-10 -5.55514072e-16  9.34901819e-16  3.17221613e-05
 -2.05503638e-06 -1.42234999e-08  8.50735196e-10]
	cutoff index = 8
	child 1 = [ 9.83796756e-19 -1.35016112e-12 -2.31626390e-13  5.02479732e-11
 -1.95644057e-10 -5.65509425e-16  9.16678244e-16  3.23057362e-05
 -2.05503638e-06 -1.42234999e-08  8.50735196e-10]
	child 2 = [ 9.83796756e-19 -1.35016112e-12 -2.31626390e-13  5.02479732e-11
 -1.95644057e-10 -5.65509425e-16  9.16678244e-16  3.23057362e-05
 -2.07318279e-06 -1.37540379e-08  8.49678411e-10]


MUTATION: 

RECEIVED FOR MUTATTION: [[ 9.84347026e-19 -1.33866948e-12 -2.31785033e-13  4.95437976e-11
  -1.94102553e-10 -5.66354610e-16  9.20213618e-16  3.18181221e-05
  -2.08038861e-06 -1.36985358e-08  8.43198384e-10]
 [ 9.84347026e-19 -1.33866948e-12 -2.33039017e-13  4.99732904e-11
  -1.94102553e-10 -5.66976226e-16  9.25498684e-16  3.20486163e-05
  -2.07650216e-06 -1.36985358e-08  8.42531076e-10]
 [ 9.83796756e-19 -1.35016112e-12 -2.31626390e-13  5.02479732e-11
  -1.95644057e-10 -5.65509425e-16  9.16678244e-16  3.23057362e-05
  -2.05503638e-06 -1.42234999e-08  8.50735196e-10]
 [ 9.83796756e-19 -1.35016112e-12 -2.31626390e-13  5.02479732e-11
  -1.95644057e-10 -5.65509425e-16  9.16678244e-16  3.23057362e-05
  -2.05503638e-06 -1.42234999e-08  8.50735196e-10]
 [ 9.88073732e-19 -1.32708215e-12 -2.33899546e-13  4.88992154e-11
  -1.94819099e-10 -5.55514072e-16  9.34901819e-16  3.17221613e-05
  -2.05503638e-06 -1.42983712e-08  8.52593846e-10]
 [ 9.83796756e-19 -1.35016112e-12 -2.31626390e-13  5.02479732e-11
  -1.95644057e-10 -5.65509425e-16  9.16678244e-16  3.23057362e-05
  -2.05503638e-06 -1.42234999e-08  8.50735196e-10]
 [ 9.83796756e-19 -1.35016112e-12 -2.31626390e-13  5.02479732e-11
  -1.95644057e-10 -5.65509425e-16  9.16678244e-16  3.23057362e-05
  -2.05503638e-06 -1.42234999e-08  8.50735196e-10]
 [ 9.83796756e-19 -1.35016112e-12 -2.31626390e-13  5.02479732e-11
  -1.95644057e-10 -5.65509425e-16  9.16678244e-16  3.23057362e-05
  -2.07318279e-06 -1.37540379e-08  8.49678411e-10]]

Mutated feature:[[ 9.80088316e-19 -1.33866948e-12 -2.31777612e-13  4.98274340e-11
  -1.95121276e-10 -5.64910861e-16  9.15406692e-16  3.21185068e-05
  -2.09683489e-06 -1.36979265e-08  8.45755872e-10]
 [ 9.84347026e-19 -1.35040442e-12 -2.33593002e-13  5.04281391e-11
  -1.92431682e-10 -5.66290236e-16  9.29247235e-16  3.20232600e-05
  -2.07644875e-06 -1.36645584e-08  8.49600537e-10]
 [ 9.83696774e-19 -1.34125880e-12 -2.31626390e-13  5.07497832e-11
  -1.96442175e-10 -5.66983216e-16  9.17245428e-16  3.24531288e-05
  -2.04886095e-06 -1.42501603e-08  8.50735196e-10]
 [ 9.76416410e-19 -1.35016112e-12 -2.29319870e-13  4.99586047e-11
  -1.93960552e-10 -5.66574688e-16  9.18643662e-16  3.20931400e-05
  -2.05530948e-06 -1.41906362e-08  8.43979815e-10]
 [ 9.93161143e-19 -1.33749142e-12 -2.32767095e-13  4.86795286e-11
  -1.94819099e-10 -5.53481398e-16  9.31821021e-16  3.20315772e-05
  -2.05503638e-06 -1.42001846e-08  8.52593846e-10]
 [ 9.74089782e-19 -1.33727325e-12 -2.29834410e-13  5.01836123e-11
  -1.96560114e-10 -5.64283465e-16  9.16382220e-16  3.20644097e-05
  -2.04934383e-06 -1.42234999e-08  8.58564478e-10]
 [ 9.76983858e-19 -1.35205734e-12 -2.32243426e-13  5.00524883e-11
  -1.94571694e-10 -5.65509425e-16  9.21523462e-16  3.22827924e-05
  -2.05503638e-06 -1.40963865e-08  8.43997951e-10]
 [ 9.83796756e-19 -1.35482222e-12 -2.31026630e-13  5.04134147e-11
  -1.94837187e-10 -5.61373742e-16  9.20181981e-16  3.25065450e-05
  -2.06028101e-06 -1.37276221e-08  8.49678411e-10]]


sending vector for error: [ 9.80088316e-19 -1.33866948e-12 -2.31777612e-13  4.98274340e-11
 -1.95121276e-10 -5.64910861e-16  9.15406692e-16  3.21185068e-05
 -2.09683489e-06 -1.36979265e-08  8.45755872e-10]
received errors: 663480410144.6877    130151503004.80127

sending vector for error: [ 9.84347026e-19 -1.35040442e-12 -2.33593002e-13  5.04281391e-11
 -1.92431682e-10 -5.66290236e-16  9.29247235e-16  3.20232600e-05
 -2.07644875e-06 -1.36645584e-08  8.49600537e-10]
received errors: 534652941766.0416    121675879182.62476

sending vector for error: [ 9.83696774e-19 -1.34125880e-12 -2.31626390e-13  5.07497832e-11
 -1.96442175e-10 -5.66983216e-16  9.17245428e-16  3.24531288e-05
 -2.04886095e-06 -1.42501603e-08  8.50735196e-10]
received errors: 470356415888.78925    177877965634.09546

sending vector for error: [ 9.76416410e-19 -1.35016112e-12 -2.29319870e-13  4.99586047e-11
 -1.93960552e-10 -5.66574688e-16  9.18643662e-16  3.20931400e-05
 -2.05530948e-06 -1.41906362e-08  8.43979815e-10]
received errors: 506789173999.3511    82973905431.57314

sending vector for error: [ 9.93161143e-19 -1.33749142e-12 -2.32767095e-13  4.86795286e-11
 -1.94819099e-10 -5.53481398e-16  9.31821021e-16  3.20315772e-05
 -2.05503638e-06 -1.42001846e-08  8.52593846e-10]
received errors: 457511061852.77997    135099082795.77298

sending vector for error: [ 9.74089782e-19 -1.33727325e-12 -2.29834410e-13  5.01836123e-11
 -1.96560114e-10 -5.64283465e-16  9.16382220e-16  3.20644097e-05
 -2.04934383e-06 -1.42234999e-08  8.58564478e-10]
received errors: 466183901120.16473    292327218387.1382

sending vector for error: [ 9.76983858e-19 -1.35205734e-12 -2.32243426e-13  5.00524883e-11
 -1.94571694e-10 -5.65509425e-16  9.21523462e-16  3.22827924e-05
 -2.05503638e-06 -1.40963865e-08  8.43997951e-10]
received errors: 500176330513.0153    87846432731.59575

sending vector for error: [ 9.83796756e-19 -1.35482222e-12 -2.31026630e-13  5.04134147e-11
 -1.94837187e-10 -5.61373742e-16  9.20181981e-16  3.25065450e-05
 -2.06028101e-06 -1.37276221e-08  8.49678411e-10]
received errors: 559151918945.9557    305273689147.56635


CROSSOVER:


	parent1 = [ 9.84347026e-19 -1.35040442e-12 -2.33593002e-13  5.04281391e-11
 -1.92431682e-10 -5.66290236e-16  9.29247235e-16  3.20232600e-05
 -2.07644875e-06 -1.36645584e-08  8.49600537e-10]
	parent2 = [ 9.76416410e-19 -1.35016112e-12 -2.29319870e-13  4.99586047e-11
 -1.93960552e-10 -5.66574688e-16  9.18643662e-16  3.20931400e-05
 -2.05530948e-06 -1.41906362e-08  8.43979815e-10]
	cutoff index = 1
	child 1 = [ 9.84347026e-19 -1.35016112e-12 -2.29319870e-13  4.99586047e-11
 -1.93960552e-10 -5.66574688e-16  9.18643662e-16  3.20931400e-05
 -2.05530948e-06 -1.41906362e-08  8.43979815e-10]
	child 2 = [ 9.84347026e-19 -1.35040442e-12 -2.33593002e-13  5.04281391e-11
 -1.92431682e-10 -5.66290236e-16  9.29247235e-16  3.20232600e-05
 -2.07644875e-06 -1.36645584e-08  8.49600537e-10]


CROSSOVER:


	parent1 = [ 9.93161143e-19 -1.33749142e-12 -2.32767095e-13  4.86795286e-11
 -1.94819099e-10 -5.53481398e-16  9.31821021e-16  3.20315772e-05
 -2.05503638e-06 -1.42001846e-08  8.52593846e-10]
	parent2 = [ 9.83696774e-19 -1.34125880e-12 -2.31626390e-13  5.07497832e-11
 -1.96442175e-10 -5.66983216e-16  9.17245428e-16  3.24531288e-05
 -2.04886095e-06 -1.42501603e-08  8.50735196e-10]
	cutoff index = 10
	child 1 = [ 9.93161143e-19 -1.33749142e-12 -2.32767095e-13  4.86795286e-11
 -1.94819099e-10 -5.53481398e-16  9.31821021e-16  3.20315772e-05
 -2.05503638e-06 -1.42001846e-08  8.50735196e-10]
	child 2 = [ 9.93161143e-19 -1.33749142e-12 -2.32767095e-13  4.86795286e-11
 -1.94819099e-10 -5.53481398e-16  9.31821021e-16  3.20315772e-05
 -2.05503638e-06 -1.42001846e-08  8.52593846e-10]


CROSSOVER:


	parent1 = [ 9.84347026e-19 -1.35040442e-12 -2.33593002e-13  5.04281391e-11
 -1.92431682e-10 -5.66290236e-16  9.29247235e-16  3.20232600e-05
 -2.07644875e-06 -1.36645584e-08  8.49600537e-10]
	parent2 = [ 9.84347026e-19 -1.35016112e-12 -2.29319870e-13  4.99586047e-11
 -1.93960552e-10 -5.66574688e-16  9.18643662e-16  3.20931400e-05
 -2.05530948e-06 -1.41906362e-08  8.43979815e-10]
	cutoff index = 1
	child 1 = [ 9.84347026e-19 -1.35016112e-12 -2.29319870e-13  4.99586047e-11
 -1.93960552e-10 -5.66574688e-16  9.18643662e-16  3.20931400e-05
 -2.05530948e-06 -1.41906362e-08  8.43979815e-10]
	child 2 = [ 9.84347026e-19 -1.35040442e-12 -2.33593002e-13  5.04281391e-11
 -1.92431682e-10 -5.66290236e-16  9.29247235e-16  3.20232600e-05
 -2.07644875e-06 -1.36645584e-08  8.49600537e-10]


CROSSOVER:


	parent1 = [ 9.84347026e-19 -1.35040442e-12 -2.33593002e-13  5.04281391e-11
 -1.92431682e-10 -5.66290236e-16  9.29247235e-16  3.20232600e-05
 -2.07644875e-06 -1.36645584e-08  8.49600537e-10]
	parent2 = [ 9.84347026e-19 -1.35016112e-12 -2.29319870e-13  4.99586047e-11
 -1.93960552e-10 -5.66574688e-16  9.18643662e-16  3.20931400e-05
 -2.05530948e-06 -1.41906362e-08  8.43979815e-10]
	cutoff index = 8
	child 1 = [ 9.84347026e-19 -1.35040442e-12 -2.33593002e-13  5.04281391e-11
 -1.92431682e-10 -5.66290236e-16  9.29247235e-16  3.20232600e-05
 -2.05530948e-06 -1.41906362e-08  8.43979815e-10]
	child 2 = [ 9.84347026e-19 -1.35040442e-12 -2.33593002e-13  5.04281391e-11
 -1.92431682e-10 -5.66290236e-16  9.29247235e-16  3.20232600e-05
 -2.07644875e-06 -1.36645584e-08  8.49600537e-10]


MUTATION: 

RECEIVED FOR MUTATTION: [[ 9.84347026e-19 -1.35040442e-12 -2.33593002e-13  5.04281391e-11
  -1.92431682e-10 -5.66290236e-16  9.29247235e-16  3.20232600e-05
  -2.05530948e-06 -1.41906362e-08  8.43979815e-10]
 [ 9.84347026e-19 -1.35040442e-12 -2.33593002e-13  5.04281391e-11
  -1.92431682e-10 -5.66290236e-16  9.29247235e-16  3.20232600e-05
  -2.07644875e-06 -1.36645584e-08  8.49600537e-10]
 [ 9.93161143e-19 -1.33749142e-12 -2.32767095e-13  4.86795286e-11
  -1.94819099e-10 -5.53481398e-16  9.31821021e-16  3.20315772e-05
  -2.05503638e-06 -1.42001846e-08  8.50735196e-10]
 [ 9.93161143e-19 -1.33749142e-12 -2.32767095e-13  4.86795286e-11
  -1.94819099e-10 -5.53481398e-16  9.31821021e-16  3.20315772e-05
  -2.05503638e-06 -1.42001846e-08  8.52593846e-10]
 [ 9.84347026e-19 -1.35040442e-12 -2.33593002e-13  5.04281391e-11
  -1.92431682e-10 -5.66290236e-16  9.29247235e-16  3.20232600e-05
  -2.05530948e-06 -1.41906362e-08  8.43979815e-10]
 [ 9.84347026e-19 -1.35040442e-12 -2.33593002e-13  5.04281391e-11
  -1.92431682e-10 -5.66290236e-16  9.29247235e-16  3.20232600e-05
  -2.07644875e-06 -1.36645584e-08  8.49600537e-10]
 [ 9.84347026e-19 -1.35040442e-12 -2.33593002e-13  5.04281391e-11
  -1.92431682e-10 -5.66290236e-16  9.29247235e-16  3.20232600e-05
  -2.05530948e-06 -1.41906362e-08  8.43979815e-10]
 [ 9.84347026e-19 -1.35040442e-12 -2.33593002e-13  5.04281391e-11
  -1.92431682e-10 -5.66290236e-16  9.29247235e-16  3.20232600e-05
  -2.07644875e-06 -1.36645584e-08  8.49600537e-10]]

Mutated feature:[[ 9.80374940e-19 -1.36077247e-12 -2.33705075e-13  5.04281391e-11
  -1.91242618e-10 -5.66228161e-16  9.28122959e-16  3.17403589e-05
  -2.05530948e-06 -1.41830202e-08  8.43979815e-10]
 [ 9.83744573e-19 -1.35806937e-12 -2.33574109e-13  5.01989501e-11
  -1.91623547e-10 -5.67788402e-16  9.36528037e-16  3.18027760e-05
  -2.06836382e-06 -1.36354557e-08  8.45167953e-10]
 [ 9.88493331e-19 -1.33749142e-12 -2.30807586e-13  4.85483786e-11
  -1.96711327e-10 -5.49065337e-16  9.38885703e-16  3.20241406e-05
  -2.05503638e-06 -1.42172421e-08  8.45757948e-10]
 [ 9.93161143e-19 -1.33524363e-12 -2.32767095e-13  4.85295282e-11
  -1.94819099e-10 -5.53481398e-16  9.33901071e-16  3.20375215e-05
  -2.06131548e-06 -1.41660547e-08  8.57817795e-10]
 [ 9.86587829e-19 -1.36201903e-12 -2.32422814e-13  5.08508002e-11
  -1.92431682e-10 -5.66290236e-16  9.22854146e-16  3.21896133e-05
  -2.04746414e-06 -1.42764375e-08  8.38511792e-10]
 [ 9.78189473e-19 -1.34434794e-12 -2.32739236e-13  5.04281391e-11
  -1.94198384e-10 -5.66290236e-16  9.29247235e-16  3.18537597e-05
  -2.07944587e-06 -1.36999826e-08  8.45484484e-10]
 [ 9.92358809e-19 -1.35040442e-12 -2.35809291e-13  5.08289751e-11
  -1.92431682e-10 -5.70606083e-16  9.38453954e-16  3.20232600e-05
  -2.06836140e-06 -1.41906362e-08  8.37220667e-10]
 [ 9.94072963e-19 -1.35028492e-12 -2.34889084e-13  5.01261378e-11
  -1.92265703e-10 -5.69706611e-16  9.27847283e-16  3.20232600e-05
  -2.08912339e-06 -1.37127393e-08  8.51871437e-10]]

best fit vector:
[9.926013171077537e-19, -1.3268869191657088e-12, -2.3512459591171394e-13, 4.889921543285802e-11, -1.9576941012422862e-10, -5.546659942679753e-16, 9.349018189549328e-16, 3.150867605238404e-05, -2.0528971137585945e-06, -1.4136190970009084e-08, 8.507351957960769e-10]
error:    4.464362e+11    1.010172e+11