

MUTATION: 

RECEIVED FOR MUTATTION: [[ 9.98519211e-19 -1.33692723e-12 -2.32933782e-13  4.90216786e-11
  -1.97218646e-10 -5.49911430e-16  9.34019664e-16  3.17567911e-05
  -2.05289711e-06 -1.41361910e-08  8.43142099e-10]
 [ 9.98519211e-19 -1.33692723e-12 -2.32933782e-13  4.90216786e-11
  -1.97218646e-10 -5.49911430e-16  9.34019664e-16  3.17567911e-05
  -2.05289711e-06 -1.41361910e-08  8.43142099e-10]
 [ 9.98519211e-19 -1.33692723e-12 -2.32933782e-13  4.90216786e-11
  -1.97218646e-10 -5.49911430e-16  9.34019664e-16  3.17567911e-05
  -2.05289711e-06 -1.41361910e-08  8.43142099e-10]
 [ 9.98519211e-19 -1.33692723e-12 -2.32933782e-13  4.90216786e-11
  -1.97218646e-10 -5.49911430e-16  9.34019664e-16  3.17567911e-05
  -2.05289711e-06 -1.41361910e-08  8.43142099e-10]
 [ 9.98519211e-19 -1.33692723e-12 -2.32933782e-13  4.90216786e-11
  -1.97218646e-10 -5.49911430e-16  9.34019664e-16  3.17567911e-05
  -2.05289711e-06 -1.41361910e-08  8.43142099e-10]
 [ 9.98519211e-19 -1.33692723e-12 -2.32933782e-13  4.90216786e-11
  -1.97218646e-10 -5.49911430e-16  9.34019664e-16  3.17567911e-05
  -2.05289711e-06 -1.41361910e-08  8.43142099e-10]
 [ 9.98519211e-19 -1.33692723e-12 -2.32933782e-13  4.90216786e-11
  -1.97218646e-10 -5.49911430e-16  9.34019664e-16  3.17567911e-05
  -2.05289711e-06 -1.41361910e-08  8.43142099e-10]
 [ 9.98519211e-19 -1.33692723e-12 -2.32933782e-13  4.90216786e-11
  -1.97218646e-10 -5.49911430e-16  9.34019664e-16  3.17567911e-05
  -2.05289711e-06 -1.41361910e-08  8.43142099e-10]]

Mutated feature:[[ 1.00470002e-18 -1.34975642e-12 -2.32933782e-13  4.90216786e-11
  -1.97306463e-10 -5.50649272e-16  9.34019664e-16  3.19601324e-05
  -2.05007996e-06 -1.40694594e-08  8.47000685e-10]
 [ 9.92343039e-19 -1.33692723e-12 -2.33578674e-13  4.91688747e-11
  -1.95713556e-10 -5.52642356e-16  9.34019664e-16  3.15305209e-05
  -2.05289711e-06 -1.41019744e-08  8.43732835e-10]
 [ 9.95411287e-19 -1.34050899e-12 -2.31734699e-13  4.93496576e-11
  -1.97218646e-10 -5.48368191e-16  9.24841441e-16  3.16814998e-05
  -2.05289711e-06 -1.41016776e-08  8.36567148e-10]
 [ 9.90773867e-19 -1.33692723e-12 -2.32026842e-13  4.90216786e-11
  -1.99148086e-10 -5.50681014e-16  9.33772930e-16  3.18325074e-05
  -2.05289711e-06 -1.41361910e-08  8.46019498e-10]
 [ 9.98519211e-19 -1.33692723e-12 -2.33892454e-13  4.85334817e-11
  -1.97895601e-10 -5.44542091e-16  9.32533589e-16  3.19822304e-05
  -2.07074349e-06 -1.42517900e-08  8.49274005e-10]
 [ 9.98609403e-19 -1.33884887e-12 -2.31464104e-13  4.90216786e-11
  -1.97218646e-10 -5.46085052e-16  9.34019664e-16  3.17567911e-05
  -2.04996800e-06 -1.41435591e-08  8.46481558e-10]
 [ 9.98519211e-19 -1.34668635e-12 -2.32879779e-13  4.90432967e-11
  -1.97218646e-10 -5.47494385e-16  9.30912133e-16  3.17567911e-05
  -2.03972629e-06 -1.40682185e-08  8.40198912e-10]
 [ 9.98519211e-19 -1.33692723e-12 -2.32933782e-13  4.91307473e-11
  -1.95305662e-10 -5.52460220e-16  9.26708158e-16  3.19191188e-05
  -2.07213456e-06 -1.42099721e-08  8.46637338e-10]]



POPULATION: [[ 9.98519211e-19 -1.33692723e-12 -2.32933782e-13  4.90216786e-11
  -1.97218646e-10 -5.49911430e-16  9.34019664e-16  3.17567911e-05
  -2.05289711e-06 -1.41361910e-08  8.43142099e-10]
 [ 9.92343039e-19 -1.33692723e-12 -2.33578674e-13  4.91688747e-11
  -1.95713556e-10 -5.52642356e-16  9.34019664e-16  3.15305209e-05
  -2.05289711e-06 -1.41019744e-08  8.43732835e-10]
 [ 9.95411287e-19 -1.34050899e-12 -2.31734699e-13  4.93496576e-11
  -1.97218646e-10 -5.48368191e-16  9.24841441e-16  3.16814998e-05
  -2.05289711e-06 -1.41016776e-08  8.36567148e-10]
 [ 9.90773867e-19 -1.33692723e-12 -2.32026842e-13  4.90216786e-11
  -1.99148086e-10 -5.50681014e-16  9.33772930e-16  3.18325074e-05
  -2.05289711e-06 -1.41361910e-08  8.46019498e-10]
 [ 9.98519211e-19 -1.33692723e-12 -2.33892454e-13  4.85334817e-11
  -1.97895601e-10 -5.44542091e-16  9.32533589e-16  3.19822304e-05
  -2.07074349e-06 -1.42517900e-08  8.49274005e-10]
 [ 9.98609403e-19 -1.33884887e-12 -2.31464104e-13  4.90216786e-11
  -1.97218646e-10 -5.46085052e-16  9.34019664e-16  3.17567911e-05
  -2.04996800e-06 -1.41435591e-08  8.46481558e-10]
 [ 9.98519211e-19 -1.34668635e-12 -2.32879779e-13  4.90432967e-11
  -1.97218646e-10 -5.47494385e-16  9.30912133e-16  3.17567911e-05
  -2.03972629e-06 -1.40682185e-08  8.40198912e-10]
 [ 9.98519211e-19 -1.33692723e-12 -2.32933782e-13  4.91307473e-11
  -1.95305662e-10 -5.52460220e-16  9.26708158e-16  3.19191188e-05
  -2.07213456e-06 -1.42099721e-08  8.46637338e-10]]


sending vector for error: [ 9.98519211e-19 -1.33692723e-12 -2.32933782e-13  4.90216786e-11
 -1.97218646e-10 -5.49911430e-16  9.34019664e-16  3.17567911e-05
 -2.05289711e-06 -1.41361910e-08  8.43142099e-10]
received errors: 503794444936.29285    90981103224.80139

sending vector for error: [ 9.92343039e-19 -1.33692723e-12 -2.33578674e-13  4.91688747e-11
 -1.95713556e-10 -5.52642356e-16  9.34019664e-16  3.15305209e-05
 -2.05289711e-06 -1.41019744e-08  8.43732835e-10]
received errors: 501352655348.3953    97183111508.12056

sending vector for error: [ 9.95411287e-19 -1.34050899e-12 -2.31734699e-13  4.93496576e-11
 -1.97218646e-10 -5.48368191e-16  9.24841441e-16  3.16814998e-05
 -2.05289711e-06 -1.41016776e-08  8.36567148e-10]
received errors: 589091873574.3037    149942935986.11115

sending vector for error: [ 9.90773867e-19 -1.33692723e-12 -2.32026842e-13  4.90216786e-11
 -1.99148086e-10 -5.50681014e-16  9.33772930e-16  3.18325074e-05
 -2.05289711e-06 -1.41361910e-08  8.46019498e-10]
received errors: 477526331640.1224    88677947247.11273

sending vector for error: [ 9.98519211e-19 -1.33692723e-12 -2.33892454e-13  4.85334817e-11
 -1.97895601e-10 -5.44542091e-16  9.32533589e-16  3.19822304e-05
 -2.07074349e-06 -1.42517900e-08  8.49274005e-10]
received errors: 539276200378.70886    106668113605.37822

sending vector for error: [ 9.98609403e-19 -1.33884887e-12 -2.31464104e-13  4.90216786e-11
 -1.97218646e-10 -5.46085052e-16  9.34019664e-16  3.17567911e-05
 -2.04996800e-06 -1.41435591e-08  8.46481558e-10]
received errors: 463709271008.0846    92503264138.74025

sending vector for error: [ 9.98519211e-19 -1.34668635e-12 -2.32879779e-13  4.90432967e-11
 -1.97218646e-10 -5.47494385e-16  9.30912133e-16  3.17567911e-05
 -2.03972629e-06 -1.40682185e-08  8.40198912e-10]
received errors: 466148821737.7843    85487497928.12912

sending vector for error: [ 9.98519211e-19 -1.33692723e-12 -2.32933782e-13  4.91307473e-11
 -1.95305662e-10 -5.52460220e-16  9.26708158e-16  3.19191188e-05
 -2.07213456e-06 -1.42099721e-08  8.46637338e-10]
received errors: 581566283880.066    135335147235.89542


CROSSOVER:


	parent1 = [ 9.90773867e-19 -1.33692723e-12 -2.32026842e-13  4.90216786e-11
 -1.99148086e-10 -5.50681014e-16  9.33772930e-16  3.18325074e-05
 -2.05289711e-06 -1.41361910e-08  8.46019498e-10]
	parent2 = [ 9.92343039e-19 -1.33692723e-12 -2.33578674e-13  4.91688747e-11
 -1.95713556e-10 -5.52642356e-16  9.34019664e-16  3.15305209e-05
 -2.05289711e-06 -1.41019744e-08  8.43732835e-10]
	cutoff index = 1
	child 1 = [ 9.90773867e-19 -1.33692723e-12 -2.33578674e-13  4.91688747e-11
 -1.95713556e-10 -5.52642356e-16  9.34019664e-16  3.15305209e-05
 -2.05289711e-06 -1.41019744e-08  8.43732835e-10]
	child 2 = [ 9.90773867e-19 -1.33692723e-12 -2.32026842e-13  4.90216786e-11
 -1.99148086e-10 -5.50681014e-16  9.33772930e-16  3.18325074e-05
 -2.05289711e-06 -1.41361910e-08  8.46019498e-10]


CROSSOVER:


	parent1 = [ 9.98519211e-19 -1.33692723e-12 -2.32933782e-13  4.90216786e-11
 -1.97218646e-10 -5.49911430e-16  9.34019664e-16  3.17567911e-05
 -2.05289711e-06 -1.41361910e-08  8.43142099e-10]
	parent2 = [ 9.98519211e-19 -1.33692723e-12 -2.32933782e-13  4.90216786e-11
 -1.97218646e-10 -5.49911430e-16  9.34019664e-16  3.17567911e-05
 -2.05289711e-06 -1.41361910e-08  8.43142099e-10]
	cutoff index = 9
	child 1 = [ 9.98519211e-19 -1.33692723e-12 -2.32933782e-13  4.90216786e-11
 -1.97218646e-10 -5.49911430e-16  9.34019664e-16  3.17567911e-05
 -2.05289711e-06 -1.41361910e-08  8.43142099e-10]
	child 2 = [ 9.98519211e-19 -1.33692723e-12 -2.32933782e-13  4.90216786e-11
 -1.97218646e-10 -5.49911430e-16  9.34019664e-16  3.17567911e-05
 -2.05289711e-06 -1.41361910e-08  8.43142099e-10]


CROSSOVER:


	parent1 = [ 9.98519211e-19 -1.33692723e-12 -2.32933782e-13  4.90216786e-11
 -1.97218646e-10 -5.49911430e-16  9.34019664e-16  3.17567911e-05
 -2.05289711e-06 -1.41361910e-08  8.43142099e-10]
	parent2 = [ 9.98609403e-19 -1.33884887e-12 -2.31464104e-13  4.90216786e-11
 -1.97218646e-10 -5.46085052e-16  9.34019664e-16  3.17567911e-05
 -2.04996800e-06 -1.41435591e-08  8.46481558e-10]
	cutoff index = 9
	child 1 = [ 9.98519211e-19 -1.33692723e-12 -2.32933782e-13  4.90216786e-11
 -1.97218646e-10 -5.49911430e-16  9.34019664e-16  3.17567911e-05
 -2.05289711e-06 -1.41435591e-08  8.46481558e-10]
	child 2 = [ 9.98519211e-19 -1.33692723e-12 -2.32933782e-13  4.90216786e-11
 -1.97218646e-10 -5.49911430e-16  9.34019664e-16  3.17567911e-05
 -2.05289711e-06 -1.41361910e-08  8.43142099e-10]


CROSSOVER:


	parent1 = [ 9.98519211e-19 -1.33692723e-12 -2.32933782e-13  4.90216786e-11
 -1.97218646e-10 -5.49911430e-16  9.34019664e-16  3.17567911e-05
 -2.05289711e-06 -1.41361910e-08  8.43142099e-10]
	parent2 = [ 9.98519211e-19 -1.33692723e-12 -2.32933782e-13  4.90216786e-11
 -1.97218646e-10 -5.49911430e-16  9.34019664e-16  3.17567911e-05
 -2.05289711e-06 -1.41361910e-08  8.43142099e-10]
	cutoff index = 1
	child 1 = [ 9.98519211e-19 -1.33692723e-12 -2.32933782e-13  4.90216786e-11
 -1.97218646e-10 -5.49911430e-16  9.34019664e-16  3.17567911e-05
 -2.05289711e-06 -1.41361910e-08  8.43142099e-10]
	child 2 = [ 9.98519211e-19 -1.33692723e-12 -2.32933782e-13  4.90216786e-11
 -1.97218646e-10 -5.49911430e-16  9.34019664e-16  3.17567911e-05
 -2.05289711e-06 -1.41361910e-08  8.43142099e-10]


MUTATION: 

RECEIVED FOR MUTATTION: [[ 9.90773867e-19 -1.33692723e-12 -2.33578674e-13  4.91688747e-11
  -1.95713556e-10 -5.52642356e-16  9.34019664e-16  3.15305209e-05
  -2.05289711e-06 -1.41019744e-08  8.43732835e-10]
 [ 9.90773867e-19 -1.33692723e-12 -2.32026842e-13  4.90216786e-11
  -1.99148086e-10 -5.50681014e-16  9.33772930e-16  3.18325074e-05
  -2.05289711e-06 -1.41361910e-08  8.46019498e-10]
 [ 9.98519211e-19 -1.33692723e-12 -2.32933782e-13  4.90216786e-11
  -1.97218646e-10 -5.49911430e-16  9.34019664e-16  3.17567911e-05
  -2.05289711e-06 -1.41361910e-08  8.43142099e-10]
 [ 9.98519211e-19 -1.33692723e-12 -2.32933782e-13  4.90216786e-11
  -1.97218646e-10 -5.49911430e-16  9.34019664e-16  3.17567911e-05
  -2.05289711e-06 -1.41361910e-08  8.43142099e-10]
 [ 9.98519211e-19 -1.33692723e-12 -2.32933782e-13  4.90216786e-11
  -1.97218646e-10 -5.49911430e-16  9.34019664e-16  3.17567911e-05
  -2.05289711e-06 -1.41435591e-08  8.46481558e-10]
 [ 9.98519211e-19 -1.33692723e-12 -2.32933782e-13  4.90216786e-11
  -1.97218646e-10 -5.49911430e-16  9.34019664e-16  3.17567911e-05
  -2.05289711e-06 -1.41361910e-08  8.43142099e-10]
 [ 9.98519211e-19 -1.33692723e-12 -2.32933782e-13  4.90216786e-11
  -1.97218646e-10 -5.49911430e-16  9.34019664e-16  3.17567911e-05
  -2.05289711e-06 -1.41361910e-08  8.43142099e-10]
 [ 9.98519211e-19 -1.33692723e-12 -2.32933782e-13  4.90216786e-11
  -1.97218646e-10 -5.49911430e-16  9.34019664e-16  3.17567911e-05
  -2.05289711e-06 -1.41361910e-08  8.43142099e-10]]

Mutated feature:[[ 9.98676926e-19 -1.34136725e-12 -2.33578674e-13  4.91688747e-11
  -1.95860421e-10 -5.57039934e-16  9.34019664e-16  3.14086002e-05
  -2.04395525e-06 -1.41019744e-08  8.35299505e-10]
 [ 9.81226385e-19 -1.34079209e-12 -2.31285518e-13  4.90561498e-11
  -1.99148086e-10 -5.52952262e-16  9.24555151e-16  3.18325074e-05
  -2.03375437e-06 -1.41361910e-08  8.44896412e-10]
 [ 1.00171991e-18 -1.32596444e-12 -2.32152051e-13  4.94215591e-11
  -1.97300822e-10 -5.54269829e-16  9.26447014e-16  3.18089975e-05
  -2.05145963e-06 -1.40742297e-08  8.40703685e-10]
 [ 9.98519211e-19 -1.34284436e-12 -2.30780116e-13  4.90216786e-11
  -1.96300567e-10 -5.48036129e-16  9.41022935e-16  3.17567911e-05
  -2.05289711e-06 -1.41361910e-08  8.43142099e-10]
 [ 1.00747785e-18 -1.32373058e-12 -2.35030252e-13  4.93210491e-11
  -1.96000971e-10 -5.51877223e-16  9.43181356e-16  3.16468246e-05
  -2.05040861e-06 -1.41435591e-08  8.46481558e-10]
 [ 1.00293653e-18 -1.32852593e-12 -2.32933782e-13  4.87643753e-11
  -1.96542529e-10 -5.46395314e-16  9.25289651e-16  3.17567911e-05
  -2.06321514e-06 -1.40331605e-08  8.50161617e-10]
 [ 9.89142965e-19 -1.34459839e-12 -2.32316207e-13  4.89382155e-11
  -1.97218646e-10 -5.48022060e-16  9.34178550e-16  3.19523090e-05
  -2.04305289e-06 -1.41361910e-08  8.43693585e-10]
 [ 9.93180095e-19 -1.33485032e-12 -2.31585911e-13  4.90566309e-11
  -1.97295046e-10 -5.49911430e-16  9.35753957e-16  3.17567911e-05
  -2.05368465e-06 -1.40384660e-08  8.43142099e-10]]


sending vector for error: [ 9.98676926e-19 -1.34136725e-12 -2.33578674e-13  4.91688747e-11
 -1.95860421e-10 -5.57039934e-16  9.34019664e-16  3.14086002e-05
 -2.04395525e-06 -1.41019744e-08  8.35299505e-10]
received errors: 565744447195.3204    149767716929.1535

sending vector for error: [ 9.81226385e-19 -1.34079209e-12 -2.31285518e-13  4.90561498e-11
 -1.99148086e-10 -5.52952262e-16  9.24555151e-16  3.18325074e-05
 -2.03375437e-06 -1.41361910e-08  8.44896412e-10]
received errors: 434737336327.62317    142302745447.33676

sending vector for error: [ 1.00171991e-18 -1.32596444e-12 -2.32152051e-13  4.94215591e-11
 -1.97300822e-10 -5.54269829e-16  9.26447014e-16  3.18089975e-05
 -2.05145963e-06 -1.40742297e-08  8.40703685e-10]
received errors: 514096583749.329    88955327359.32727

sending vector for error: [ 9.98519211e-19 -1.34284436e-12 -2.30780116e-13  4.90216786e-11
 -1.96300567e-10 -5.48036129e-16  9.41022935e-16  3.17567911e-05
 -2.05289711e-06 -1.41361910e-08  8.43142099e-10]
received errors: 503527961889.51483    91029852902.0585

sending vector for error: [ 1.00747785e-18 -1.32373058e-12 -2.35030252e-13  4.93210491e-11
 -1.96000971e-10 -5.51877223e-16  9.43181356e-16  3.16468246e-05
 -2.05040861e-06 -1.41435591e-08  8.46481558e-10]
received errors: 465578739561.3253    89710847794.3783

sending vector for error: [ 1.00293653e-18 -1.32852593e-12 -2.32933782e-13  4.87643753e-11
 -1.96542529e-10 -5.46395314e-16  9.25289651e-16  3.17567911e-05
 -2.06321514e-06 -1.40331605e-08  8.50161617e-10]
received errors: 483755465679.2457    98887566427.86494

sending vector for error: [ 9.89142965e-19 -1.34459839e-12 -2.32316207e-13  4.89382155e-11
 -1.97218646e-10 -5.48022060e-16  9.34178550e-16  3.19523090e-05
 -2.04305289e-06 -1.41361910e-08  8.43693585e-10]
received errors: 460182546638.18884    98774518277.61398

sending vector for error: [ 9.93180095e-19 -1.33485032e-12 -2.31585911e-13  4.90566309e-11
 -1.97295046e-10 -5.49911430e-16  9.35753957e-16  3.17567911e-05
 -2.05368465e-06 -1.40384660e-08  8.43142099e-10]
received errors: 498677846002.6915    87154976873.72404


CROSSOVER:


	parent1 = [ 9.93180095e-19 -1.33485032e-12 -2.31585911e-13  4.90566309e-11
 -1.97295046e-10 -5.49911430e-16  9.35753957e-16  3.17567911e-05
 -2.05368465e-06 -1.40384660e-08  8.43142099e-10]
	parent2 = [ 9.98519211e-19 -1.34284436e-12 -2.30780116e-13  4.90216786e-11
 -1.96300567e-10 -5.48036129e-16  9.41022935e-16  3.17567911e-05
 -2.05289711e-06 -1.41361910e-08  8.43142099e-10]
	cutoff index = 9
	child 1 = [ 9.93180095e-19 -1.33485032e-12 -2.31585911e-13  4.90566309e-11
 -1.97295046e-10 -5.49911430e-16  9.35753957e-16  3.17567911e-05
 -2.05368465e-06 -1.41361910e-08  8.43142099e-10]
	child 2 = [ 9.93180095e-19 -1.33485032e-12 -2.31585911e-13  4.90566309e-11
 -1.97295046e-10 -5.49911430e-16  9.35753957e-16  3.17567911e-05
 -2.05368465e-06 -1.40384660e-08  8.43142099e-10]


CROSSOVER:


	parent1 = [ 9.93180095e-19 -1.33485032e-12 -2.31585911e-13  4.90566309e-11
 -1.97295046e-10 -5.49911430e-16  9.35753957e-16  3.17567911e-05
 -2.05368465e-06 -1.41361910e-08  8.43142099e-10]
	parent2 = [ 1.00171991e-18 -1.32596444e-12 -2.32152051e-13  4.94215591e-11
 -1.97300822e-10 -5.54269829e-16  9.26447014e-16  3.18089975e-05
 -2.05145963e-06 -1.40742297e-08  8.40703685e-10]
	cutoff index = 6
	child 1 = [ 9.93180095e-19 -1.33485032e-12 -2.31585911e-13  4.90566309e-11
 -1.97295046e-10 -5.49911430e-16  9.26447014e-16  3.18089975e-05
 -2.05145963e-06 -1.40742297e-08  8.40703685e-10]
	child 2 = [ 9.93180095e-19 -1.33485032e-12 -2.31585911e-13  4.90566309e-11
 -1.97295046e-10 -5.49911430e-16  9.35753957e-16  3.17567911e-05
 -2.05368465e-06 -1.41361910e-08  8.43142099e-10]


CROSSOVER:


	parent1 = [ 9.81226385e-19 -1.34079209e-12 -2.31285518e-13  4.90561498e-11
 -1.99148086e-10 -5.52952262e-16  9.24555151e-16  3.18325074e-05
 -2.03375437e-06 -1.41361910e-08  8.44896412e-10]
	parent2 = [ 9.81226385e-19 -1.34079209e-12 -2.31285518e-13  4.90561498e-11
 -1.99148086e-10 -5.52952262e-16  9.24555151e-16  3.18325074e-05
 -2.03375437e-06 -1.41361910e-08  8.44896412e-10]
	cutoff index = 1
	child 1 = [ 9.81226385e-19 -1.34079209e-12 -2.31285518e-13  4.90561498e-11
 -1.99148086e-10 -5.52952262e-16  9.24555151e-16  3.18325074e-05
 -2.03375437e-06 -1.41361910e-08  8.44896412e-10]
	child 2 = [ 9.81226385e-19 -1.34079209e-12 -2.31285518e-13  4.90561498e-11
 -1.99148086e-10 -5.52952262e-16  9.24555151e-16  3.18325074e-05
 -2.03375437e-06 -1.41361910e-08  8.44896412e-10]


CROSSOVER:


	parent1 = [ 9.89142965e-19 -1.34459839e-12 -2.32316207e-13  4.89382155e-11
 -1.97218646e-10 -5.48022060e-16  9.34178550e-16  3.19523090e-05
 -2.04305289e-06 -1.41361910e-08  8.43693585e-10]
	parent2 = [ 1.00747785e-18 -1.32373058e-12 -2.35030252e-13  4.93210491e-11
 -1.96000971e-10 -5.51877223e-16  9.43181356e-16  3.16468246e-05
 -2.05040861e-06 -1.41435591e-08  8.46481558e-10]
	cutoff index = 3
	child 1 = [ 9.89142965e-19 -1.34459839e-12 -2.32316207e-13  4.93210491e-11
 -1.96000971e-10 -5.51877223e-16  9.43181356e-16  3.16468246e-05
 -2.05040861e-06 -1.41435591e-08  8.46481558e-10]
	child 2 = [ 9.89142965e-19 -1.34459839e-12 -2.32316207e-13  4.89382155e-11
 -1.97218646e-10 -5.48022060e-16  9.34178550e-16  3.19523090e-05
 -2.04305289e-06 -1.41361910e-08  8.43693585e-10]


MUTATION: 

RECEIVED FOR MUTATTION: [[ 9.93180095e-19 -1.33485032e-12 -2.31585911e-13  4.90566309e-11
  -1.97295046e-10 -5.49911430e-16  9.35753957e-16  3.17567911e-05
  -2.05368465e-06 -1.41361910e-08  8.43142099e-10]
 [ 9.93180095e-19 -1.33485032e-12 -2.31585911e-13  4.90566309e-11
  -1.97295046e-10 -5.49911430e-16  9.35753957e-16  3.17567911e-05
  -2.05368465e-06 -1.40384660e-08  8.43142099e-10]
 [ 9.93180095e-19 -1.33485032e-12 -2.31585911e-13  4.90566309e-11
  -1.97295046e-10 -5.49911430e-16  9.26447014e-16  3.18089975e-05
  -2.05145963e-06 -1.40742297e-08  8.40703685e-10]
 [ 9.93180095e-19 -1.33485032e-12 -2.31585911e-13  4.90566309e-11
  -1.97295046e-10 -5.49911430e-16  9.35753957e-16  3.17567911e-05
  -2.05368465e-06 -1.41361910e-08  8.43142099e-10]
 [ 9.81226385e-19 -1.34079209e-12 -2.31285518e-13  4.90561498e-11
  -1.99148086e-10 -5.52952262e-16  9.24555151e-16  3.18325074e-05
  -2.03375437e-06 -1.41361910e-08  8.44896412e-10]
 [ 9.81226385e-19 -1.34079209e-12 -2.31285518e-13  4.90561498e-11
  -1.99148086e-10 -5.52952262e-16  9.24555151e-16  3.18325074e-05
  -2.03375437e-06 -1.41361910e-08  8.44896412e-10]
 [ 9.89142965e-19 -1.34459839e-12 -2.32316207e-13  4.93210491e-11
  -1.96000971e-10 -5.51877223e-16  9.43181356e-16  3.16468246e-05
  -2.05040861e-06 -1.41435591e-08  8.46481558e-10]
 [ 9.89142965e-19 -1.34459839e-12 -2.32316207e-13  4.89382155e-11
  -1.97218646e-10 -5.48022060e-16  9.34178550e-16  3.19523090e-05
  -2.04305289e-06 -1.41361910e-08  8.43693585e-10]]

Mutated feature:[[ 9.86082816e-19 -1.32627492e-12 -2.32304635e-13  4.88649857e-11
  -1.97295046e-10 -5.49294432e-16  9.35753957e-16  3.15309300e-05
  -2.06760570e-06 -1.42579991e-08  8.43142099e-10]
 [ 9.90980244e-19 -1.32175118e-12 -2.29906581e-13  4.93653725e-11
  -1.98278859e-10 -5.47385615e-16  9.43607005e-16  3.16220589e-05
  -2.05871870e-06 -1.40384660e-08  8.46997478e-10]
 [ 9.93180095e-19 -1.32519006e-12 -2.31920453e-13  4.86063410e-11
  -1.97295046e-10 -5.47809058e-16  9.33709527e-16  3.20974874e-05
  -2.05448149e-06 -1.39999233e-08  8.34860401e-10]
 [ 9.95154969e-19 -1.33886247e-12 -2.33506451e-13  4.90566309e-11
  -1.97295046e-10 -5.48777284e-16  9.26470654e-16  3.17567911e-05
  -2.07066278e-06 -1.41698547e-08  8.50933155e-10]
 [ 9.78017037e-19 -1.34935435e-12 -2.31285518e-13  4.87573375e-11
  -1.98666998e-10 -5.52952262e-16  9.18345353e-16  3.21271378e-05
  -2.04376160e-06 -1.41361910e-08  8.45260771e-10]
 [ 9.74210822e-19 -1.32776666e-12 -2.30263320e-13  4.90561498e-11
  -2.00572839e-10 -5.49206430e-16  9.24555151e-16  3.15590565e-05
  -2.01418873e-06 -1.40515350e-08  8.38921447e-10]
 [ 9.88943919e-19 -1.33939137e-12 -2.33593911e-13  4.96027681e-11
  -1.97667909e-10 -5.56448111e-16  9.46867395e-16  3.14442203e-05
  -2.04029830e-06 -1.41435591e-08  8.46481558e-10]
 [ 9.89142965e-19 -1.33745432e-12 -2.32316207e-13  4.91182546e-11
  -1.96404814e-10 -5.51474657e-16  9.39100498e-16  3.20218583e-05
  -2.03230932e-06 -1.41361910e-08  8.50323225e-10]]


sending vector for error: [ 9.86082816e-19 -1.32627492e-12 -2.32304635e-13  4.88649857e-11
 -1.97295046e-10 -5.49294432e-16  9.35753957e-16  3.15309300e-05
 -2.06760570e-06 -1.42579991e-08  8.43142099e-10]
received errors: 651082234954.1686    241180798691.63876

sending vector for error: [ 9.90980244e-19 -1.32175118e-12 -2.29906581e-13  4.93653725e-11
 -1.98278859e-10 -5.47385615e-16  9.43607005e-16  3.16220589e-05
 -2.05871870e-06 -1.40384660e-08  8.46997478e-10]
received errors: 489544044143.06824    92033576663.60063

sending vector for error: [ 9.93180095e-19 -1.32519006e-12 -2.31920453e-13  4.86063410e-11
 -1.97295046e-10 -5.47809058e-16  9.33709527e-16  3.20974874e-05
 -2.05448149e-06 -1.39999233e-08  8.34860401e-10]
received errors: 578322725853.3674    103217838876.30069

sending vector for error: [ 9.95154969e-19 -1.33886247e-12 -2.33506451e-13  4.90566309e-11
 -1.97295046e-10 -5.48777284e-16  9.26470654e-16  3.17567911e-05
 -2.07066278e-06 -1.41698547e-08  8.50933155e-10]
received errors: 518809103998.0872    102235391779.87497

sending vector for error: [ 9.78017037e-19 -1.34935435e-12 -2.31285518e-13  4.87573375e-11
 -1.98666998e-10 -5.52952262e-16  9.18345353e-16  3.21271378e-05
 -2.04376160e-06 -1.41361910e-08  8.45260771e-10]
received errors: 461997895081.1676    124275541927.33353

sending vector for error: [ 9.74210822e-19 -1.32776666e-12 -2.30263320e-13  4.90561498e-11
 -2.00572839e-10 -5.49206430e-16  9.24555151e-16  3.15590565e-05
 -2.01418873e-06 -1.40515350e-08  8.38921447e-10]
received errors: 413201285283.8407    167529237636.78387

sending vector for error: [ 9.88943919e-19 -1.33939137e-12 -2.33593911e-13  4.96027681e-11
 -1.97667909e-10 -5.56448111e-16  9.46867395e-16  3.14442203e-05
 -2.04029830e-06 -1.41435591e-08  8.46481558e-10]
received errors: 430344821615.7943    98439392589.06114

sending vector for error: [ 9.89142965e-19 -1.33745432e-12 -2.32316207e-13  4.91182546e-11
 -1.96404814e-10 -5.51474657e-16  9.39100498e-16  3.20218583e-05
 -2.03230932e-06 -1.41361910e-08  8.50323225e-10]
received errors: 465377007142.3468    306751914923.8017


CROSSOVER:


	parent1 = [ 9.74210822e-19 -1.32776666e-12 -2.30263320e-13  4.90561498e-11
 -2.00572839e-10 -5.49206430e-16  9.24555151e-16  3.15590565e-05
 -2.01418873e-06 -1.40515350e-08  8.38921447e-10]
	parent2 = [ 9.89142965e-19 -1.33745432e-12 -2.32316207e-13  4.91182546e-11
 -1.96404814e-10 -5.51474657e-16  9.39100498e-16  3.20218583e-05
 -2.03230932e-06 -1.41361910e-08  8.50323225e-10]
	cutoff index = 7
	child 1 = [ 9.74210822e-19 -1.32776666e-12 -2.30263320e-13  4.90561498e-11
 -2.00572839e-10 -5.49206430e-16  9.24555151e-16  3.20218583e-05
 -2.03230932e-06 -1.41361910e-08  8.50323225e-10]
	child 2 = [ 9.74210822e-19 -1.32776666e-12 -2.30263320e-13  4.90561498e-11
 -2.00572839e-10 -5.49206430e-16  9.24555151e-16  3.15590565e-05
 -2.01418873e-06 -1.40515350e-08  8.38921447e-10]


CROSSOVER:


	parent1 = [ 9.78017037e-19 -1.34935435e-12 -2.31285518e-13  4.87573375e-11
 -1.98666998e-10 -5.52952262e-16  9.18345353e-16  3.21271378e-05
 -2.04376160e-06 -1.41361910e-08  8.45260771e-10]
	parent2 = [ 9.74210822e-19 -1.32776666e-12 -2.30263320e-13  4.90561498e-11
 -2.00572839e-10 -5.49206430e-16  9.24555151e-16  3.15590565e-05
 -2.01418873e-06 -1.40515350e-08  8.38921447e-10]
	cutoff index = 4
	child 1 = [ 9.78017037e-19 -1.34935435e-12 -2.31285518e-13  4.87573375e-11
 -2.00572839e-10 -5.49206430e-16  9.24555151e-16  3.15590565e-05
 -2.01418873e-06 -1.40515350e-08  8.38921447e-10]
	child 2 = [ 9.78017037e-19 -1.34935435e-12 -2.31285518e-13  4.87573375e-11
 -1.98666998e-10 -5.52952262e-16  9.18345353e-16  3.21271378e-05
 -2.04376160e-06 -1.41361910e-08  8.45260771e-10]


CROSSOVER:


	parent1 = [ 9.78017037e-19 -1.34935435e-12 -2.31285518e-13  4.87573375e-11
 -2.00572839e-10 -5.49206430e-16  9.24555151e-16  3.15590565e-05
 -2.01418873e-06 -1.40515350e-08  8.38921447e-10]
	parent2 = [ 9.93180095e-19 -1.32519006e-12 -2.31920453e-13  4.86063410e-11
 -1.97295046e-10 -5.47809058e-16  9.33709527e-16  3.20974874e-05
 -2.05448149e-06 -1.39999233e-08  8.34860401e-10]
	cutoff index = 0
	child 1 = [ 9.93180095e-19 -1.32519006e-12 -2.31920453e-13  4.86063410e-11
 -1.97295046e-10 -5.47809058e-16  9.33709527e-16  3.20974874e-05
 -2.05448149e-06 -1.39999233e-08  8.34860401e-10]
	child 2 = [ 9.78017037e-19 -1.34935435e-12 -2.31285518e-13  4.87573375e-11
 -2.00572839e-10 -5.49206430e-16  9.24555151e-16  3.15590565e-05
 -2.01418873e-06 -1.40515350e-08  8.38921447e-10]


CROSSOVER:


	parent1 = [ 9.93180095e-19 -1.32519006e-12 -2.31920453e-13  4.86063410e-11
 -1.97295046e-10 -5.47809058e-16  9.33709527e-16  3.20974874e-05
 -2.05448149e-06 -1.39999233e-08  8.34860401e-10]
	parent2 = [ 9.78017037e-19 -1.34935435e-12 -2.31285518e-13  4.87573375e-11
 -2.00572839e-10 -5.49206430e-16  9.24555151e-16  3.15590565e-05
 -2.01418873e-06 -1.40515350e-08  8.38921447e-10]
	cutoff index = 0
	child 1 = [ 9.78017037e-19 -1.34935435e-12 -2.31285518e-13  4.87573375e-11
 -2.00572839e-10 -5.49206430e-16  9.24555151e-16  3.15590565e-05
 -2.01418873e-06 -1.40515350e-08  8.38921447e-10]
	child 2 = [ 9.93180095e-19 -1.32519006e-12 -2.31920453e-13  4.86063410e-11
 -1.97295046e-10 -5.47809058e-16  9.33709527e-16  3.20974874e-05
 -2.05448149e-06 -1.39999233e-08  8.34860401e-10]


MUTATION: 

RECEIVED FOR MUTATTION: [[ 9.74210822e-19 -1.32776666e-12 -2.30263320e-13  4.90561498e-11
  -2.00572839e-10 -5.49206430e-16  9.24555151e-16  3.20218583e-05
  -2.03230932e-06 -1.41361910e-08  8.50323225e-10]
 [ 9.78017037e-19 -1.34935435e-12 -2.31285518e-13  4.87573375e-11
  -2.00572839e-10 -5.49206430e-16  9.24555151e-16  3.15590565e-05
  -2.01418873e-06 -1.40515350e-08  8.38921447e-10]
 [ 9.78017037e-19 -1.34935435e-12 -2.31285518e-13  4.87573375e-11
  -2.00572839e-10 -5.49206430e-16  9.24555151e-16  3.15590565e-05
  -2.01418873e-06 -1.40515350e-08  8.38921447e-10]
 [ 9.78017037e-19 -1.34935435e-12 -2.31285518e-13  4.87573375e-11
  -1.98666998e-10 -5.52952262e-16  9.18345353e-16  3.21271378e-05
  -2.04376160e-06 -1.41361910e-08  8.45260771e-10]
 [ 9.93180095e-19 -1.32519006e-12 -2.31920453e-13  4.86063410e-11
  -1.97295046e-10 -5.47809058e-16  9.33709527e-16  3.20974874e-05
  -2.05448149e-06 -1.39999233e-08  8.34860401e-10]
 [ 9.78017037e-19 -1.34935435e-12 -2.31285518e-13  4.87573375e-11
  -2.00572839e-10 -5.49206430e-16  9.24555151e-16  3.15590565e-05
  -2.01418873e-06 -1.40515350e-08  8.38921447e-10]
 [ 9.78017037e-19 -1.34935435e-12 -2.31285518e-13  4.87573375e-11
  -2.00572839e-10 -5.49206430e-16  9.24555151e-16  3.15590565e-05
  -2.01418873e-06 -1.40515350e-08  8.38921447e-10]
 [ 9.93180095e-19 -1.32519006e-12 -2.31920453e-13  4.86063410e-11
  -1.97295046e-10 -5.47809058e-16  9.33709527e-16  3.20974874e-05
  -2.05448149e-06 -1.39999233e-08  8.34860401e-10]]

Mutated feature:[[ 9.68300373e-19 -1.32277011e-12 -2.31483639e-13  4.90561498e-11
  -2.02402702e-10 -5.46135174e-16  9.19938872e-16  3.20218583e-05
  -2.03230932e-06 -1.41382626e-08  8.52117762e-10]
 [ 9.74054572e-19 -1.35760898e-12 -2.31285518e-13  4.92024544e-11
  -1.98653395e-10 -5.47262768e-16  9.20119333e-16  3.15590565e-05
  -2.00747743e-06 -1.40515350e-08  8.35461880e-10]
 [ 9.78017037e-19 -1.34598156e-12 -2.31285518e-13  4.84687458e-11
  -2.00572839e-10 -5.49206430e-16  9.31369648e-16  3.15986787e-05
  -1.99953235e-06 -1.41257236e-08  8.39241629e-10]
 [ 9.72422156e-19 -1.34673605e-12 -2.31122539e-13  4.83124042e-11
  -1.98071780e-10 -5.49569636e-16  9.24105493e-16  3.19070549e-05
  -2.04376160e-06 -1.42713612e-08  8.46946554e-10]
 [ 9.86414803e-19 -1.32519006e-12 -2.30259170e-13  4.86245524e-11
  -1.95732605e-10 -5.45252565e-16  9.31958385e-16  3.20974874e-05
  -2.06531854e-06 -1.40365092e-08  8.34860401e-10]
 [ 9.70525357e-19 -1.34917700e-12 -2.31693071e-13  4.87573375e-11
  -2.01379995e-10 -5.45533971e-16  9.21497341e-16  3.13181085e-05
  -2.02787959e-06 -1.40923940e-08  8.38921447e-10]
 [ 9.86371796e-19 -1.35975448e-12 -2.31353815e-13  4.85482070e-11
  -2.00309124e-10 -5.49206430e-16  9.25650488e-16  3.15600416e-05
  -2.01418873e-06 -1.40887847e-08  8.38921447e-10]
 [ 9.93180095e-19 -1.32027449e-12 -2.31920453e-13  4.81963073e-11
  -1.97293857e-10 -5.47809058e-16  9.33709527e-16  3.20974874e-05
  -2.06338377e-06 -1.41325209e-08  8.40391013e-10]]


sending vector for error: [ 9.68300373e-19 -1.32277011e-12 -2.31483639e-13  4.90561498e-11
 -2.02402702e-10 -5.46135174e-16  9.19938872e-16  3.20218583e-05
 -2.03230932e-06 -1.41382626e-08  8.52117762e-10]
received errors: 479019151826.73486    362428338790.55426

sending vector for error: [ 9.74054572e-19 -1.35760898e-12 -2.31285518e-13  4.92024544e-11
 -1.98653395e-10 -5.47262768e-16  9.20119333e-16  3.15590565e-05
 -2.00747743e-06 -1.40515350e-08  8.35461880e-10]
received errors: 408237886983.6994    155534047660.44125

sending vector for error: [ 9.78017037e-19 -1.34598156e-12 -2.31285518e-13  4.84687458e-11
 -2.00572839e-10 -5.49206430e-16  9.31369648e-16  3.15986787e-05
 -1.99953235e-06 -1.41257236e-08  8.39241629e-10]
received errors: 415150308371.2103    285523345509.30194

sending vector for error: [ 9.72422156e-19 -1.34673605e-12 -2.31122539e-13  4.83124042e-11
 -1.98071780e-10 -5.49569636e-16  9.24105493e-16  3.19070549e-05
 -2.04376160e-06 -1.42713612e-08  8.46946554e-10]
received errors: 445073262929.8123    98785281024.29723

sending vector for error: [ 9.86414803e-19 -1.32519006e-12 -2.30259170e-13  4.86245524e-11
 -1.95732605e-10 -5.45252565e-16  9.31958385e-16  3.20974874e-05
 -2.06531854e-06 -1.40365092e-08  8.34860401e-10]
received errors: 666201731579.2101    179722768223.235

sending vector for error: [ 9.70525357e-19 -1.34917700e-12 -2.31693071e-13  4.87573375e-11
 -2.01379995e-10 -5.45533971e-16  9.21497341e-16  3.13181085e-05
 -2.02787959e-06 -1.40923940e-08  8.38921447e-10]
received errors: 432698516830.61523    85380149685.03394

sending vector for error: [ 9.86371796e-19 -1.35975448e-12 -2.31353815e-13  4.85482070e-11
 -2.00309124e-10 -5.49206430e-16  9.25650488e-16  3.15600416e-05
 -2.01418873e-06 -1.40887847e-08  8.38921447e-10]
received errors: 409242155695.8014    154578683153.78568

sending vector for error: [ 9.93180095e-19 -1.32027449e-12 -2.31920453e-13  4.81963073e-11
 -1.97293857e-10 -5.47809058e-16  9.33709527e-16  3.20974874e-05
 -2.06338377e-06 -1.41325209e-08  8.40391013e-10]
received errors: 584188722073.2693    118686862977.97232


CROSSOVER:


	parent1 = [ 9.68300373e-19 -1.32277011e-12 -2.31483639e-13  4.90561498e-11
 -2.02402702e-10 -5.46135174e-16  9.19938872e-16  3.20218583e-05
 -2.03230932e-06 -1.41382626e-08  8.52117762e-10]
	parent2 = [ 9.74054572e-19 -1.35760898e-12 -2.31285518e-13  4.92024544e-11
 -1.98653395e-10 -5.47262768e-16  9.20119333e-16  3.15590565e-05
 -2.00747743e-06 -1.40515350e-08  8.35461880e-10]
	cutoff index = 6
	child 1 = [ 9.68300373e-19 -1.32277011e-12 -2.31483639e-13  4.90561498e-11
 -2.02402702e-10 -5.46135174e-16  9.20119333e-16  3.15590565e-05
 -2.00747743e-06 -1.40515350e-08  8.35461880e-10]
	child 2 = [ 9.68300373e-19 -1.32277011e-12 -2.31483639e-13  4.90561498e-11
 -2.02402702e-10 -5.46135174e-16  9.19938872e-16  3.20218583e-05
 -2.03230932e-06 -1.41382626e-08  8.52117762e-10]


CROSSOVER:


	parent1 = [ 9.68300373e-19 -1.32277011e-12 -2.31483639e-13  4.90561498e-11
 -2.02402702e-10 -5.46135174e-16  9.20119333e-16  3.15590565e-05
 -2.00747743e-06 -1.40515350e-08  8.35461880e-10]
	parent2 = [ 9.93180095e-19 -1.32027449e-12 -2.31920453e-13  4.81963073e-11
 -1.97293857e-10 -5.47809058e-16  9.33709527e-16  3.20974874e-05
 -2.06338377e-06 -1.41325209e-08  8.40391013e-10]
	cutoff index = 1
	child 1 = [ 9.68300373e-19 -1.32027449e-12 -2.31920453e-13  4.81963073e-11
 -1.97293857e-10 -5.47809058e-16  9.33709527e-16  3.20974874e-05
 -2.06338377e-06 -1.41325209e-08  8.40391013e-10]
	child 2 = [ 9.68300373e-19 -1.32277011e-12 -2.31483639e-13  4.90561498e-11
 -2.02402702e-10 -5.46135174e-16  9.20119333e-16  3.15590565e-05
 -2.00747743e-06 -1.40515350e-08  8.35461880e-10]


CROSSOVER:


	parent1 = [ 9.78017037e-19 -1.34598156e-12 -2.31285518e-13  4.84687458e-11
 -2.00572839e-10 -5.49206430e-16  9.31369648e-16  3.15986787e-05
 -1.99953235e-06 -1.41257236e-08  8.39241629e-10]
	parent2 = [ 9.72422156e-19 -1.34673605e-12 -2.31122539e-13  4.83124042e-11
 -1.98071780e-10 -5.49569636e-16  9.24105493e-16  3.19070549e-05
 -2.04376160e-06 -1.42713612e-08  8.46946554e-10]
	cutoff index = 9
	child 1 = [ 9.78017037e-19 -1.34598156e-12 -2.31285518e-13  4.84687458e-11
 -2.00572839e-10 -5.49206430e-16  9.31369648e-16  3.15986787e-05
 -1.99953235e-06 -1.42713612e-08  8.46946554e-10]
	child 2 = [ 9.78017037e-19 -1.34598156e-12 -2.31285518e-13  4.84687458e-11
 -2.00572839e-10 -5.49206430e-16  9.31369648e-16  3.15986787e-05
 -1.99953235e-06 -1.41257236e-08  8.39241629e-10]


CROSSOVER:


	parent1 = [ 9.86371796e-19 -1.35975448e-12 -2.31353815e-13  4.85482070e-11
 -2.00309124e-10 -5.49206430e-16  9.25650488e-16  3.15600416e-05
 -2.01418873e-06 -1.40887847e-08  8.38921447e-10]
	parent2 = [ 9.68300373e-19 -1.32277011e-12 -2.31483639e-13  4.90561498e-11
 -2.02402702e-10 -5.46135174e-16  9.20119333e-16  3.15590565e-05
 -2.00747743e-06 -1.40515350e-08  8.35461880e-10]
	cutoff index = 10
	child 1 = [ 9.86371796e-19 -1.35975448e-12 -2.31353815e-13  4.85482070e-11
 -2.00309124e-10 -5.49206430e-16  9.25650488e-16  3.15600416e-05
 -2.01418873e-06 -1.40887847e-08  8.35461880e-10]
	child 2 = [ 9.86371796e-19 -1.35975448e-12 -2.31353815e-13  4.85482070e-11
 -2.00309124e-10 -5.49206430e-16  9.25650488e-16  3.15600416e-05
 -2.01418873e-06 -1.40887847e-08  8.38921447e-10]


MUTATION: 

RECEIVED FOR MUTATTION: [[ 9.86371796e-19 -1.35975448e-12 -2.31353815e-13  4.85482070e-11
  -2.00309124e-10 -5.49206430e-16  9.25650488e-16  3.15600416e-05
  -2.01418873e-06 -1.40887847e-08  8.35461880e-10]
 [ 9.68300373e-19 -1.32277011e-12 -2.31483639e-13  4.90561498e-11
  -2.02402702e-10 -5.46135174e-16  9.19938872e-16  3.20218583e-05
  -2.03230932e-06 -1.41382626e-08  8.52117762e-10]
 [ 9.68300373e-19 -1.32027449e-12 -2.31920453e-13  4.81963073e-11
  -1.97293857e-10 -5.47809058e-16  9.33709527e-16  3.20974874e-05
  -2.06338377e-06 -1.41325209e-08  8.40391013e-10]
 [ 9.86371796e-19 -1.35975448e-12 -2.31353815e-13  4.85482070e-11
  -2.00309124e-10 -5.49206430e-16  9.25650488e-16  3.15600416e-05
  -2.01418873e-06 -1.40887847e-08  8.35461880e-10]
 [ 9.78017037e-19 -1.34598156e-12 -2.31285518e-13  4.84687458e-11
  -2.00572839e-10 -5.49206430e-16  9.31369648e-16  3.15986787e-05
  -1.99953235e-06 -1.42713612e-08  8.46946554e-10]
 [ 9.78017037e-19 -1.34598156e-12 -2.31285518e-13  4.84687458e-11
  -2.00572839e-10 -5.49206430e-16  9.31369648e-16  3.15986787e-05
  -1.99953235e-06 -1.41257236e-08  8.39241629e-10]
 [ 9.86371796e-19 -1.35975448e-12 -2.31353815e-13  4.85482070e-11
  -2.00309124e-10 -5.49206430e-16  9.25650488e-16  3.15600416e-05
  -2.01418873e-06 -1.40887847e-08  8.35461880e-10]
 [ 9.86371796e-19 -1.35975448e-12 -2.31353815e-13  4.85482070e-11
  -2.00309124e-10 -5.49206430e-16  9.25650488e-16  3.15600416e-05
  -2.01418873e-06 -1.40887847e-08  8.38921447e-10]]

Mutated feature:[[ 9.86371796e-19 -1.36580623e-12 -2.30805250e-13  4.86565124e-11
  -2.00309124e-10 -5.48314135e-16  9.26935928e-16  3.16121824e-05
  -2.03229856e-06 -1.40918318e-08  8.35461880e-10]
 [ 9.73512125e-19 -1.32277011e-12 -2.31483639e-13  4.94353208e-11
  -2.02402702e-10 -5.46122229e-16  9.25910062e-16  3.18394944e-05
  -2.02403410e-06 -1.40716215e-08  8.52117762e-10]
 [ 9.69481566e-19 -1.33083888e-12 -2.30510568e-13  4.82786033e-11
  -1.97293857e-10 -5.49921769e-16  9.42896332e-16  3.17810041e-05
  -2.05597193e-06 -1.40956527e-08  8.40391013e-10]
 [ 9.86371796e-19 -1.35585845e-12 -2.31353815e-13  4.84769338e-11
  -1.99858449e-10 -5.46211780e-16  9.33972896e-16  3.14624277e-05
  -2.02539874e-06 -1.40887847e-08  8.31899026e-10]
 [ 9.78017037e-19 -1.34955211e-12 -2.31451888e-13  4.87180145e-11
  -2.01440800e-10 -5.43887492e-16  9.31369648e-16  3.15785232e-05
  -1.99839327e-06 -1.43325929e-08  8.42340436e-10]
 [ 9.78017037e-19 -1.34635716e-12 -2.32924638e-13  4.84687458e-11
  -1.99668726e-10 -5.49206430e-16  9.27574388e-16  3.17484999e-05
  -1.99953235e-06 -1.41257236e-08  8.37985152e-10]
 [ 9.86371796e-19 -1.35691246e-12 -2.30958824e-13  4.85482070e-11
  -2.01265092e-10 -5.49206430e-16  9.25650488e-16  3.14467947e-05
  -2.02354320e-06 -1.40887847e-08  8.35461880e-10]
 [ 9.81897939e-19 -1.34669919e-12 -2.30902222e-13  4.85482070e-11
  -2.02200805e-10 -5.48697027e-16  9.34326916e-16  3.14830316e-05
  -2.01418873e-06 -1.40885289e-08  8.38921447e-10]]


sending vector for error: [ 9.86371796e-19 -1.36580623e-12 -2.30805250e-13  4.86565124e-11
 -2.00309124e-10 -5.48314135e-16  9.26935928e-16  3.16121824e-05
 -2.03229856e-06 -1.40918318e-08  8.35461880e-10]
received errors: 476498560405.5397    81224606797.91675

sending vector for error: [ 9.73512125e-19 -1.32277011e-12 -2.31483639e-13  4.94353208e-11
 -2.02402702e-10 -5.46122229e-16  9.25910062e-16  3.18394944e-05
 -2.02403410e-06 -1.40716215e-08  8.52117762e-10]
received errors: 499737454093.9048    474494320720.5223

sending vector for error: [ 9.69481566e-19 -1.33083888e-12 -2.30510568e-13  4.82786033e-11
 -1.97293857e-10 -5.49921769e-16  9.42896332e-16  3.17810041e-05
 -2.05597193e-06 -1.40956527e-08  8.40391013e-10]
received errors: 547280339210.62317    109485714787.87912

sending vector for error: [ 9.86371796e-19 -1.35585845e-12 -2.31353815e-13  4.84769338e-11
 -1.99858449e-10 -5.46211780e-16  9.33972896e-16  3.14624277e-05
 -2.02539874e-06 -1.40887847e-08  8.31899026e-10]
received errors: 482027221021.0443    86868548429.42526

sending vector for error: [ 9.78017037e-19 -1.34955211e-12 -2.31451888e-13  4.87180145e-11
 -2.01440800e-10 -5.43887492e-16  9.31369648e-16  3.15785232e-05
 -1.99839327e-06 -1.43325929e-08  8.42340436e-10]
received errors: 390621168179.31464    266627040581.30597

sending vector for error: [ 9.78017037e-19 -1.34635716e-12 -2.32924638e-13  4.84687458e-11
 -1.99668726e-10 -5.49206430e-16  9.27574388e-16  3.17484999e-05
 -1.99953235e-06 -1.41257236e-08  8.37985152e-10]
received errors: 423796756039.43005    285883677036.02405

sending vector for error: [ 9.86371796e-19 -1.35691246e-12 -2.30958824e-13  4.85482070e-11
 -2.01265092e-10 -5.49206430e-16  9.25650488e-16  3.14467947e-05
 -2.02354320e-06 -1.40887847e-08  8.35461880e-10]
received errors: 440598510344.6154    80037592098.5202

sending vector for error: [ 9.81897939e-19 -1.34669919e-12 -2.30902222e-13  4.85482070e-11
 -2.02200805e-10 -5.48697027e-16  9.34326916e-16  3.14830316e-05
 -2.01418873e-06 -1.40885289e-08  8.38921447e-10]
received errors: 405052820952.73444    144816533618.914


CROSSOVER:


	parent1 = [ 9.81897939e-19 -1.34669919e-12 -2.30902222e-13  4.85482070e-11
 -2.02200805e-10 -5.48697027e-16  9.34326916e-16  3.14830316e-05
 -2.01418873e-06 -1.40885289e-08  8.38921447e-10]
	parent2 = [ 9.86371796e-19 -1.35585845e-12 -2.31353815e-13  4.84769338e-11
 -1.99858449e-10 -5.46211780e-16  9.33972896e-16  3.14624277e-05
 -2.02539874e-06 -1.40887847e-08  8.31899026e-10]
	cutoff index = 4
	child 1 = [ 9.81897939e-19 -1.34669919e-12 -2.30902222e-13  4.85482070e-11
 -1.99858449e-10 -5.46211780e-16  9.33972896e-16  3.14624277e-05
 -2.02539874e-06 -1.40887847e-08  8.31899026e-10]
	child 2 = [ 9.81897939e-19 -1.34669919e-12 -2.30902222e-13  4.85482070e-11
 -2.02200805e-10 -5.48697027e-16  9.34326916e-16  3.14830316e-05
 -2.01418873e-06 -1.40885289e-08  8.38921447e-10]


CROSSOVER:


	parent1 = [ 9.81897939e-19 -1.34669919e-12 -2.30902222e-13  4.85482070e-11
 -1.99858449e-10 -5.46211780e-16  9.33972896e-16  3.14624277e-05
 -2.02539874e-06 -1.40887847e-08  8.31899026e-10]
	parent2 = [ 9.86371796e-19 -1.36580623e-12 -2.30805250e-13  4.86565124e-11
 -2.00309124e-10 -5.48314135e-16  9.26935928e-16  3.16121824e-05
 -2.03229856e-06 -1.40918318e-08  8.35461880e-10]
	cutoff index = 7
	child 1 = [ 9.81897939e-19 -1.34669919e-12 -2.30902222e-13  4.85482070e-11
 -1.99858449e-10 -5.46211780e-16  9.33972896e-16  3.16121824e-05
 -2.03229856e-06 -1.40918318e-08  8.35461880e-10]
	child 2 = [ 9.81897939e-19 -1.34669919e-12 -2.30902222e-13  4.85482070e-11
 -1.99858449e-10 -5.46211780e-16  9.33972896e-16  3.14624277e-05
 -2.02539874e-06 -1.40887847e-08  8.31899026e-10]


CROSSOVER:


	parent1 = [ 9.69481566e-19 -1.33083888e-12 -2.30510568e-13  4.82786033e-11
 -1.97293857e-10 -5.49921769e-16  9.42896332e-16  3.17810041e-05
 -2.05597193e-06 -1.40956527e-08  8.40391013e-10]
	parent2 = [ 9.86371796e-19 -1.35691246e-12 -2.30958824e-13  4.85482070e-11
 -2.01265092e-10 -5.49206430e-16  9.25650488e-16  3.14467947e-05
 -2.02354320e-06 -1.40887847e-08  8.35461880e-10]
	cutoff index = 4
	child 1 = [ 9.69481566e-19 -1.33083888e-12 -2.30510568e-13  4.82786033e-11
 -2.01265092e-10 -5.49206430e-16  9.25650488e-16  3.14467947e-05
 -2.02354320e-06 -1.40887847e-08  8.35461880e-10]
	child 2 = [ 9.69481566e-19 -1.33083888e-12 -2.30510568e-13  4.82786033e-11
 -1.97293857e-10 -5.49921769e-16  9.42896332e-16  3.17810041e-05
 -2.05597193e-06 -1.40956527e-08  8.40391013e-10]


CROSSOVER:


	parent1 = [ 9.81897939e-19 -1.34669919e-12 -2.30902222e-13  4.85482070e-11
 -1.99858449e-10 -5.46211780e-16  9.33972896e-16  3.14624277e-05
 -2.02539874e-06 -1.40887847e-08  8.31899026e-10]
	parent2 = [ 9.81897939e-19 -1.34669919e-12 -2.30902222e-13  4.85482070e-11
 -1.99858449e-10 -5.46211780e-16  9.33972896e-16  3.16121824e-05
 -2.03229856e-06 -1.40918318e-08  8.35461880e-10]
	cutoff index = 2
	child 1 = [ 9.81897939e-19 -1.34669919e-12 -2.30902222e-13  4.85482070e-11
 -1.99858449e-10 -5.46211780e-16  9.33972896e-16  3.16121824e-05
 -2.03229856e-06 -1.40918318e-08  8.35461880e-10]
	child 2 = [ 9.81897939e-19 -1.34669919e-12 -2.30902222e-13  4.85482070e-11
 -1.99858449e-10 -5.46211780e-16  9.33972896e-16  3.14624277e-05
 -2.02539874e-06 -1.40887847e-08  8.31899026e-10]


MUTATION: 

RECEIVED FOR MUTATTION: [[ 9.81897939e-19 -1.34669919e-12 -2.30902222e-13  4.85482070e-11
  -1.99858449e-10 -5.46211780e-16  9.33972896e-16  3.14624277e-05
  -2.02539874e-06 -1.40887847e-08  8.31899026e-10]
 [ 9.81897939e-19 -1.34669919e-12 -2.30902222e-13  4.85482070e-11
  -2.02200805e-10 -5.48697027e-16  9.34326916e-16  3.14830316e-05
  -2.01418873e-06 -1.40885289e-08  8.38921447e-10]
 [ 9.81897939e-19 -1.34669919e-12 -2.30902222e-13  4.85482070e-11
  -1.99858449e-10 -5.46211780e-16  9.33972896e-16  3.16121824e-05
  -2.03229856e-06 -1.40918318e-08  8.35461880e-10]
 [ 9.81897939e-19 -1.34669919e-12 -2.30902222e-13  4.85482070e-11
  -1.99858449e-10 -5.46211780e-16  9.33972896e-16  3.14624277e-05
  -2.02539874e-06 -1.40887847e-08  8.31899026e-10]
 [ 9.69481566e-19 -1.33083888e-12 -2.30510568e-13  4.82786033e-11
  -2.01265092e-10 -5.49206430e-16  9.25650488e-16  3.14467947e-05
  -2.02354320e-06 -1.40887847e-08  8.35461880e-10]
 [ 9.69481566e-19 -1.33083888e-12 -2.30510568e-13  4.82786033e-11
  -1.97293857e-10 -5.49921769e-16  9.42896332e-16  3.17810041e-05
  -2.05597193e-06 -1.40956527e-08  8.40391013e-10]
 [ 9.81897939e-19 -1.34669919e-12 -2.30902222e-13  4.85482070e-11
  -1.99858449e-10 -5.46211780e-16  9.33972896e-16  3.16121824e-05
  -2.03229856e-06 -1.40918318e-08  8.35461880e-10]
 [ 9.81897939e-19 -1.34669919e-12 -2.30902222e-13  4.85482070e-11
  -1.99858449e-10 -5.46211780e-16  9.33972896e-16  3.14624277e-05
  -2.02539874e-06 -1.40887847e-08  8.31899026e-10]]

Mutated feature:[[ 9.79068203e-19 -1.33804327e-12 -2.32800712e-13  4.81524154e-11
  -2.00344482e-10 -5.50631523e-16  9.37988847e-16  3.15463311e-05
  -2.02539874e-06 -1.41971453e-08  8.37985885e-10]
 [ 9.78618693e-19 -1.34669919e-12 -2.30902222e-13  4.81391412e-11
  -2.03923712e-10 -5.52207101e-16  9.34326916e-16  3.14695101e-05
  -2.01418873e-06 -1.40885289e-08  8.38921447e-10]
 [ 9.81897939e-19 -1.34669919e-12 -2.31370982e-13  4.85482070e-11
  -2.01231237e-10 -5.41884389e-16  9.33972896e-16  3.19271936e-05
  -2.03229856e-06 -1.41257555e-08  8.35461880e-10]
 [ 9.81897939e-19 -1.34394524e-12 -2.30902222e-13  4.81243432e-11
  -2.01654013e-10 -5.49143845e-16  9.33972896e-16  3.13000666e-05
  -2.04218706e-06 -1.40887847e-08  8.25681928e-10]
 [ 9.63470580e-19 -1.33833989e-12 -2.28262875e-13  4.78897276e-11
  -2.01265092e-10 -5.48002510e-16  9.24279548e-16  3.11627469e-05
  -2.00695923e-06 -1.40887847e-08  8.27675023e-10]
 [ 9.66152277e-19 -1.34227270e-12 -2.30510568e-13  4.78355091e-11
  -1.95777781e-10 -5.53670918e-16  9.47699228e-16  3.20377321e-05
  -2.04125375e-06 -1.40956527e-08  8.40391013e-10]
 [ 9.85006175e-19 -1.34940523e-12 -2.30649474e-13  4.82131843e-11
  -2.01560165e-10 -5.46030653e-16  9.33972896e-16  3.14869420e-05
  -2.03229856e-06 -1.41302565e-08  8.43287223e-10]
 [ 9.81897939e-19 -1.34279293e-12 -2.31154307e-13  4.90130042e-11
  -2.01180753e-10 -5.42065017e-16  9.42315441e-16  3.14624277e-05
  -2.01072831e-06 -1.40887847e-08  8.30774506e-10]]


sending vector for error: [ 9.79068203e-19 -1.33804327e-12 -2.32800712e-13  4.81524154e-11
 -2.00344482e-10 -5.50631523e-16  9.37988847e-16  3.15463311e-05
 -2.02539874e-06 -1.41971453e-08  8.37985885e-10]
received errors: 434244887831.80505    81140666451.90443

sending vector for error: [ 9.78618693e-19 -1.34669919e-12 -2.30902222e-13  4.81391412e-11
 -2.03923712e-10 -5.52207101e-16  9.34326916e-16  3.14695101e-05
 -2.01418873e-06 -1.40885289e-08  8.38921447e-10]
received errors: 404000226263.03235    141869771133.42267

sending vector for error: [ 9.81897939e-19 -1.34669919e-12 -2.31370982e-13  4.85482070e-11
 -2.01231237e-10 -5.41884389e-16  9.33972896e-16  3.19271936e-05
 -2.03229856e-06 -1.41257555e-08  8.35461880e-10]
received errors: 473547732674.8784    77452455721.1183

sending vector for error: [ 9.81897939e-19 -1.34394524e-12 -2.30902222e-13  4.81243432e-11
 -2.01654013e-10 -5.49143845e-16  9.33972896e-16  3.13000666e-05
 -2.04218706e-06 -1.40887847e-08  8.25681928e-10]
received errors: 751298262869.1344    364055503618.0699

sending vector for error: [ 9.63470580e-19 -1.33833989e-12 -2.28262875e-13  4.78897276e-11
 -2.01265092e-10 -5.48002510e-16  9.24279548e-16  3.11627469e-05
 -2.00695923e-06 -1.40887847e-08  8.27675023e-10]
received errors: 440862296008.4629    78968542395.6976

sending vector for error: [ 9.66152277e-19 -1.34227270e-12 -2.30510568e-13  4.78355091e-11
 -1.95777781e-10 -5.53670918e-16  9.47699228e-16  3.20377321e-05
 -2.04125375e-06 -1.40956527e-08  8.40391013e-10]
received errors: 473107915010.3677    88566325614.63832

sending vector for error: [ 9.85006175e-19 -1.34940523e-12 -2.30649474e-13  4.82131843e-11
 -2.01560165e-10 -5.46030653e-16  9.33972896e-16  3.14869420e-05
 -2.03229856e-06 -1.41302565e-08  8.43287223e-10]
received errors: 424191865780.91614    102958034487.45169

sending vector for error: [ 9.81897939e-19 -1.34279293e-12 -2.31154307e-13  4.90130042e-11
 -2.01180753e-10 -5.42065017e-16  9.42315441e-16  3.14624277e-05
 -2.01072831e-06 -1.40887847e-08  8.30774506e-10]
received errors: 425412826579.7672    78244504663.97197


CROSSOVER:


	parent1 = [ 9.66152277e-19 -1.34227270e-12 -2.30510568e-13  4.78355091e-11
 -1.95777781e-10 -5.53670918e-16  9.47699228e-16  3.20377321e-05
 -2.04125375e-06 -1.40956527e-08  8.40391013e-10]
	parent2 = [ 9.66152277e-19 -1.34227270e-12 -2.30510568e-13  4.78355091e-11
 -1.95777781e-10 -5.53670918e-16  9.47699228e-16  3.20377321e-05
 -2.04125375e-06 -1.40956527e-08  8.40391013e-10]
	cutoff index = 4
	child 1 = [ 9.66152277e-19 -1.34227270e-12 -2.30510568e-13  4.78355091e-11
 -1.95777781e-10 -5.53670918e-16  9.47699228e-16  3.20377321e-05
 -2.04125375e-06 -1.40956527e-08  8.40391013e-10]
	child 2 = [ 9.66152277e-19 -1.34227270e-12 -2.30510568e-13  4.78355091e-11
 -1.95777781e-10 -5.53670918e-16  9.47699228e-16  3.20377321e-05
 -2.04125375e-06 -1.40956527e-08  8.40391013e-10]


CROSSOVER:


	parent1 = [ 9.85006175e-19 -1.34940523e-12 -2.30649474e-13  4.82131843e-11
 -2.01560165e-10 -5.46030653e-16  9.33972896e-16  3.14869420e-05
 -2.03229856e-06 -1.41302565e-08  8.43287223e-10]
	parent2 = [ 9.63470580e-19 -1.33833989e-12 -2.28262875e-13  4.78897276e-11
 -2.01265092e-10 -5.48002510e-16  9.24279548e-16  3.11627469e-05
 -2.00695923e-06 -1.40887847e-08  8.27675023e-10]
	cutoff index = 1
	child 1 = [ 9.85006175e-19 -1.33833989e-12 -2.28262875e-13  4.78897276e-11
 -2.01265092e-10 -5.48002510e-16  9.24279548e-16  3.11627469e-05
 -2.00695923e-06 -1.40887847e-08  8.27675023e-10]
	child 2 = [ 9.85006175e-19 -1.34940523e-12 -2.30649474e-13  4.82131843e-11
 -2.01560165e-10 -5.46030653e-16  9.33972896e-16  3.14869420e-05
 -2.03229856e-06 -1.41302565e-08  8.43287223e-10]


CROSSOVER:


	parent1 = [ 9.85006175e-19 -1.33833989e-12 -2.28262875e-13  4.78897276e-11
 -2.01265092e-10 -5.48002510e-16  9.24279548e-16  3.11627469e-05
 -2.00695923e-06 -1.40887847e-08  8.27675023e-10]
	parent2 = [ 9.81897939e-19 -1.34669919e-12 -2.31370982e-13  4.85482070e-11
 -2.01231237e-10 -5.41884389e-16  9.33972896e-16  3.19271936e-05
 -2.03229856e-06 -1.41257555e-08  8.35461880e-10]
	cutoff index = 2
	child 1 = [ 9.85006175e-19 -1.33833989e-12 -2.31370982e-13  4.85482070e-11
 -2.01231237e-10 -5.41884389e-16  9.33972896e-16  3.19271936e-05
 -2.03229856e-06 -1.41257555e-08  8.35461880e-10]
	child 2 = [ 9.85006175e-19 -1.33833989e-12 -2.28262875e-13  4.78897276e-11
 -2.01265092e-10 -5.48002510e-16  9.24279548e-16  3.11627469e-05
 -2.00695923e-06 -1.40887847e-08  8.27675023e-10]


CROSSOVER:


	parent1 = [ 9.79068203e-19 -1.33804327e-12 -2.32800712e-13  4.81524154e-11
 -2.00344482e-10 -5.50631523e-16  9.37988847e-16  3.15463311e-05
 -2.02539874e-06 -1.41971453e-08  8.37985885e-10]
	parent2 = [ 9.66152277e-19 -1.34227270e-12 -2.30510568e-13  4.78355091e-11
 -1.95777781e-10 -5.53670918e-16  9.47699228e-16  3.20377321e-05
 -2.04125375e-06 -1.40956527e-08  8.40391013e-10]
	cutoff index = 10
	child 1 = [ 9.79068203e-19 -1.33804327e-12 -2.32800712e-13  4.81524154e-11
 -2.00344482e-10 -5.50631523e-16  9.37988847e-16  3.15463311e-05
 -2.02539874e-06 -1.41971453e-08  8.40391013e-10]
	child 2 = [ 9.79068203e-19 -1.33804327e-12 -2.32800712e-13  4.81524154e-11
 -2.00344482e-10 -5.50631523e-16  9.37988847e-16  3.15463311e-05
 -2.02539874e-06 -1.41971453e-08  8.37985885e-10]


MUTATION: 

RECEIVED FOR MUTATTION: [[ 9.79068203e-19 -1.33804327e-12 -2.32800712e-13  4.81524154e-11
  -2.00344482e-10 -5.50631523e-16  9.37988847e-16  3.15463311e-05
  -2.02539874e-06 -1.41971453e-08  8.40391013e-10]
 [ 9.79068203e-19 -1.33804327e-12 -2.32800712e-13  4.81524154e-11
  -2.00344482e-10 -5.50631523e-16  9.37988847e-16  3.15463311e-05
  -2.02539874e-06 -1.41971453e-08  8.40391013e-10]
 [ 9.85006175e-19 -1.33833989e-12 -2.28262875e-13  4.78897276e-11
  -2.01265092e-10 -5.48002510e-16  9.24279548e-16  3.11627469e-05
  -2.00695923e-06 -1.40887847e-08  8.27675023e-10]
 [ 9.85006175e-19 -1.34940523e-12 -2.30649474e-13  4.82131843e-11
  -2.01560165e-10 -5.46030653e-16  9.33972896e-16  3.14869420e-05
  -2.03229856e-06 -1.41302565e-08  8.43287223e-10]
 [ 9.85006175e-19 -1.33833989e-12 -2.31370982e-13  4.85482070e-11
  -2.01231237e-10 -5.41884389e-16  9.33972896e-16  3.19271936e-05
  -2.03229856e-06 -1.41257555e-08  8.35461880e-10]
 [ 9.85006175e-19 -1.33833989e-12 -2.28262875e-13  4.78897276e-11
  -2.01265092e-10 -5.48002510e-16  9.24279548e-16  3.11627469e-05
  -2.00695923e-06 -1.40887847e-08  8.27675023e-10]
 [ 9.79068203e-19 -1.33804327e-12 -2.32800712e-13  4.81524154e-11
  -2.00344482e-10 -5.50631523e-16  9.37988847e-16  3.15463311e-05
  -2.02539874e-06 -1.41971453e-08  8.40391013e-10]
 [ 9.79068203e-19 -1.33804327e-12 -2.32800712e-13  4.81524154e-11
  -2.00344482e-10 -5.50631523e-16  9.37988847e-16  3.15463311e-05
  -2.02539874e-06 -1.41971453e-08  8.37985885e-10]]

Mutated feature:[[ 9.70849067e-19 -1.33804327e-12 -2.30791635e-13  4.81524154e-11
  -1.98380631e-10 -5.50631523e-16  9.37988847e-16  3.15463311e-05
  -2.02131978e-06 -1.41971453e-08  8.47731015e-10]
 [ 9.86109604e-19 -1.33804327e-12 -2.32936550e-13  4.77438089e-11
  -2.00344482e-10 -5.50631523e-16  9.37988847e-16  3.14894175e-05
  -2.03883998e-06 -1.42346587e-08  8.42586459e-10]
 [ 9.85123344e-19 -1.32645521e-12 -2.26512786e-13  4.76565522e-11
  -2.01592298e-10 -5.48002510e-16  9.19886209e-16  3.09548835e-05
  -2.00221402e-06 -1.40236115e-08  8.30064372e-10]
 [ 9.85006175e-19 -1.33624512e-12 -2.30649474e-13  4.86074151e-11
  -2.02237554e-10 -5.46030653e-16  9.33972896e-16  3.14896648e-05
  -2.03229856e-06 -1.41407650e-08  8.43084227e-10]
 [ 9.83668458e-19 -1.34649306e-12 -2.30965118e-13  4.88292124e-11
  -2.01635479e-10 -5.46444534e-16  9.33972896e-16  3.19271936e-05
  -2.03739466e-06 -1.41644098e-08  8.42529147e-10]
 [ 9.85006175e-19 -1.34980061e-12 -2.29660370e-13  4.79099957e-11
  -2.01265092e-10 -5.49939867e-16  9.20420516e-16  3.11474703e-05
  -2.01584598e-06 -1.41767768e-08  8.21797152e-10]
 [ 9.78550665e-19 -1.34345137e-12 -2.32649740e-13  4.85308074e-11
  -2.00344482e-10 -5.48187759e-16  9.40936687e-16  3.15463311e-05
  -2.00625534e-06 -1.41971453e-08  8.46637223e-10]
 [ 9.81867712e-19 -1.33804327e-12 -2.32075253e-13  4.83365881e-11
  -1.99090390e-10 -5.50631523e-16  9.30014577e-16  3.15893273e-05
  -2.02526195e-06 -1.42752785e-08  8.37985885e-10]]


sending vector for error: [ 9.70849067e-19 -1.33804327e-12 -2.30791635e-13  4.81524154e-11
 -1.98380631e-10 -5.50631523e-16  9.37988847e-16  3.15463311e-05
 -2.02131978e-06 -1.41971453e-08  8.47731015e-10]
received errors: 408699400014.72864    224255199803.61783

sending vector for error: [ 9.86109604e-19 -1.33804327e-12 -2.32936550e-13  4.77438089e-11
 -2.00344482e-10 -5.50631523e-16  9.37988847e-16  3.14894175e-05
 -2.03883998e-06 -1.42346587e-08  8.42586459e-10]
received errors: 456756152895.4508    87061758894.47269

sending vector for error: [ 9.85123344e-19 -1.32645521e-12 -2.26512786e-13  4.76565522e-11
 -2.01592298e-10 -5.48002510e-16  9.19886209e-16  3.09548835e-05
 -2.00221402e-06 -1.40236115e-08  8.30064372e-10]
received errors: 398577745891.2621    79613426587.19846

sending vector for error: [ 9.85006175e-19 -1.33624512e-12 -2.30649474e-13  4.86074151e-11
 -2.02237554e-10 -5.46030653e-16  9.33972896e-16  3.14896648e-05
 -2.03229856e-06 -1.41407650e-08  8.43084227e-10]
received errors: 425012040601.8451    99849697403.77548

sending vector for error: [ 9.83668458e-19 -1.34649306e-12 -2.30965118e-13  4.88292124e-11
 -2.01635479e-10 -5.46444534e-16  9.33972896e-16  3.19271936e-05
 -2.03739466e-06 -1.41644098e-08  8.42529147e-10]
received errors: 449543008885.5161    101168236517.42818

sending vector for error: [ 9.85006175e-19 -1.34980061e-12 -2.29660370e-13  4.79099957e-11
 -2.01265092e-10 -5.49939867e-16  9.20420516e-16  3.11474703e-05
 -2.01584598e-06 -1.41767768e-08  8.21797152e-10]
received errors: 619159761057.0032    240027615991.69067

sending vector for error: [ 9.78550665e-19 -1.34345137e-12 -2.32649740e-13  4.85308074e-11
 -2.00344482e-10 -5.48187759e-16  9.40936687e-16  3.15463311e-05
 -2.00625534e-06 -1.41971453e-08  8.46637223e-10]
received errors: 428658488253.9387    365714671328.9777

sending vector for error: [ 9.81867712e-19 -1.33804327e-12 -2.32075253e-13  4.83365881e-11
 -1.99090390e-10 -5.50631523e-16  9.30014577e-16  3.15893273e-05
 -2.02526195e-06 -1.42752785e-08  8.37985885e-10]
received errors: 437886999003.6352    79184431809.66113


CROSSOVER:


	parent1 = [ 9.78550665e-19 -1.34345137e-12 -2.32649740e-13  4.85308074e-11
 -2.00344482e-10 -5.48187759e-16  9.40936687e-16  3.15463311e-05
 -2.00625534e-06 -1.41971453e-08  8.46637223e-10]
	parent2 = [ 9.70849067e-19 -1.33804327e-12 -2.30791635e-13  4.81524154e-11
 -1.98380631e-10 -5.50631523e-16  9.37988847e-16  3.15463311e-05
 -2.02131978e-06 -1.41971453e-08  8.47731015e-10]
	cutoff index = 8
	child 1 = [ 9.78550665e-19 -1.34345137e-12 -2.32649740e-13  4.85308074e-11
 -2.00344482e-10 -5.48187759e-16  9.40936687e-16  3.15463311e-05
 -2.02131978e-06 -1.41971453e-08  8.47731015e-10]
	child 2 = [ 9.78550665e-19 -1.34345137e-12 -2.32649740e-13  4.85308074e-11
 -2.00344482e-10 -5.48187759e-16  9.40936687e-16  3.15463311e-05
 -2.00625534e-06 -1.41971453e-08  8.46637223e-10]


CROSSOVER:


	parent1 = [ 9.81867712e-19 -1.33804327e-12 -2.32075253e-13  4.83365881e-11
 -1.99090390e-10 -5.50631523e-16  9.30014577e-16  3.15893273e-05
 -2.02526195e-06 -1.42752785e-08  8.37985885e-10]
	parent2 = [ 9.85123344e-19 -1.32645521e-12 -2.26512786e-13  4.76565522e-11
 -2.01592298e-10 -5.48002510e-16  9.19886209e-16  3.09548835e-05
 -2.00221402e-06 -1.40236115e-08  8.30064372e-10]
	cutoff index = 9
	child 1 = [ 9.81867712e-19 -1.33804327e-12 -2.32075253e-13  4.83365881e-11
 -1.99090390e-10 -5.50631523e-16  9.30014577e-16  3.15893273e-05
 -2.02526195e-06 -1.40236115e-08  8.30064372e-10]
	child 2 = [ 9.81867712e-19 -1.33804327e-12 -2.32075253e-13  4.83365881e-11
 -1.99090390e-10 -5.50631523e-16  9.30014577e-16  3.15893273e-05
 -2.02526195e-06 -1.42752785e-08  8.37985885e-10]


CROSSOVER:


	parent1 = [ 9.81867712e-19 -1.33804327e-12 -2.32075253e-13  4.83365881e-11
 -1.99090390e-10 -5.50631523e-16  9.30014577e-16  3.15893273e-05
 -2.02526195e-06 -1.42752785e-08  8.37985885e-10]
	parent2 = [ 9.86109604e-19 -1.33804327e-12 -2.32936550e-13  4.77438089e-11
 -2.00344482e-10 -5.50631523e-16  9.37988847e-16  3.14894175e-05
 -2.03883998e-06 -1.42346587e-08  8.42586459e-10]
	cutoff index = 7
	child 1 = [ 9.81867712e-19 -1.33804327e-12 -2.32075253e-13  4.83365881e-11
 -1.99090390e-10 -5.50631523e-16  9.30014577e-16  3.14894175e-05
 -2.03883998e-06 -1.42346587e-08  8.42586459e-10]
	child 2 = [ 9.81867712e-19 -1.33804327e-12 -2.32075253e-13  4.83365881e-11
 -1.99090390e-10 -5.50631523e-16  9.30014577e-16  3.15893273e-05
 -2.02526195e-06 -1.42752785e-08  8.37985885e-10]


CROSSOVER:


	parent1 = [ 9.83668458e-19 -1.34649306e-12 -2.30965118e-13  4.88292124e-11
 -2.01635479e-10 -5.46444534e-16  9.33972896e-16  3.19271936e-05
 -2.03739466e-06 -1.41644098e-08  8.42529147e-10]
	parent2 = [ 9.81867712e-19 -1.33804327e-12 -2.32075253e-13  4.83365881e-11
 -1.99090390e-10 -5.50631523e-16  9.30014577e-16  3.14894175e-05
 -2.03883998e-06 -1.42346587e-08  8.42586459e-10]
	cutoff index = 3
	child 1 = [ 9.83668458e-19 -1.34649306e-12 -2.30965118e-13  4.83365881e-11
 -1.99090390e-10 -5.50631523e-16  9.30014577e-16  3.14894175e-05
 -2.03883998e-06 -1.42346587e-08  8.42586459e-10]
	child 2 = [ 9.83668458e-19 -1.34649306e-12 -2.30965118e-13  4.88292124e-11
 -2.01635479e-10 -5.46444534e-16  9.33972896e-16  3.19271936e-05
 -2.03739466e-06 -1.41644098e-08  8.42529147e-10]


MUTATION: 

RECEIVED FOR MUTATTION: [[ 9.78550665e-19 -1.34345137e-12 -2.32649740e-13  4.85308074e-11
  -2.00344482e-10 -5.48187759e-16  9.40936687e-16  3.15463311e-05
  -2.02131978e-06 -1.41971453e-08  8.47731015e-10]
 [ 9.78550665e-19 -1.34345137e-12 -2.32649740e-13  4.85308074e-11
  -2.00344482e-10 -5.48187759e-16  9.40936687e-16  3.15463311e-05
  -2.00625534e-06 -1.41971453e-08  8.46637223e-10]
 [ 9.81867712e-19 -1.33804327e-12 -2.32075253e-13  4.83365881e-11
  -1.99090390e-10 -5.50631523e-16  9.30014577e-16  3.15893273e-05
  -2.02526195e-06 -1.40236115e-08  8.30064372e-10]
 [ 9.81867712e-19 -1.33804327e-12 -2.32075253e-13  4.83365881e-11
  -1.99090390e-10 -5.50631523e-16  9.30014577e-16  3.15893273e-05
  -2.02526195e-06 -1.42752785e-08  8.37985885e-10]
 [ 9.83668458e-19 -1.34649306e-12 -2.30965118e-13  4.83365881e-11
  -1.99090390e-10 -5.50631523e-16  9.30014577e-16  3.14894175e-05
  -2.03883998e-06 -1.42346587e-08  8.42586459e-10]
 [ 9.81867712e-19 -1.33804327e-12 -2.32075253e-13  4.83365881e-11
  -1.99090390e-10 -5.50631523e-16  9.30014577e-16  3.15893273e-05
  -2.02526195e-06 -1.42752785e-08  8.37985885e-10]
 [ 9.83668458e-19 -1.34649306e-12 -2.30965118e-13  4.83365881e-11
  -1.99090390e-10 -5.50631523e-16  9.30014577e-16  3.14894175e-05
  -2.03883998e-06 -1.42346587e-08  8.42586459e-10]
 [ 9.83668458e-19 -1.34649306e-12 -2.30965118e-13  4.88292124e-11
  -2.01635479e-10 -5.46444534e-16  9.33972896e-16  3.19271936e-05
  -2.03739466e-06 -1.41644098e-08  8.42529147e-10]]

Mutated feature:[[ 9.84945461e-19 -1.34758590e-12 -2.32680722e-13  4.85308074e-11
  -2.00417734e-10 -5.49180423e-16  9.50293494e-16  3.15463311e-05
  -2.02131978e-06 -1.42111815e-08  8.48855741e-10]
 [ 9.71765234e-19 -1.33531870e-12 -2.33997509e-13  4.85308074e-11
  -2.01130831e-10 -5.48187759e-16  9.40936687e-16  3.14747748e-05
  -2.00625534e-06 -1.42013083e-08  8.52117309e-10]
 [ 9.86990216e-19 -1.34882672e-12 -2.30665728e-13  4.83365881e-11
  -2.00605071e-10 -5.45756304e-16  9.35286890e-16  3.15893273e-05
  -2.01506815e-06 -1.40837241e-08  8.30499579e-10]
 [ 9.90979195e-19 -1.33804327e-12 -2.31164255e-13  4.83365881e-11
  -1.97451068e-10 -5.50631523e-16  9.39037798e-16  3.15573840e-05
  -2.01982654e-06 -1.42752785e-08  8.37544818e-10]
 [ 9.83668458e-19 -1.35898083e-12 -2.30965118e-13  4.78701869e-11
  -2.00750255e-10 -5.54956024e-16  9.30014577e-16  3.13064140e-05
  -2.03206677e-06 -1.42346587e-08  8.39322396e-10]
 [ 9.78545633e-19 -1.33543028e-12 -2.32075253e-13  4.86423824e-11
  -2.00487904e-10 -5.54490989e-16  9.38891549e-16  3.12876347e-05
  -2.01365415e-06 -1.41509633e-08  8.37985885e-10]
 [ 9.86092743e-19 -1.33734518e-12 -2.31760616e-13  4.84066876e-11
  -1.99090390e-10 -5.50631523e-16  9.34182630e-16  3.16210188e-05
  -2.03883998e-06 -1.42346587e-08  8.40583321e-10]
 [ 9.75749924e-19 -1.34649306e-12 -2.28931850e-13  4.92924228e-11
  -2.00915359e-10 -5.48921230e-16  9.42424322e-16  3.19271936e-05
  -2.04450503e-06 -1.41644098e-08  8.39112286e-10]]


sending vector for error: [ 9.84945461e-19 -1.34758590e-12 -2.32680722e-13  4.85308074e-11
 -2.00417734e-10 -5.49180423e-16  9.50293494e-16  3.15463311e-05
 -2.02131978e-06 -1.42111815e-08  8.48855741e-10]
received errors: 410705091759.50476    244484798788.7564

sending vector for error: [ 9.71765234e-19 -1.33531870e-12 -2.33997509e-13  4.85308074e-11
 -2.01130831e-10 -5.48187759e-16  9.40936687e-16  3.14747748e-05
 -2.00625534e-06 -1.42013083e-08  8.52117309e-10]
received errors: 473534515074.3216    537366547103.3615

sending vector for error: [ 9.86990216e-19 -1.34882672e-12 -2.30665728e-13  4.83365881e-11
 -2.00605071e-10 -5.45756304e-16  9.35286890e-16  3.15893273e-05
 -2.01506815e-06 -1.40837241e-08  8.30499579e-10]
received errors: 443051172306.60486    74821836285.26741

sending vector for error: [ 9.90979195e-19 -1.33804327e-12 -2.31164255e-13  4.83365881e-11
 -1.97451068e-10 -5.50631523e-16  9.39037798e-16  3.15573840e-05
 -2.01982654e-06 -1.42752785e-08  8.37544818e-10]
received errors: 420190669432.6921    80646386679.19211

sending vector for error: [ 9.83668458e-19 -1.35898083e-12 -2.30965118e-13  4.78701869e-11
 -2.00750255e-10 -5.54956024e-16  9.30014577e-16  3.13064140e-05
 -2.03206677e-06 -1.42346587e-08  8.39322396e-10]
received errors: 462165348851.6966    93259845980.82024

sending vector for error: [ 9.78545633e-19 -1.33543028e-12 -2.32075253e-13  4.86423824e-11
 -2.00487904e-10 -5.54490989e-16  9.38891549e-16  3.12876347e-05
 -2.01365415e-06 -1.41509633e-08  8.37985885e-10]
received errors: 395313769326.24316    100274164932.81517

sending vector for error: [ 9.86092743e-19 -1.33734518e-12 -2.31760616e-13  4.84066876e-11
 -1.99090390e-10 -5.50631523e-16  9.34182630e-16  3.16210188e-05
 -2.03883998e-06 -1.42346587e-08  8.40583321e-10]
received errors: 472746470935.31525    86814605290.68396

sending vector for error: [ 9.75749924e-19 -1.34649306e-12 -2.28931850e-13  4.92924228e-11
 -2.00915359e-10 -5.48921230e-16  9.42424322e-16  3.19271936e-05
 -2.04450503e-06 -1.41644098e-08  8.39112286e-10]
received errors: 500101770571.9564    83213339368.57205


CROSSOVER:


	parent1 = [ 9.90979195e-19 -1.33804327e-12 -2.31164255e-13  4.83365881e-11
 -1.97451068e-10 -5.50631523e-16  9.39037798e-16  3.15573840e-05
 -2.01982654e-06 -1.42752785e-08  8.37544818e-10]
	parent2 = [ 9.83668458e-19 -1.35898083e-12 -2.30965118e-13  4.78701869e-11
 -2.00750255e-10 -5.54956024e-16  9.30014577e-16  3.13064140e-05
 -2.03206677e-06 -1.42346587e-08  8.39322396e-10]
	cutoff index = 9
	child 1 = [ 9.90979195e-19 -1.33804327e-12 -2.31164255e-13  4.83365881e-11
 -1.97451068e-10 -5.50631523e-16  9.39037798e-16  3.15573840e-05
 -2.01982654e-06 -1.42346587e-08  8.39322396e-10]
	child 2 = [ 9.90979195e-19 -1.33804327e-12 -2.31164255e-13  4.83365881e-11
 -1.97451068e-10 -5.50631523e-16  9.39037798e-16  3.15573840e-05
 -2.01982654e-06 -1.42752785e-08  8.37544818e-10]


CROSSOVER:


	parent1 = [ 9.75749924e-19 -1.34649306e-12 -2.28931850e-13  4.92924228e-11
 -2.00915359e-10 -5.48921230e-16  9.42424322e-16  3.19271936e-05
 -2.04450503e-06 -1.41644098e-08  8.39112286e-10]
	parent2 = [ 9.86092743e-19 -1.33734518e-12 -2.31760616e-13  4.84066876e-11
 -1.99090390e-10 -5.50631523e-16  9.34182630e-16  3.16210188e-05
 -2.03883998e-06 -1.42346587e-08  8.40583321e-10]
	cutoff index = 2
	child 1 = [ 9.75749924e-19 -1.34649306e-12 -2.31760616e-13  4.84066876e-11
 -1.99090390e-10 -5.50631523e-16  9.34182630e-16  3.16210188e-05
 -2.03883998e-06 -1.42346587e-08  8.40583321e-10]
	child 2 = [ 9.75749924e-19 -1.34649306e-12 -2.28931850e-13  4.92924228e-11
 -2.00915359e-10 -5.48921230e-16  9.42424322e-16  3.19271936e-05
 -2.04450503e-06 -1.41644098e-08  8.39112286e-10]


CROSSOVER:


	parent1 = [ 9.78545633e-19 -1.33543028e-12 -2.32075253e-13  4.86423824e-11
 -2.00487904e-10 -5.54490989e-16  9.38891549e-16  3.12876347e-05
 -2.01365415e-06 -1.41509633e-08  8.37985885e-10]
	parent2 = [ 9.90979195e-19 -1.33804327e-12 -2.31164255e-13  4.83365881e-11
 -1.97451068e-10 -5.50631523e-16  9.39037798e-16  3.15573840e-05
 -2.01982654e-06 -1.42346587e-08  8.39322396e-10]
	cutoff index = 7
	child 1 = [ 9.78545633e-19 -1.33543028e-12 -2.32075253e-13  4.86423824e-11
 -2.00487904e-10 -5.54490989e-16  9.38891549e-16  3.15573840e-05
 -2.01982654e-06 -1.42346587e-08  8.39322396e-10]
	child 2 = [ 9.78545633e-19 -1.33543028e-12 -2.32075253e-13  4.86423824e-11
 -2.00487904e-10 -5.54490989e-16  9.38891549e-16  3.12876347e-05
 -2.01365415e-06 -1.41509633e-08  8.37985885e-10]


CROSSOVER:


	parent1 = [ 9.75749924e-19 -1.34649306e-12 -2.28931850e-13  4.92924228e-11
 -2.00915359e-10 -5.48921230e-16  9.42424322e-16  3.19271936e-05
 -2.04450503e-06 -1.41644098e-08  8.39112286e-10]
	parent2 = [ 9.90979195e-19 -1.33804327e-12 -2.31164255e-13  4.83365881e-11
 -1.97451068e-10 -5.50631523e-16  9.39037798e-16  3.15573840e-05
 -2.01982654e-06 -1.42752785e-08  8.37544818e-10]
	cutoff index = 6
	child 1 = [ 9.75749924e-19 -1.34649306e-12 -2.28931850e-13  4.92924228e-11
 -2.00915359e-10 -5.48921230e-16  9.39037798e-16  3.15573840e-05
 -2.01982654e-06 -1.42752785e-08  8.37544818e-10]
	child 2 = [ 9.75749924e-19 -1.34649306e-12 -2.28931850e-13  4.92924228e-11
 -2.00915359e-10 -5.48921230e-16  9.42424322e-16  3.19271936e-05
 -2.04450503e-06 -1.41644098e-08  8.39112286e-10]


MUTATION: 

RECEIVED FOR MUTATTION: [[ 9.78545633e-19 -1.33543028e-12 -2.32075253e-13  4.86423824e-11
  -2.00487904e-10 -5.54490989e-16  9.38891549e-16  3.15573840e-05
  -2.01982654e-06 -1.42346587e-08  8.39322396e-10]
 [ 9.75749924e-19 -1.34649306e-12 -2.28931850e-13  4.92924228e-11
  -2.00915359e-10 -5.48921230e-16  9.39037798e-16  3.15573840e-05
  -2.01982654e-06 -1.42752785e-08  8.37544818e-10]
 [ 9.75749924e-19 -1.34649306e-12 -2.31760616e-13  4.84066876e-11
  -1.99090390e-10 -5.50631523e-16  9.34182630e-16  3.16210188e-05
  -2.03883998e-06 -1.42346587e-08  8.40583321e-10]
 [ 9.75749924e-19 -1.34649306e-12 -2.28931850e-13  4.92924228e-11
  -2.00915359e-10 -5.48921230e-16  9.42424322e-16  3.19271936e-05
  -2.04450503e-06 -1.41644098e-08  8.39112286e-10]
 [ 9.78545633e-19 -1.33543028e-12 -2.32075253e-13  4.86423824e-11
  -2.00487904e-10 -5.54490989e-16  9.38891549e-16  3.15573840e-05
  -2.01982654e-06 -1.42346587e-08  8.39322396e-10]
 [ 9.78545633e-19 -1.33543028e-12 -2.32075253e-13  4.86423824e-11
  -2.00487904e-10 -5.54490989e-16  9.38891549e-16  3.12876347e-05
  -2.01365415e-06 -1.41509633e-08  8.37985885e-10]
 [ 9.75749924e-19 -1.34649306e-12 -2.28931850e-13  4.92924228e-11
  -2.00915359e-10 -5.48921230e-16  9.39037798e-16  3.15573840e-05
  -2.01982654e-06 -1.42752785e-08  8.37544818e-10]
 [ 9.75749924e-19 -1.34649306e-12 -2.28931850e-13  4.92924228e-11
  -2.00915359e-10 -5.48921230e-16  9.42424322e-16  3.19271936e-05
  -2.04450503e-06 -1.41644098e-08  8.39112286e-10]]

Mutated feature:[[ 9.82955692e-19 -1.33929323e-12 -2.34277554e-13  4.83048200e-11
  -1.99155035e-10 -5.49984506e-16  9.38007731e-16  3.15255220e-05
  -2.01353085e-06 -1.42530896e-08  8.32386243e-10]
 [ 9.75749924e-19 -1.33501536e-12 -2.29502402e-13  4.97770806e-11
  -2.01046129e-10 -5.48852543e-16  9.33430956e-16  3.15312426e-05
  -2.01824138e-06 -1.42752785e-08  8.41918699e-10]
 [ 9.75749924e-19 -1.33808590e-12 -2.33025239e-13  4.83419083e-11
  -1.99090390e-10 -5.50631523e-16  9.34182630e-16  3.16210188e-05
  -2.04498559e-06 -1.42697943e-08  8.40583321e-10]
 [ 9.79557500e-19 -1.34858605e-12 -2.28404183e-13  4.88934923e-11
  -2.02314248e-10 -5.51071679e-16  9.44561051e-16  3.19271936e-05
  -2.03638576e-06 -1.41644098e-08  8.38900280e-10]
 [ 9.73984116e-19 -1.33008716e-12 -2.30455414e-13  4.83091240e-11
  -2.02240495e-10 -5.49845663e-16  9.45710247e-16  3.15573840e-05
  -2.00803604e-06 -1.42358129e-08  8.36586190e-10]
 [ 9.69765413e-19 -1.33543028e-12 -2.31916573e-13  4.86101511e-11
  -1.99795217e-10 -5.51432300e-16  9.35510099e-16  3.12876347e-05
  -2.01371294e-06 -1.40135841e-08  8.42944175e-10]
 [ 9.84100166e-19 -1.35835285e-12 -2.29742296e-13  4.88075172e-11
  -2.02818291e-10 -5.44886271e-16  9.29672248e-16  3.16905289e-05
  -2.00516465e-06 -1.42752785e-08  8.42655891e-10]
 [ 9.82361303e-19 -1.34649306e-12 -2.30573121e-13  4.91229958e-11
  -2.00915359e-10 -5.48921230e-16  9.42424322e-16  3.19271936e-05
  -2.02453738e-06 -1.40329056e-08  8.39112286e-10]]


sending vector for error: [ 9.82955692e-19 -1.33929323e-12 -2.34277554e-13  4.83048200e-11
 -1.99155035e-10 -5.49984506e-16  9.38007731e-16  3.15255220e-05
 -2.01353085e-06 -1.42530896e-08  8.32386243e-10]
received errors: 433989859515.09686    74779349943.33496

sending vector for error: [ 9.75749924e-19 -1.33501536e-12 -2.29502402e-13  4.97770806e-11
 -2.01046129e-10 -5.48852543e-16  9.33430956e-16  3.15312426e-05
 -2.01824138e-06 -1.42752785e-08  8.41918699e-10]
received errors: 395565879593.6425    117593610840.83963

sending vector for error: [ 9.75749924e-19 -1.33808590e-12 -2.33025239e-13  4.83419083e-11
 -1.99090390e-10 -5.50631523e-16  9.34182630e-16  3.16210188e-05
 -2.04498559e-06 -1.42697943e-08  8.40583321e-10]
received errors: 512527197280.9894    109779707095.87839

sending vector for error: [ 9.79557500e-19 -1.34858605e-12 -2.28404183e-13  4.88934923e-11
 -2.02314248e-10 -5.51071679e-16  9.44561051e-16  3.19271936e-05
 -2.03638576e-06 -1.41644098e-08  8.38900280e-10]
received errors: 466611047905.0753    80694572000.90538

sending vector for error: [ 9.73984116e-19 -1.33008716e-12 -2.30455414e-13  4.83091240e-11
 -2.02240495e-10 -5.49845663e-16  9.45710247e-16  3.15573840e-05
 -2.00803604e-06 -1.42358129e-08  8.36586190e-10]
received errors: 393388615222.40967    113591795964.44919

sending vector for error: [ 9.69765413e-19 -1.33543028e-12 -2.31916573e-13  4.86101511e-11
 -1.99795217e-10 -5.51432300e-16  9.35510099e-16  3.12876347e-05
 -2.01371294e-06 -1.40135841e-08  8.42944175e-10]
received errors: 406138227097.21814    222156154717.56543

sending vector for error: [ 9.84100166e-19 -1.35835285e-12 -2.29742296e-13  4.88075172e-11
 -2.02818291e-10 -5.44886271e-16  9.29672248e-16  3.16905289e-05
 -2.00516465e-06 -1.42752785e-08  8.42655891e-10]
received errors: 404570721114.71265    256247627759.14105

sending vector for error: [ 9.82361303e-19 -1.34649306e-12 -2.30573121e-13  4.91229958e-11
 -2.00915359e-10 -5.48921230e-16  9.42424322e-16  3.19271936e-05
 -2.02453738e-06 -1.40329056e-08  8.39112286e-10]
received errors: 444024246307.3621    156333912292.04895


CROSSOVER:


	parent1 = [ 9.73984116e-19 -1.33008716e-12 -2.30455414e-13  4.83091240e-11
 -2.02240495e-10 -5.49845663e-16  9.45710247e-16  3.15573840e-05
 -2.00803604e-06 -1.42358129e-08  8.36586190e-10]
	parent2 = [ 9.69765413e-19 -1.33543028e-12 -2.31916573e-13  4.86101511e-11
 -1.99795217e-10 -5.51432300e-16  9.35510099e-16  3.12876347e-05
 -2.01371294e-06 -1.40135841e-08  8.42944175e-10]
	cutoff index = 8
	child 1 = [ 9.73984116e-19 -1.33008716e-12 -2.30455414e-13  4.83091240e-11
 -2.02240495e-10 -5.49845663e-16  9.45710247e-16  3.15573840e-05
 -2.01371294e-06 -1.40135841e-08  8.42944175e-10]
	child 2 = [ 9.73984116e-19 -1.33008716e-12 -2.30455414e-13  4.83091240e-11
 -2.02240495e-10 -5.49845663e-16  9.45710247e-16  3.15573840e-05
 -2.00803604e-06 -1.42358129e-08  8.36586190e-10]


CROSSOVER:


	parent1 = [ 9.73984116e-19 -1.33008716e-12 -2.30455414e-13  4.83091240e-11
 -2.02240495e-10 -5.49845663e-16  9.45710247e-16  3.15573840e-05
 -2.00803604e-06 -1.42358129e-08  8.36586190e-10]
	parent2 = [ 9.82955692e-19 -1.33929323e-12 -2.34277554e-13  4.83048200e-11
 -1.99155035e-10 -5.49984506e-16  9.38007731e-16  3.15255220e-05
 -2.01353085e-06 -1.42530896e-08  8.32386243e-10]
	cutoff index = 8
	child 1 = [ 9.73984116e-19 -1.33008716e-12 -2.30455414e-13  4.83091240e-11
 -2.02240495e-10 -5.49845663e-16  9.45710247e-16  3.15573840e-05
 -2.01353085e-06 -1.42530896e-08  8.32386243e-10]
	child 2 = [ 9.73984116e-19 -1.33008716e-12 -2.30455414e-13  4.83091240e-11
 -2.02240495e-10 -5.49845663e-16  9.45710247e-16  3.15573840e-05
 -2.00803604e-06 -1.42358129e-08  8.36586190e-10]


CROSSOVER:


	parent1 = [ 9.75749924e-19 -1.33501536e-12 -2.29502402e-13  4.97770806e-11
 -2.01046129e-10 -5.48852543e-16  9.33430956e-16  3.15312426e-05
 -2.01824138e-06 -1.42752785e-08  8.41918699e-10]
	parent2 = [ 9.73984116e-19 -1.33008716e-12 -2.30455414e-13  4.83091240e-11
 -2.02240495e-10 -5.49845663e-16  9.45710247e-16  3.15573840e-05
 -2.01353085e-06 -1.42530896e-08  8.32386243e-10]
	cutoff index = 4
	child 1 = [ 9.75749924e-19 -1.33501536e-12 -2.29502402e-13  4.97770806e-11
 -2.02240495e-10 -5.49845663e-16  9.45710247e-16  3.15573840e-05
 -2.01353085e-06 -1.42530896e-08  8.32386243e-10]
	child 2 = [ 9.75749924e-19 -1.33501536e-12 -2.29502402e-13  4.97770806e-11
 -2.01046129e-10 -5.48852543e-16  9.33430956e-16  3.15312426e-05
 -2.01824138e-06 -1.42752785e-08  8.41918699e-10]


CROSSOVER:


	parent1 = [ 9.75749924e-19 -1.33501536e-12 -2.29502402e-13  4.97770806e-11
 -2.01046129e-10 -5.48852543e-16  9.33430956e-16  3.15312426e-05
 -2.01824138e-06 -1.42752785e-08  8.41918699e-10]
	parent2 = [ 9.75749924e-19 -1.33501536e-12 -2.29502402e-13  4.97770806e-11
 -2.01046129e-10 -5.48852543e-16  9.33430956e-16  3.15312426e-05
 -2.01824138e-06 -1.42752785e-08  8.41918699e-10]
	cutoff index = 4
	child 1 = [ 9.75749924e-19 -1.33501536e-12 -2.29502402e-13  4.97770806e-11
 -2.01046129e-10 -5.48852543e-16  9.33430956e-16  3.15312426e-05
 -2.01824138e-06 -1.42752785e-08  8.41918699e-10]
	child 2 = [ 9.75749924e-19 -1.33501536e-12 -2.29502402e-13  4.97770806e-11
 -2.01046129e-10 -5.48852543e-16  9.33430956e-16  3.15312426e-05
 -2.01824138e-06 -1.42752785e-08  8.41918699e-10]


MUTATION: 

RECEIVED FOR MUTATTION: [[ 9.73984116e-19 -1.33008716e-12 -2.30455414e-13  4.83091240e-11
  -2.02240495e-10 -5.49845663e-16  9.45710247e-16  3.15573840e-05
  -2.01371294e-06 -1.40135841e-08  8.42944175e-10]
 [ 9.73984116e-19 -1.33008716e-12 -2.30455414e-13  4.83091240e-11
  -2.02240495e-10 -5.49845663e-16  9.45710247e-16  3.15573840e-05
  -2.00803604e-06 -1.42358129e-08  8.36586190e-10]
 [ 9.75749924e-19 -1.33501536e-12 -2.29502402e-13  4.97770806e-11
  -2.02240495e-10 -5.49845663e-16  9.45710247e-16  3.15573840e-05
  -2.01353085e-06 -1.42530896e-08  8.32386243e-10]
 [ 9.73984116e-19 -1.33008716e-12 -2.30455414e-13  4.83091240e-11
  -2.02240495e-10 -5.49845663e-16  9.45710247e-16  3.15573840e-05
  -2.00803604e-06 -1.42358129e-08  8.36586190e-10]
 [ 9.75749924e-19 -1.33501536e-12 -2.29502402e-13  4.97770806e-11
  -2.02240495e-10 -5.49845663e-16  9.45710247e-16  3.15573840e-05
  -2.01353085e-06 -1.42530896e-08  8.32386243e-10]
 [ 9.75749924e-19 -1.33501536e-12 -2.29502402e-13  4.97770806e-11
  -2.01046129e-10 -5.48852543e-16  9.33430956e-16  3.15312426e-05
  -2.01824138e-06 -1.42752785e-08  8.41918699e-10]
 [ 9.75749924e-19 -1.33501536e-12 -2.29502402e-13  4.97770806e-11
  -2.01046129e-10 -5.48852543e-16  9.33430956e-16  3.15312426e-05
  -2.01824138e-06 -1.42752785e-08  8.41918699e-10]
 [ 9.75749924e-19 -1.33501536e-12 -2.29502402e-13  4.97770806e-11
  -2.01046129e-10 -5.48852543e-16  9.33430956e-16  3.15312426e-05
  -2.01824138e-06 -1.42752785e-08  8.41918699e-10]]

Mutated feature:[[ 9.73984116e-19 -1.34096126e-12 -2.28342450e-13  4.83091240e-11
  -2.03740369e-10 -5.49845663e-16  9.52913563e-16  3.15573840e-05
  -2.01371294e-06 -1.40135841e-08  8.42052368e-10]
 [ 9.73984116e-19 -1.32474092e-12 -2.32398555e-13  4.81300625e-11
  -2.03899661e-10 -5.51456260e-16  9.36266163e-16  3.17539614e-05
  -2.00765539e-06 -1.42692911e-08  8.38334103e-10]
 [ 9.84931306e-19 -1.33501536e-12 -2.31378598e-13  4.97770806e-11
  -2.02240495e-10 -5.50601900e-16  9.48240382e-16  3.14059961e-05
  -2.01353085e-06 -1.42530896e-08  8.32386243e-10]
 [ 9.73984116e-19 -1.33008716e-12 -2.31866027e-13  4.83105055e-11
  -2.03960614e-10 -5.49845663e-16  9.43289119e-16  3.16804951e-05
  -2.00018126e-06 -1.40963248e-08  8.33776802e-10]
 [ 9.67299803e-19 -1.32899576e-12 -2.30644297e-13  4.97770806e-11
  -2.02240495e-10 -5.51206026e-16  9.50609604e-16  3.15573840e-05
  -2.01353085e-06 -1.41299071e-08  8.28825231e-10]
 [ 9.82465065e-19 -1.34522815e-12 -2.27639222e-13  4.95665678e-11
  -2.02824434e-10 -5.54198706e-16  9.30737632e-16  3.17305813e-05
  -2.01824138e-06 -1.41811268e-08  8.41918699e-10]
 [ 9.75749924e-19 -1.34353967e-12 -2.29502402e-13  4.97770806e-11
  -2.02415655e-10 -5.47608867e-16  9.33430956e-16  3.12273100e-05
  -2.01824138e-06 -1.42752785e-08  8.44586270e-10]
 [ 9.78260799e-19 -1.33665372e-12 -2.28953880e-13  4.95615834e-11
  -2.03043739e-10 -5.52423832e-16  9.24595784e-16  3.15312426e-05
  -1.99924592e-06 -1.43362249e-08  8.47386795e-10]]


sending vector for error: [ 9.73984116e-19 -1.34096126e-12 -2.28342450e-13  4.83091240e-11
 -2.03740369e-10 -5.49845663e-16  9.52913563e-16  3.15573840e-05
 -2.01371294e-06 -1.40135841e-08  8.42052368e-10]
received errors: 427235542662.7438    255280726978.81415

sending vector for error: [ 9.73984116e-19 -1.32474092e-12 -2.32398555e-13  4.81300625e-11
 -2.03899661e-10 -5.51456260e-16  9.36266163e-16  3.17539614e-05
 -2.00765539e-06 -1.42692911e-08  8.38334103e-10]
received errors: 397699241964.76794    153660768175.3106

sending vector for error: [ 9.84931306e-19 -1.33501536e-12 -2.31378598e-13  4.97770806e-11
 -2.02240495e-10 -5.50601900e-16  9.48240382e-16  3.14059961e-05
 -2.01353085e-06 -1.42530896e-08  8.32386243e-10]
received errors: 436984099768.91626    77922283690.03497

sending vector for error: [ 9.73984116e-19 -1.33008716e-12 -2.31866027e-13  4.83105055e-11
 -2.03960614e-10 -5.49845663e-16  9.43289119e-16  3.16804951e-05
 -2.00018126e-06 -1.40963248e-08  8.33776802e-10]
received errors: 406694361688.5475    180175013651.04077

sending vector for error: [ 9.67299803e-19 -1.32899576e-12 -2.30644297e-13  4.97770806e-11
 -2.02240495e-10 -5.51206026e-16  9.50609604e-16  3.15573840e-05
 -2.01353085e-06 -1.41299071e-08  8.28825231e-10]
received errors: 455173942194.5018    73857301034.04056

sending vector for error: [ 9.82465065e-19 -1.34522815e-12 -2.27639222e-13  4.95665678e-11
 -2.02824434e-10 -5.54198706e-16  9.30737632e-16  3.17305813e-05
 -2.01824138e-06 -1.41811268e-08  8.41918699e-10]
received errors: 412624298481.0006    167738223928.76505

sending vector for error: [ 9.75749924e-19 -1.34353967e-12 -2.29502402e-13  4.97770806e-11
 -2.02415655e-10 -5.47608867e-16  9.33430956e-16  3.12273100e-05
 -2.01824138e-06 -1.42752785e-08  8.44586270e-10]
received errors: 378880766818.05536    121923298320.77695

sending vector for error: [ 9.78260799e-19 -1.33665372e-12 -2.28953880e-13  4.95615834e-11
 -2.03043739e-10 -5.52423832e-16  9.24595784e-16  3.15312426e-05
 -1.99924592e-06 -1.43362249e-08  8.47386795e-10]
received errors: 414963717767.7213    385708514103.134


CROSSOVER:


	parent1 = [ 9.84931306e-19 -1.33501536e-12 -2.31378598e-13  4.97770806e-11
 -2.02240495e-10 -5.50601900e-16  9.48240382e-16  3.14059961e-05
 -2.01353085e-06 -1.42530896e-08  8.32386243e-10]
	parent2 = [ 9.82465065e-19 -1.34522815e-12 -2.27639222e-13  4.95665678e-11
 -2.02824434e-10 -5.54198706e-16  9.30737632e-16  3.17305813e-05
 -2.01824138e-06 -1.41811268e-08  8.41918699e-10]
	cutoff index = 10
	child 1 = [ 9.84931306e-19 -1.33501536e-12 -2.31378598e-13  4.97770806e-11
 -2.02240495e-10 -5.50601900e-16  9.48240382e-16  3.14059961e-05
 -2.01353085e-06 -1.42530896e-08  8.41918699e-10]
	child 2 = [ 9.84931306e-19 -1.33501536e-12 -2.31378598e-13  4.97770806e-11
 -2.02240495e-10 -5.50601900e-16  9.48240382e-16  3.14059961e-05
 -2.01353085e-06 -1.42530896e-08  8.32386243e-10]


CROSSOVER:


	parent1 = [ 9.73984116e-19 -1.32474092e-12 -2.32398555e-13  4.81300625e-11
 -2.03899661e-10 -5.51456260e-16  9.36266163e-16  3.17539614e-05
 -2.00765539e-06 -1.42692911e-08  8.38334103e-10]
	parent2 = [ 9.84931306e-19 -1.33501536e-12 -2.31378598e-13  4.97770806e-11
 -2.02240495e-10 -5.50601900e-16  9.48240382e-16  3.14059961e-05
 -2.01353085e-06 -1.42530896e-08  8.41918699e-10]
	cutoff index = 9
	child 1 = [ 9.73984116e-19 -1.32474092e-12 -2.32398555e-13  4.81300625e-11
 -2.03899661e-10 -5.51456260e-16  9.36266163e-16  3.17539614e-05
 -2.00765539e-06 -1.42530896e-08  8.41918699e-10]
	child 2 = [ 9.73984116e-19 -1.32474092e-12 -2.32398555e-13  4.81300625e-11
 -2.03899661e-10 -5.51456260e-16  9.36266163e-16  3.17539614e-05
 -2.00765539e-06 -1.42692911e-08  8.38334103e-10]


CROSSOVER:


	parent1 = [ 9.73984116e-19 -1.34096126e-12 -2.28342450e-13  4.83091240e-11
 -2.03740369e-10 -5.49845663e-16  9.52913563e-16  3.15573840e-05
 -2.01371294e-06 -1.40135841e-08  8.42052368e-10]
	parent2 = [ 9.84931306e-19 -1.33501536e-12 -2.31378598e-13  4.97770806e-11
 -2.02240495e-10 -5.50601900e-16  9.48240382e-16  3.14059961e-05
 -2.01353085e-06 -1.42530896e-08  8.32386243e-10]
	cutoff index = 2
	child 1 = [ 9.73984116e-19 -1.34096126e-12 -2.31378598e-13  4.97770806e-11
 -2.02240495e-10 -5.50601900e-16  9.48240382e-16  3.14059961e-05
 -2.01353085e-06 -1.42530896e-08  8.32386243e-10]
	child 2 = [ 9.73984116e-19 -1.34096126e-12 -2.28342450e-13  4.83091240e-11
 -2.03740369e-10 -5.49845663e-16  9.52913563e-16  3.15573840e-05
 -2.01371294e-06 -1.40135841e-08  8.42052368e-10]


CROSSOVER:


	parent1 = [ 9.67299803e-19 -1.32899576e-12 -2.30644297e-13  4.97770806e-11
 -2.02240495e-10 -5.51206026e-16  9.50609604e-16  3.15573840e-05
 -2.01353085e-06 -1.41299071e-08  8.28825231e-10]
	parent2 = [ 9.75749924e-19 -1.34353967e-12 -2.29502402e-13  4.97770806e-11
 -2.02415655e-10 -5.47608867e-16  9.33430956e-16  3.12273100e-05
 -2.01824138e-06 -1.42752785e-08  8.44586270e-10]
	cutoff index = 1
	child 1 = [ 9.67299803e-19 -1.34353967e-12 -2.29502402e-13  4.97770806e-11
 -2.02415655e-10 -5.47608867e-16  9.33430956e-16  3.12273100e-05
 -2.01824138e-06 -1.42752785e-08  8.44586270e-10]
	child 2 = [ 9.67299803e-19 -1.32899576e-12 -2.30644297e-13  4.97770806e-11
 -2.02240495e-10 -5.51206026e-16  9.50609604e-16  3.15573840e-05
 -2.01353085e-06 -1.41299071e-08  8.28825231e-10]


MUTATION: 

RECEIVED FOR MUTATTION: [[ 9.73984116e-19 -1.32474092e-12 -2.32398555e-13  4.81300625e-11
  -2.03899661e-10 -5.51456260e-16  9.36266163e-16  3.17539614e-05
  -2.00765539e-06 -1.42530896e-08  8.41918699e-10]
 [ 9.73984116e-19 -1.34096126e-12 -2.31378598e-13  4.97770806e-11
  -2.02240495e-10 -5.50601900e-16  9.48240382e-16  3.14059961e-05
  -2.01353085e-06 -1.42530896e-08  8.32386243e-10]
 [ 9.73984116e-19 -1.32474092e-12 -2.32398555e-13  4.81300625e-11
  -2.03899661e-10 -5.51456260e-16  9.36266163e-16  3.17539614e-05
  -2.00765539e-06 -1.42530896e-08  8.41918699e-10]
 [ 9.73984116e-19 -1.32474092e-12 -2.32398555e-13  4.81300625e-11
  -2.03899661e-10 -5.51456260e-16  9.36266163e-16  3.17539614e-05
  -2.00765539e-06 -1.42692911e-08  8.38334103e-10]
 [ 9.73984116e-19 -1.34096126e-12 -2.31378598e-13  4.97770806e-11
  -2.02240495e-10 -5.50601900e-16  9.48240382e-16  3.14059961e-05
  -2.01353085e-06 -1.42530896e-08  8.32386243e-10]
 [ 9.73984116e-19 -1.34096126e-12 -2.28342450e-13  4.83091240e-11
  -2.03740369e-10 -5.49845663e-16  9.52913563e-16  3.15573840e-05
  -2.01371294e-06 -1.40135841e-08  8.42052368e-10]
 [ 9.67299803e-19 -1.34353967e-12 -2.29502402e-13  4.97770806e-11
  -2.02415655e-10 -5.47608867e-16  9.33430956e-16  3.12273100e-05
  -2.01824138e-06 -1.42752785e-08  8.44586270e-10]
 [ 9.67299803e-19 -1.32899576e-12 -2.30644297e-13  4.97770806e-11
  -2.02240495e-10 -5.51206026e-16  9.50609604e-16  3.15573840e-05
  -2.01353085e-06 -1.41299071e-08  8.28825231e-10]]

Mutated feature:[[ 9.72497893e-19 -1.32474092e-12 -2.33791421e-13  4.81300625e-11
  -2.02275629e-10 -5.52906816e-16  9.29964243e-16  3.18500913e-05
  -2.01978589e-06 -1.42780998e-08  8.42691747e-10]
 [ 9.70460446e-19 -1.34664361e-12 -2.31241704e-13  4.92844330e-11
  -2.00836735e-10 -5.50601900e-16  9.48761534e-16  3.16474722e-05
  -2.01700034e-06 -1.42860744e-08  8.34678658e-10]
 [ 9.66558719e-19 -1.32059582e-12 -2.30897293e-13  4.84415582e-11
  -2.04603578e-10 -5.49906309e-16  9.34834631e-16  3.14462991e-05
  -2.00765539e-06 -1.41178686e-08  8.41918699e-10]
 [ 9.66697917e-19 -1.31408250e-12 -2.33700613e-13  4.81839182e-11
  -2.02336452e-10 -5.53264558e-16  9.34755760e-16  3.17539614e-05
  -2.00765539e-06 -1.42226654e-08  8.38334103e-10]
 [ 9.73984116e-19 -1.34096126e-12 -2.29603661e-13  4.94787954e-11
  -2.02406004e-10 -5.50601900e-16  9.47099166e-16  3.13758100e-05
  -2.03116090e-06 -1.43123265e-08  8.35455045e-10]
 [ 9.73984116e-19 -1.33224705e-12 -2.27725069e-13  4.80674222e-11
  -2.02937714e-10 -5.49845663e-16  9.54287416e-16  3.15194133e-05
  -2.01371294e-06 -1.39147757e-08  8.44451697e-10]
 [ 9.70114238e-19 -1.35495260e-12 -2.29502402e-13  4.97770806e-11
  -2.02415655e-10 -5.45632471e-16  9.30426335e-16  3.14765906e-05
  -2.02706110e-06 -1.41651616e-08  8.51682768e-10]
 [ 9.67689164e-19 -1.32359286e-12 -2.31230635e-13  4.94104160e-11
  -2.01738123e-10 -5.49787966e-16  9.43038753e-16  3.18604159e-05
  -2.02468620e-06 -1.41299071e-08  8.35672498e-10]]

best fit vector:
[9.81867711953367e-19, -1.3380432734156291e-12, -2.320752531119938e-13, 4.833658808373691e-11, -1.990903902700577e-10, -5.506315228178104e-16, 9.300145772480543e-16, 3.158932734920596e-05, -2.025261951587629e-06, -1.402361151623718e-08, 8.300643721973512e-10]
error:    3.985777e+11    7.961343e+10