

MUTATION: 

RECEIVED FOR MUTATTION: [[ 9.91736936e-19 -1.36633458e-12 -2.29877605e-13  5.01666289e-11
  -1.91370796e-10 -5.70720996e-16  9.21950115e-16  3.20908445e-05
  -2.10395087e-06 -1.38256529e-08  8.64355292e-10]
 [ 9.91736936e-19 -1.36633458e-12 -2.29877605e-13  5.01666289e-11
  -1.91370796e-10 -5.70720996e-16  9.21950115e-16  3.20908445e-05
  -2.10395087e-06 -1.38256529e-08  8.64355292e-10]
 [ 9.91736936e-19 -1.36633458e-12 -2.29877605e-13  5.01666289e-11
  -1.91370796e-10 -5.70720996e-16  9.21950115e-16  3.20908445e-05
  -2.10395087e-06 -1.38256529e-08  8.64355292e-10]
 [ 9.91736936e-19 -1.36633458e-12 -2.29877605e-13  5.01666289e-11
  -1.91370796e-10 -5.70720996e-16  9.21950115e-16  3.20908445e-05
  -2.10395087e-06 -1.38256529e-08  8.64355292e-10]
 [ 9.91736936e-19 -1.36633458e-12 -2.29877605e-13  5.01666289e-11
  -1.91370796e-10 -5.70720996e-16  9.21950115e-16  3.20908445e-05
  -2.10395087e-06 -1.38256529e-08  8.64355292e-10]
 [ 9.91736936e-19 -1.36633458e-12 -2.29877605e-13  5.01666289e-11
  -1.91370796e-10 -5.70720996e-16  9.21950115e-16  3.20908445e-05
  -2.10395087e-06 -1.38256529e-08  8.64355292e-10]
 [ 9.91736936e-19 -1.36633458e-12 -2.29877605e-13  5.01666289e-11
  -1.91370796e-10 -5.70720996e-16  9.21950115e-16  3.20908445e-05
  -2.10395087e-06 -1.38256529e-08  8.64355292e-10]
 [ 9.91736936e-19 -1.36633458e-12 -2.29877605e-13  5.01666289e-11
  -1.91370796e-10 -5.70720996e-16  9.21950115e-16  3.20908445e-05
  -2.10395087e-06 -1.38256529e-08  8.64355292e-10]]

Mutated feature:[[ 9.91803369e-19 -1.36633458e-12 -2.29734109e-13  5.01791750e-11
  -1.91355681e-10 -5.71229828e-16  9.21854714e-16  3.20829533e-05
  -2.10513582e-06 -1.38301997e-08  8.64293212e-10]
 [ 9.91016338e-19 -1.36518207e-12 -2.29768790e-13  5.01801492e-11
  -1.91551095e-10 -5.71163264e-16  9.21456191e-16  3.20676660e-05
  -2.10342798e-06 -1.38225962e-08  8.64413464e-10]
 [ 9.91326715e-19 -1.36606554e-12 -2.30010858e-13  5.01776166e-11
  -1.91466113e-10 -5.70969828e-16  9.21751643e-16  3.20616248e-05
  -2.10274507e-06 -1.38357812e-08  8.63690237e-10]
 [ 9.92717786e-19 -1.36703874e-12 -2.29724218e-13  5.01365263e-11
  -1.91370796e-10 -5.71037649e-16  9.21322664e-16  3.20604619e-05
  -2.10189704e-06 -1.38139211e-08  8.64258075e-10]
 [ 9.91618108e-19 -1.36621720e-12 -2.29877605e-13  5.01832114e-11
  -1.91344857e-10 -5.70299408e-16  9.22804767e-16  3.20748175e-05
  -2.10591448e-06 -1.38206954e-08  8.64355292e-10]
 [ 9.92263206e-19 -1.36717594e-12 -2.29949148e-13  5.01414810e-11
  -1.91370796e-10 -5.70608493e-16  9.22389752e-16  3.20887854e-05
  -2.10209887e-06 -1.38359115e-08  8.63945840e-10]
 [ 9.91129310e-19 -1.36706266e-12 -2.29720255e-13  5.01760444e-11
  -1.91411165e-10 -5.70910580e-16  9.22133793e-16  3.20614761e-05
  -2.10429136e-06 -1.38186678e-08  8.64417994e-10]
 [ 9.91916919e-19 -1.36571267e-12 -2.29829411e-13  5.01519038e-11
  -1.91511139e-10 -5.70871554e-16  9.21231137e-16  3.20865883e-05
  -2.10395087e-06 -1.38159974e-08  8.63704583e-10]]



POPULATION: [[ 9.91736936e-19 -1.36633458e-12 -2.29877605e-13  5.01666289e-11
  -1.91370796e-10 -5.70720996e-16  9.21950115e-16  3.20908445e-05
  -2.10395087e-06 -1.38256529e-08  8.64355292e-10]
 [ 9.91016338e-19 -1.36518207e-12 -2.29768790e-13  5.01801492e-11
  -1.91551095e-10 -5.71163264e-16  9.21456191e-16  3.20676660e-05
  -2.10342798e-06 -1.38225962e-08  8.64413464e-10]
 [ 9.91326715e-19 -1.36606554e-12 -2.30010858e-13  5.01776166e-11
  -1.91466113e-10 -5.70969828e-16  9.21751643e-16  3.20616248e-05
  -2.10274507e-06 -1.38357812e-08  8.63690237e-10]
 [ 9.92717786e-19 -1.36703874e-12 -2.29724218e-13  5.01365263e-11
  -1.91370796e-10 -5.71037649e-16  9.21322664e-16  3.20604619e-05
  -2.10189704e-06 -1.38139211e-08  8.64258075e-10]
 [ 9.91618108e-19 -1.36621720e-12 -2.29877605e-13  5.01832114e-11
  -1.91344857e-10 -5.70299408e-16  9.22804767e-16  3.20748175e-05
  -2.10591448e-06 -1.38206954e-08  8.64355292e-10]
 [ 9.92263206e-19 -1.36717594e-12 -2.29949148e-13  5.01414810e-11
  -1.91370796e-10 -5.70608493e-16  9.22389752e-16  3.20887854e-05
  -2.10209887e-06 -1.38359115e-08  8.63945840e-10]
 [ 9.91129310e-19 -1.36706266e-12 -2.29720255e-13  5.01760444e-11
  -1.91411165e-10 -5.70910580e-16  9.22133793e-16  3.20614761e-05
  -2.10429136e-06 -1.38186678e-08  8.64417994e-10]
 [ 9.91916919e-19 -1.36571267e-12 -2.29829411e-13  5.01519038e-11
  -1.91511139e-10 -5.70871554e-16  9.21231137e-16  3.20865883e-05
  -2.10395087e-06 -1.38159974e-08  8.63704583e-10]]


sending vector for error: [ 9.91736936e-19 -1.36633458e-12 -2.29877605e-13  5.01666289e-11
 -1.91370796e-10 -5.70720996e-16  9.21950115e-16  3.20908445e-05
 -2.10395087e-06 -1.38256529e-08  8.64355292e-10]
received errors: 542965313895.243    136691674574.15788

sending vector for error: [ 9.91016338e-19 -1.36518207e-12 -2.29768790e-13  5.01801492e-11
 -1.91551095e-10 -5.71163264e-16  9.21456191e-16  3.20676660e-05
 -2.10342798e-06 -1.38225962e-08  8.64413464e-10]
received errors: 540906613482.09424    138191330029.59918

sending vector for error: [ 9.91326715e-19 -1.36606554e-12 -2.30010858e-13  5.01776166e-11
 -1.91466113e-10 -5.70969828e-16  9.21751643e-16  3.20616248e-05
 -2.10274507e-06 -1.38357812e-08  8.63690237e-10]
received errors: 540856311003.4373    130241076444.02173

sending vector for error: [ 9.92717786e-19 -1.36703874e-12 -2.29724218e-13  5.01365263e-11
 -1.91370796e-10 -5.71037649e-16  9.21322664e-16  3.20604619e-05
 -2.10189704e-06 -1.38139211e-08  8.64258075e-10]
received errors: 538533065118.2589    144660045121.6326

sending vector for error: [ 9.91618108e-19 -1.36621720e-12 -2.29877605e-13  5.01832114e-11
 -1.91344857e-10 -5.70299408e-16  9.22804767e-16  3.20748175e-05
 -2.10591448e-06 -1.38206954e-08  8.64355292e-10]
received errors: 547137165132.7455    129109056398.04807

sending vector for error: [ 9.92263206e-19 -1.36717594e-12 -2.29949148e-13  5.01414810e-11
 -1.91370796e-10 -5.70608493e-16  9.22389752e-16  3.20887854e-05
 -2.10209887e-06 -1.38359115e-08  8.63945840e-10]
received errors: 539643446926.9168    137638481435.66083

sending vector for error: [ 9.91129310e-19 -1.36706266e-12 -2.29720255e-13  5.01760444e-11
 -1.91411165e-10 -5.70910580e-16  9.22133793e-16  3.20614761e-05
 -2.10429136e-06 -1.38186678e-08  8.64417994e-10]
received errors: 542717127927.93976    135097932524.53635

sending vector for error: [ 9.91916919e-19 -1.36571267e-12 -2.29829411e-13  5.01519038e-11
 -1.91511139e-10 -5.70871554e-16  9.21231137e-16  3.20865883e-05
 -2.10395087e-06 -1.38159974e-08  8.63704583e-10]
received errors: 545341793556.5763    131503972278.42998


CROSSOVER:


	parent1 = [ 9.91326715e-19 -1.36606554e-12 -2.30010858e-13  5.01776166e-11
 -1.91466113e-10 -5.70969828e-16  9.21751643e-16  3.20616248e-05
 -2.10274507e-06 -1.38357812e-08  8.63690237e-10]
	parent2 = [ 9.91326715e-19 -1.36606554e-12 -2.30010858e-13  5.01776166e-11
 -1.91466113e-10 -5.70969828e-16  9.21751643e-16  3.20616248e-05
 -2.10274507e-06 -1.38357812e-08  8.63690237e-10]
	cutoff index = 5
	child 1 = [ 9.91326715e-19 -1.36606554e-12 -2.30010858e-13  5.01776166e-11
 -1.91466113e-10 -5.70969828e-16  9.21751643e-16  3.20616248e-05
 -2.10274507e-06 -1.38357812e-08  8.63690237e-10]
	child 2 = [ 9.91326715e-19 -1.36606554e-12 -2.30010858e-13  5.01776166e-11
 -1.91466113e-10 -5.70969828e-16  9.21751643e-16  3.20616248e-05
 -2.10274507e-06 -1.38357812e-08  8.63690237e-10]


CROSSOVER:


	parent1 = [ 9.92263206e-19 -1.36717594e-12 -2.29949148e-13  5.01414810e-11
 -1.91370796e-10 -5.70608493e-16  9.22389752e-16  3.20887854e-05
 -2.10209887e-06 -1.38359115e-08  8.63945840e-10]
	parent2 = [ 9.92263206e-19 -1.36717594e-12 -2.29949148e-13  5.01414810e-11
 -1.91370796e-10 -5.70608493e-16  9.22389752e-16  3.20887854e-05
 -2.10209887e-06 -1.38359115e-08  8.63945840e-10]
	cutoff index = 6
	child 1 = [ 9.92263206e-19 -1.36717594e-12 -2.29949148e-13  5.01414810e-11
 -1.91370796e-10 -5.70608493e-16  9.22389752e-16  3.20887854e-05
 -2.10209887e-06 -1.38359115e-08  8.63945840e-10]
	child 2 = [ 9.92263206e-19 -1.36717594e-12 -2.29949148e-13  5.01414810e-11
 -1.91370796e-10 -5.70608493e-16  9.22389752e-16  3.20887854e-05
 -2.10209887e-06 -1.38359115e-08  8.63945840e-10]


CROSSOVER:


	parent1 = [ 9.92717786e-19 -1.36703874e-12 -2.29724218e-13  5.01365263e-11
 -1.91370796e-10 -5.71037649e-16  9.21322664e-16  3.20604619e-05
 -2.10189704e-06 -1.38139211e-08  8.64258075e-10]
	parent2 = [ 9.92717786e-19 -1.36703874e-12 -2.29724218e-13  5.01365263e-11
 -1.91370796e-10 -5.71037649e-16  9.21322664e-16  3.20604619e-05
 -2.10189704e-06 -1.38139211e-08  8.64258075e-10]
	cutoff index = 4
	child 1 = [ 9.92717786e-19 -1.36703874e-12 -2.29724218e-13  5.01365263e-11
 -1.91370796e-10 -5.71037649e-16  9.21322664e-16  3.20604619e-05
 -2.10189704e-06 -1.38139211e-08  8.64258075e-10]
	child 2 = [ 9.92717786e-19 -1.36703874e-12 -2.29724218e-13  5.01365263e-11
 -1.91370796e-10 -5.71037649e-16  9.21322664e-16  3.20604619e-05
 -2.10189704e-06 -1.38139211e-08  8.64258075e-10]


CROSSOVER:


	parent1 = [ 9.91016338e-19 -1.36518207e-12 -2.29768790e-13  5.01801492e-11
 -1.91551095e-10 -5.71163264e-16  9.21456191e-16  3.20676660e-05
 -2.10342798e-06 -1.38225962e-08  8.64413464e-10]
	parent2 = [ 9.91326715e-19 -1.36606554e-12 -2.30010858e-13  5.01776166e-11
 -1.91466113e-10 -5.70969828e-16  9.21751643e-16  3.20616248e-05
 -2.10274507e-06 -1.38357812e-08  8.63690237e-10]
	cutoff index = 8
	child 1 = [ 9.91016338e-19 -1.36518207e-12 -2.29768790e-13  5.01801492e-11
 -1.91551095e-10 -5.71163264e-16  9.21456191e-16  3.20676660e-05
 -2.10274507e-06 -1.38357812e-08  8.63690237e-10]
	child 2 = [ 9.91016338e-19 -1.36518207e-12 -2.29768790e-13  5.01801492e-11
 -1.91551095e-10 -5.71163264e-16  9.21456191e-16  3.20676660e-05
 -2.10342798e-06 -1.38225962e-08  8.64413464e-10]


MUTATION: 

RECEIVED FOR MUTATTION: [[ 9.91016338e-19 -1.36518207e-12 -2.29768790e-13  5.01801492e-11
  -1.91551095e-10 -5.71163264e-16  9.21456191e-16  3.20676660e-05
  -2.10274507e-06 -1.38357812e-08  8.63690237e-10]
 [ 9.91016338e-19 -1.36518207e-12 -2.29768790e-13  5.01801492e-11
  -1.91551095e-10 -5.71163264e-16  9.21456191e-16  3.20676660e-05
  -2.10274507e-06 -1.38357812e-08  8.63690237e-10]
 [ 9.92263206e-19 -1.36717594e-12 -2.29949148e-13  5.01414810e-11
  -1.91370796e-10 -5.70608493e-16  9.22389752e-16  3.20887854e-05
  -2.10209887e-06 -1.38359115e-08  8.63945840e-10]
 [ 9.92263206e-19 -1.36717594e-12 -2.29949148e-13  5.01414810e-11
  -1.91370796e-10 -5.70608493e-16  9.22389752e-16  3.20887854e-05
  -2.10209887e-06 -1.38359115e-08  8.63945840e-10]
 [ 9.92717786e-19 -1.36703874e-12 -2.29724218e-13  5.01365263e-11
  -1.91370796e-10 -5.71037649e-16  9.21322664e-16  3.20604619e-05
  -2.10189704e-06 -1.38139211e-08  8.64258075e-10]
 [ 9.92717786e-19 -1.36703874e-12 -2.29724218e-13  5.01365263e-11
  -1.91370796e-10 -5.71037649e-16  9.21322664e-16  3.20604619e-05
  -2.10189704e-06 -1.38139211e-08  8.64258075e-10]
 [ 9.91016338e-19 -1.36518207e-12 -2.29768790e-13  5.01801492e-11
  -1.91551095e-10 -5.71163264e-16  9.21456191e-16  3.20676660e-05
  -2.10274507e-06 -1.38357812e-08  8.63690237e-10]
 [ 9.91016338e-19 -1.36518207e-12 -2.29768790e-13  5.01801492e-11
  -1.91551095e-10 -5.71163264e-16  9.21456191e-16  3.20676660e-05
  -2.10342798e-06 -1.38225962e-08  8.64413464e-10]]

Mutated feature:[[ 9.90531857e-19 -1.36419440e-12 -2.29596721e-13  5.01347760e-11
  -1.91634716e-10 -5.71158050e-16  9.20718062e-16  3.20956727e-05
  -2.10112911e-06 -1.38424028e-08  8.63614593e-10]
 [ 9.91823248e-19 -1.36518207e-12 -2.29899489e-13  5.02045270e-11
  -1.91580674e-10 -5.71025896e-16  9.21417028e-16  3.20762031e-05
  -2.10242601e-06 -1.38452928e-08  8.63687383e-10]
 [ 9.91839359e-19 -1.36685867e-12 -2.29825295e-13  5.01414810e-11
  -1.91510340e-10 -5.70645435e-16  9.22714832e-16  3.20839689e-05
  -2.10033686e-06 -1.38256053e-08  8.63476394e-10]
 [ 9.93241228e-19 -1.36806683e-12 -2.29719608e-13  5.01480790e-11
  -1.91317278e-10 -5.70442302e-16  9.23063089e-16  3.20992418e-05
  -2.10375154e-06 -1.38253209e-08  8.64704165e-10]
 [ 9.91736008e-19 -1.36682724e-12 -2.29868954e-13  5.01676423e-11
  -1.91410482e-10 -5.70551926e-16  9.21987013e-16  3.20559667e-05
  -2.10166570e-06 -1.38039651e-08  8.64825847e-10]
 [ 9.93420327e-19 -1.36715763e-12 -2.29660050e-13  5.01822324e-11
  -1.91370796e-10 -5.71410859e-16  9.20841419e-16  3.20694036e-05
  -2.10133126e-06 -1.38057633e-08  8.64226161e-10]
 [ 9.90028879e-19 -1.36444421e-12 -2.29607497e-13  5.02263163e-11
  -1.91423841e-10 -5.70921015e-16  9.20719751e-16  3.20589600e-05
  -2.10133531e-06 -1.38361076e-08  8.63760229e-10]
 [ 9.91279190e-19 -1.36415447e-12 -2.29883297e-13  5.01709415e-11
  -1.91382082e-10 -5.71163264e-16  9.21708524e-16  3.20366270e-05
  -2.10156364e-06 -1.38351030e-08  8.64967083e-10]]


sending vector for error: [ 9.90531857e-19 -1.36419440e-12 -2.29596721e-13  5.01347760e-11
 -1.91634716e-10 -5.71158050e-16  9.20718062e-16  3.20956727e-05
 -2.10112911e-06 -1.38424028e-08  8.63614593e-10]
received errors: 538466942455.8041    137067089925.52824

sending vector for error: [ 9.91823248e-19 -1.36518207e-12 -2.29899489e-13  5.02045270e-11
 -1.91580674e-10 -5.71025896e-16  9.21417028e-16  3.20762031e-05
 -2.10242601e-06 -1.38452928e-08  8.63687383e-10]
received errors: 540227574564.93134    130577066108.17612

sending vector for error: [ 9.91839359e-19 -1.36685867e-12 -2.29825295e-13  5.01414810e-11
 -1.91510340e-10 -5.70645435e-16  9.22714832e-16  3.20839689e-05
 -2.10033686e-06 -1.38256053e-08  8.63476394e-10]
received errors: 537793317747.7712    141983409375.55966

sending vector for error: [ 9.93241228e-19 -1.36806683e-12 -2.29719608e-13  5.01480790e-11
 -1.91317278e-10 -5.70442302e-16  9.23063089e-16  3.20992418e-05
 -2.10375154e-06 -1.38253209e-08  8.64704165e-10]
received errors: 541991111318.8929    142370853410.8272

sending vector for error: [ 9.91736008e-19 -1.36682724e-12 -2.29868954e-13  5.01676423e-11
 -1.91410482e-10 -5.70551926e-16  9.21987013e-16  3.20559667e-05
 -2.10166570e-06 -1.38039651e-08  8.64825847e-10]
received errors: 537615046757.0452    155413708565.8777

sending vector for error: [ 9.93420327e-19 -1.36715763e-12 -2.29660050e-13  5.01822324e-11
 -1.91370796e-10 -5.71410859e-16  9.20841419e-16  3.20694036e-05
 -2.10133126e-06 -1.38057633e-08  8.64226161e-10]
received errors: 538566815804.7174    149775982643.07452

sending vector for error: [ 9.90028879e-19 -1.36444421e-12 -2.29607497e-13  5.02263163e-11
 -1.91423841e-10 -5.70921015e-16  9.20719751e-16  3.20589600e-05
 -2.10133531e-06 -1.38361076e-08  8.63760229e-10]
received errors: 537363236893.8859    136266201585.4959

sending vector for error: [ 9.91279190e-19 -1.36415447e-12 -2.29883297e-13  5.01709415e-11
 -1.91382082e-10 -5.71163264e-16  9.21708524e-16  3.20366270e-05
 -2.10156364e-06 -1.38351030e-08  8.64967083e-10]
received errors: 533841265887.94275    147581427348.85757


CROSSOVER:


	parent1 = [ 9.93420327e-19 -1.36715763e-12 -2.29660050e-13  5.01822324e-11
 -1.91370796e-10 -5.71410859e-16  9.20841419e-16  3.20694036e-05
 -2.10133126e-06 -1.38057633e-08  8.64226161e-10]
	parent2 = [ 9.90028879e-19 -1.36444421e-12 -2.29607497e-13  5.02263163e-11
 -1.91423841e-10 -5.70921015e-16  9.20719751e-16  3.20589600e-05
 -2.10133531e-06 -1.38361076e-08  8.63760229e-10]
	cutoff index = 0
	child 1 = [ 9.90028879e-19 -1.36444421e-12 -2.29607497e-13  5.02263163e-11
 -1.91423841e-10 -5.70921015e-16  9.20719751e-16  3.20589600e-05
 -2.10133531e-06 -1.38361076e-08  8.63760229e-10]
	child 2 = [ 9.93420327e-19 -1.36715763e-12 -2.29660050e-13  5.01822324e-11
 -1.91370796e-10 -5.71410859e-16  9.20841419e-16  3.20694036e-05
 -2.10133126e-06 -1.38057633e-08  8.64226161e-10]


CROSSOVER:


	parent1 = [ 9.91279190e-19 -1.36415447e-12 -2.29883297e-13  5.01709415e-11
 -1.91382082e-10 -5.71163264e-16  9.21708524e-16  3.20366270e-05
 -2.10156364e-06 -1.38351030e-08  8.64967083e-10]
	parent2 = [ 9.93241228e-19 -1.36806683e-12 -2.29719608e-13  5.01480790e-11
 -1.91317278e-10 -5.70442302e-16  9.23063089e-16  3.20992418e-05
 -2.10375154e-06 -1.38253209e-08  8.64704165e-10]
	cutoff index = 9
	child 1 = [ 9.91279190e-19 -1.36415447e-12 -2.29883297e-13  5.01709415e-11
 -1.91382082e-10 -5.71163264e-16  9.21708524e-16  3.20366270e-05
 -2.10156364e-06 -1.38253209e-08  8.64704165e-10]
	child 2 = [ 9.91279190e-19 -1.36415447e-12 -2.29883297e-13  5.01709415e-11
 -1.91382082e-10 -5.71163264e-16  9.21708524e-16  3.20366270e-05
 -2.10156364e-06 -1.38351030e-08  8.64967083e-10]


CROSSOVER:


	parent1 = [ 9.91839359e-19 -1.36685867e-12 -2.29825295e-13  5.01414810e-11
 -1.91510340e-10 -5.70645435e-16  9.22714832e-16  3.20839689e-05
 -2.10033686e-06 -1.38256053e-08  8.63476394e-10]
	parent2 = [ 9.90531857e-19 -1.36419440e-12 -2.29596721e-13  5.01347760e-11
 -1.91634716e-10 -5.71158050e-16  9.20718062e-16  3.20956727e-05
 -2.10112911e-06 -1.38424028e-08  8.63614593e-10]
	cutoff index = 4
	child 1 = [ 9.91839359e-19 -1.36685867e-12 -2.29825295e-13  5.01414810e-11
 -1.91634716e-10 -5.71158050e-16  9.20718062e-16  3.20956727e-05
 -2.10112911e-06 -1.38424028e-08  8.63614593e-10]
	child 2 = [ 9.91839359e-19 -1.36685867e-12 -2.29825295e-13  5.01414810e-11
 -1.91510340e-10 -5.70645435e-16  9.22714832e-16  3.20839689e-05
 -2.10033686e-06 -1.38256053e-08  8.63476394e-10]


CROSSOVER:


	parent1 = [ 9.91839359e-19 -1.36685867e-12 -2.29825295e-13  5.01414810e-11
 -1.91634716e-10 -5.71158050e-16  9.20718062e-16  3.20956727e-05
 -2.10112911e-06 -1.38424028e-08  8.63614593e-10]
	parent2 = [ 9.91839359e-19 -1.36685867e-12 -2.29825295e-13  5.01414810e-11
 -1.91634716e-10 -5.71158050e-16  9.20718062e-16  3.20956727e-05
 -2.10112911e-06 -1.38424028e-08  8.63614593e-10]
	cutoff index = 3
	child 1 = [ 9.91839359e-19 -1.36685867e-12 -2.29825295e-13  5.01414810e-11
 -1.91634716e-10 -5.71158050e-16  9.20718062e-16  3.20956727e-05
 -2.10112911e-06 -1.38424028e-08  8.63614593e-10]
	child 2 = [ 9.91839359e-19 -1.36685867e-12 -2.29825295e-13  5.01414810e-11
 -1.91634716e-10 -5.71158050e-16  9.20718062e-16  3.20956727e-05
 -2.10112911e-06 -1.38424028e-08  8.63614593e-10]


MUTATION: 

RECEIVED FOR MUTATTION: [[ 9.90028879e-19 -1.36444421e-12 -2.29607497e-13  5.02263163e-11
  -1.91423841e-10 -5.70921015e-16  9.20719751e-16  3.20589600e-05
  -2.10133531e-06 -1.38361076e-08  8.63760229e-10]
 [ 9.93420327e-19 -1.36715763e-12 -2.29660050e-13  5.01822324e-11
  -1.91370796e-10 -5.71410859e-16  9.20841419e-16  3.20694036e-05
  -2.10133126e-06 -1.38057633e-08  8.64226161e-10]
 [ 9.91279190e-19 -1.36415447e-12 -2.29883297e-13  5.01709415e-11
  -1.91382082e-10 -5.71163264e-16  9.21708524e-16  3.20366270e-05
  -2.10156364e-06 -1.38253209e-08  8.64704165e-10]
 [ 9.91279190e-19 -1.36415447e-12 -2.29883297e-13  5.01709415e-11
  -1.91382082e-10 -5.71163264e-16  9.21708524e-16  3.20366270e-05
  -2.10156364e-06 -1.38351030e-08  8.64967083e-10]
 [ 9.91839359e-19 -1.36685867e-12 -2.29825295e-13  5.01414810e-11
  -1.91634716e-10 -5.71158050e-16  9.20718062e-16  3.20956727e-05
  -2.10112911e-06 -1.38424028e-08  8.63614593e-10]
 [ 9.91839359e-19 -1.36685867e-12 -2.29825295e-13  5.01414810e-11
  -1.91510340e-10 -5.70645435e-16  9.22714832e-16  3.20839689e-05
  -2.10033686e-06 -1.38256053e-08  8.63476394e-10]
 [ 9.91839359e-19 -1.36685867e-12 -2.29825295e-13  5.01414810e-11
  -1.91634716e-10 -5.71158050e-16  9.20718062e-16  3.20956727e-05
  -2.10112911e-06 -1.38424028e-08  8.63614593e-10]
 [ 9.91839359e-19 -1.36685867e-12 -2.29825295e-13  5.01414810e-11
  -1.91634716e-10 -5.71158050e-16  9.20718062e-16  3.20956727e-05
  -2.10112911e-06 -1.38424028e-08  8.63614593e-10]]

Mutated feature:[[ 9.90044583e-19 -1.36329543e-12 -2.29827345e-13  5.02405288e-11
  -1.91423841e-10 -5.71401066e-16  9.20719751e-16  3.20624686e-05
  -2.10320759e-06 -1.38270797e-08  8.63760229e-10]
 [ 9.94061825e-19 -1.36667474e-12 -2.29681641e-13  5.01779977e-11
  -1.91370796e-10 -5.71080656e-16  9.20760107e-16  3.20533498e-05
  -2.10133126e-06 -1.37942303e-08  8.64304250e-10]
 [ 9.92027149e-19 -1.36486226e-12 -2.30001326e-13  5.01709415e-11
  -1.91287498e-10 -5.71228360e-16  9.22270018e-16  3.20473806e-05
  -2.10252584e-06 -1.38229721e-08  8.64268539e-10]
 [ 9.91745367e-19 -1.36534082e-12 -2.29898347e-13  5.01593840e-11
  -1.91216218e-10 -5.70592947e-16  9.21396001e-16  3.20209149e-05
  -2.10062828e-06 -1.38400648e-08  8.65532086e-10]
 [ 9.92199275e-19 -1.36764717e-12 -2.29619877e-13  5.01827754e-11
  -1.91597134e-10 -5.71046717e-16  9.20090542e-16  3.20801178e-05
  -2.10216936e-06 -1.38426304e-08  8.63787775e-10]
 [ 9.91760961e-19 -1.36553977e-12 -2.29866005e-13  5.01296954e-11
  -1.91464646e-10 -5.70645435e-16  9.22011336e-16  3.20863956e-05
  -2.09883837e-06 -1.38372947e-08  8.63985375e-10]
 [ 9.91273395e-19 -1.36690271e-12 -2.29786183e-13  5.01414810e-11
  -1.91752749e-10 -5.71158050e-16  9.20364670e-16  3.20956727e-05
  -2.10141113e-06 -1.38383278e-08  8.64026496e-10]
 [ 9.91164401e-19 -1.36690922e-12 -2.30002844e-13  5.01302624e-11
  -1.91532251e-10 -5.70993131e-16  9.21181075e-16  3.21086043e-05
  -2.09983355e-06 -1.38509246e-08  8.64136780e-10]]


sending vector for error: [ 9.90044583e-19 -1.36329543e-12 -2.29827345e-13  5.02405288e-11
 -1.91423841e-10 -5.71401066e-16  9.20719751e-16  3.20624686e-05
 -2.10320759e-06 -1.38270797e-08  8.63760229e-10]
received errors: 542066876733.32587    130825683472.65349

sending vector for error: [ 9.94061825e-19 -1.36667474e-12 -2.29681641e-13  5.01779977e-11
 -1.91370796e-10 -5.71080656e-16  9.20760107e-16  3.20533498e-05
 -2.10133126e-06 -1.37942303e-08  8.64304250e-10]
received errors: 538536449519.00867    152313605343.11813

sending vector for error: [ 9.92027149e-19 -1.36486226e-12 -2.30001326e-13  5.01709415e-11
 -1.91287498e-10 -5.71228360e-16  9.22270018e-16  3.20473806e-05
 -2.10252584e-06 -1.38229721e-08  8.64268539e-10]
received errors: 538606398850.01697    138667868195.66306

sending vector for error: [ 9.91745367e-19 -1.36534082e-12 -2.29898347e-13  5.01593840e-11
 -1.91216218e-10 -5.70592947e-16  9.21396001e-16  3.20209149e-05
 -2.10062828e-06 -1.38400648e-08  8.65532086e-10]
received errors: 530239663798.07355    157138800654.08804

sending vector for error: [ 9.92199275e-19 -1.36764717e-12 -2.29619877e-13  5.01827754e-11
 -1.91597134e-10 -5.71046717e-16  9.20090542e-16  3.20801178e-05
 -2.10216936e-06 -1.38426304e-08  8.63787775e-10]
received errors: 539565709057.53076    133401730684.7821

sending vector for error: [ 9.91760961e-19 -1.36553977e-12 -2.29866005e-13  5.01296954e-11
 -1.91464646e-10 -5.70645435e-16  9.22011336e-16  3.20863956e-05
 -2.09883837e-06 -1.38372947e-08  8.63985375e-10]
received errors: 533484960833.8538    153190254189.95868

sending vector for error: [ 9.91273395e-19 -1.36690271e-12 -2.29786183e-13  5.01414810e-11
 -1.91752749e-10 -5.71158050e-16  9.20364670e-16  3.20956727e-05
 -2.10141113e-06 -1.38383278e-08  8.64026496e-10]
received errors: 538167213107.7673    141469778761.70166

sending vector for error: [ 9.91164401e-19 -1.36690922e-12 -2.30002844e-13  5.01302624e-11
 -1.91532251e-10 -5.70993131e-16  9.21181075e-16  3.21086043e-05
 -2.09983355e-06 -1.38509246e-08  8.64136780e-10]
received errors: 534841491132.15344    148578056084.0587


CROSSOVER:


	parent1 = [ 9.91745367e-19 -1.36534082e-12 -2.29898347e-13  5.01593840e-11
 -1.91216218e-10 -5.70592947e-16  9.21396001e-16  3.20209149e-05
 -2.10062828e-06 -1.38400648e-08  8.65532086e-10]
	parent2 = [ 9.91273395e-19 -1.36690271e-12 -2.29786183e-13  5.01414810e-11
 -1.91752749e-10 -5.71158050e-16  9.20364670e-16  3.20956727e-05
 -2.10141113e-06 -1.38383278e-08  8.64026496e-10]
	cutoff index = 3
	child 1 = [ 9.91745367e-19 -1.36534082e-12 -2.29898347e-13  5.01414810e-11
 -1.91752749e-10 -5.71158050e-16  9.20364670e-16  3.20956727e-05
 -2.10141113e-06 -1.38383278e-08  8.64026496e-10]
	child 2 = [ 9.91745367e-19 -1.36534082e-12 -2.29898347e-13  5.01593840e-11
 -1.91216218e-10 -5.70592947e-16  9.21396001e-16  3.20209149e-05
 -2.10062828e-06 -1.38400648e-08  8.65532086e-10]


CROSSOVER:


	parent1 = [ 9.92199275e-19 -1.36764717e-12 -2.29619877e-13  5.01827754e-11
 -1.91597134e-10 -5.71046717e-16  9.20090542e-16  3.20801178e-05
 -2.10216936e-06 -1.38426304e-08  8.63787775e-10]
	parent2 = [ 9.92199275e-19 -1.36764717e-12 -2.29619877e-13  5.01827754e-11
 -1.91597134e-10 -5.71046717e-16  9.20090542e-16  3.20801178e-05
 -2.10216936e-06 -1.38426304e-08  8.63787775e-10]
	cutoff index = 5
	child 1 = [ 9.92199275e-19 -1.36764717e-12 -2.29619877e-13  5.01827754e-11
 -1.91597134e-10 -5.71046717e-16  9.20090542e-16  3.20801178e-05
 -2.10216936e-06 -1.38426304e-08  8.63787775e-10]
	child 2 = [ 9.92199275e-19 -1.36764717e-12 -2.29619877e-13  5.01827754e-11
 -1.91597134e-10 -5.71046717e-16  9.20090542e-16  3.20801178e-05
 -2.10216936e-06 -1.38426304e-08  8.63787775e-10]


CROSSOVER:


	parent1 = [ 9.91164401e-19 -1.36690922e-12 -2.30002844e-13  5.01302624e-11
 -1.91532251e-10 -5.70993131e-16  9.21181075e-16  3.21086043e-05
 -2.09983355e-06 -1.38509246e-08  8.64136780e-10]
	parent2 = [ 9.91760961e-19 -1.36553977e-12 -2.29866005e-13  5.01296954e-11
 -1.91464646e-10 -5.70645435e-16  9.22011336e-16  3.20863956e-05
 -2.09883837e-06 -1.38372947e-08  8.63985375e-10]
	cutoff index = 3
	child 1 = [ 9.91164401e-19 -1.36690922e-12 -2.30002844e-13  5.01296954e-11
 -1.91464646e-10 -5.70645435e-16  9.22011336e-16  3.20863956e-05
 -2.09883837e-06 -1.38372947e-08  8.63985375e-10]
	child 2 = [ 9.91164401e-19 -1.36690922e-12 -2.30002844e-13  5.01302624e-11
 -1.91532251e-10 -5.70993131e-16  9.21181075e-16  3.21086043e-05
 -2.09983355e-06 -1.38509246e-08  8.64136780e-10]


CROSSOVER:


	parent1 = [ 9.90044583e-19 -1.36329543e-12 -2.29827345e-13  5.02405288e-11
 -1.91423841e-10 -5.71401066e-16  9.20719751e-16  3.20624686e-05
 -2.10320759e-06 -1.38270797e-08  8.63760229e-10]
	parent2 = [ 9.91745367e-19 -1.36534082e-12 -2.29898347e-13  5.01593840e-11
 -1.91216218e-10 -5.70592947e-16  9.21396001e-16  3.20209149e-05
 -2.10062828e-06 -1.38400648e-08  8.65532086e-10]
	cutoff index = 5
	child 1 = [ 9.90044583e-19 -1.36329543e-12 -2.29827345e-13  5.02405288e-11
 -1.91423841e-10 -5.70592947e-16  9.21396001e-16  3.20209149e-05
 -2.10062828e-06 -1.38400648e-08  8.65532086e-10]
	child 2 = [ 9.90044583e-19 -1.36329543e-12 -2.29827345e-13  5.02405288e-11
 -1.91423841e-10 -5.71401066e-16  9.20719751e-16  3.20624686e-05
 -2.10320759e-06 -1.38270797e-08  8.63760229e-10]


MUTATION: 

RECEIVED FOR MUTATTION: [[ 9.91745367e-19 -1.36534082e-12 -2.29898347e-13  5.01414810e-11
  -1.91752749e-10 -5.71158050e-16  9.20364670e-16  3.20956727e-05
  -2.10141113e-06 -1.38383278e-08  8.64026496e-10]
 [ 9.90044583e-19 -1.36329543e-12 -2.29827345e-13  5.02405288e-11
  -1.91423841e-10 -5.70592947e-16  9.21396001e-16  3.20209149e-05
  -2.10062828e-06 -1.38400648e-08  8.65532086e-10]
 [ 9.92199275e-19 -1.36764717e-12 -2.29619877e-13  5.01827754e-11
  -1.91597134e-10 -5.71046717e-16  9.20090542e-16  3.20801178e-05
  -2.10216936e-06 -1.38426304e-08  8.63787775e-10]
 [ 9.92199275e-19 -1.36764717e-12 -2.29619877e-13  5.01827754e-11
  -1.91597134e-10 -5.71046717e-16  9.20090542e-16  3.20801178e-05
  -2.10216936e-06 -1.38426304e-08  8.63787775e-10]
 [ 9.91164401e-19 -1.36690922e-12 -2.30002844e-13  5.01296954e-11
  -1.91464646e-10 -5.70645435e-16  9.22011336e-16  3.20863956e-05
  -2.09883837e-06 -1.38372947e-08  8.63985375e-10]
 [ 9.91164401e-19 -1.36690922e-12 -2.30002844e-13  5.01302624e-11
  -1.91532251e-10 -5.70993131e-16  9.21181075e-16  3.21086043e-05
  -2.09983355e-06 -1.38509246e-08  8.64136780e-10]
 [ 9.90044583e-19 -1.36329543e-12 -2.29827345e-13  5.02405288e-11
  -1.91423841e-10 -5.70592947e-16  9.21396001e-16  3.20209149e-05
  -2.10062828e-06 -1.38400648e-08  8.65532086e-10]
 [ 9.90044583e-19 -1.36329543e-12 -2.29827345e-13  5.02405288e-11
  -1.91423841e-10 -5.71401066e-16  9.20719751e-16  3.20624686e-05
  -2.10320759e-06 -1.38270797e-08  8.63760229e-10]]

Mutated feature:[[ 9.91479377e-19 -1.36449812e-12 -2.29974364e-13  5.00969746e-11
  -1.91900192e-10 -5.71665431e-16  9.20852537e-16  3.20716620e-05
  -2.10048656e-06 -1.38336500e-08  8.63331622e-10]
 [ 9.91008531e-19 -1.36341478e-12 -2.29669713e-13  5.01993165e-11
  -1.91438127e-10 -5.70607571e-16  9.22199010e-16  3.20043810e-05
  -2.10062828e-06 -1.38465467e-08  8.65508635e-10]
 [ 9.92654600e-19 -1.36641682e-12 -2.29650445e-13  5.01340575e-11
  -1.91785967e-10 -5.70578211e-16  9.20030358e-16  3.20593144e-05
  -2.10352588e-06 -1.38422034e-08  8.63242166e-10]
 [ 9.91707906e-19 -1.36682959e-12 -2.29544242e-13  5.02002602e-11
  -1.91601571e-10 -5.71555955e-16  9.20723815e-16  3.20506132e-05
  -2.10206824e-06 -1.38437055e-08  8.64613950e-10]
 [ 9.91538199e-19 -1.36802850e-12 -2.30223892e-13  5.01399257e-11
  -1.91451369e-10 -5.70404760e-16  9.22119407e-16  3.20607155e-05
  -2.09798674e-06 -1.38325298e-08  8.63415953e-10]
 [ 9.92037783e-19 -1.36697436e-12 -2.29871861e-13  5.01302624e-11
  -1.91407890e-10 -5.70984353e-16  9.21181075e-16  3.21061619e-05
  -2.09983355e-06 -1.38437914e-08  8.63699793e-10]
 [ 9.89432241e-19 -1.36449822e-12 -2.29719955e-13  5.02321315e-11
  -1.91515234e-10 -5.70347009e-16  9.20538290e-16  3.20045369e-05
  -2.10062828e-06 -1.38400648e-08  8.66059427e-10]
 [ 9.90799935e-19 -1.36321601e-12 -2.29847648e-13  5.02538889e-11
  -1.91485348e-10 -5.71921545e-16  9.21028041e-16  3.20898136e-05
  -2.10148187e-06 -1.38359002e-08  8.64282837e-10]]


sending vector for error: [ 9.91479377e-19 -1.36449812e-12 -2.29974364e-13  5.00969746e-11
 -1.91900192e-10 -5.71665431e-16  9.20852537e-16  3.20716620e-05
 -2.10048656e-06 -1.38336500e-08  8.63331622e-10]
received errors: 537420373821.0418    136461117018.74568

sending vector for error: [ 9.91008531e-19 -1.36341478e-12 -2.29669713e-13  5.01993165e-11
 -1.91438127e-10 -5.70607571e-16  9.22199010e-16  3.20043810e-05
 -2.10062828e-06 -1.38465467e-08  8.65508635e-10]
received errors: 528916800765.30383    153373094887.4395

sending vector for error: [ 9.92654600e-19 -1.36641682e-12 -2.29650445e-13  5.01340575e-11
 -1.91785967e-10 -5.70578211e-16  9.20030358e-16  3.20593144e-05
 -2.10352588e-06 -1.38422034e-08  8.63242166e-10]
received errors: 544345059985.19403    122422094056.95374

sending vector for error: [ 9.91707906e-19 -1.36682959e-12 -2.29544242e-13  5.02002602e-11
 -1.91601571e-10 -5.71555955e-16  9.20723815e-16  3.20506132e-05
 -2.10206824e-06 -1.38437055e-08  8.64613950e-10]
received errors: 535671623256.43115    140109344728.14734

sending vector for error: [ 9.91538199e-19 -1.36802850e-12 -2.30223892e-13  5.01399257e-11
 -1.91451369e-10 -5.70404760e-16  9.22119407e-16  3.20607155e-05
 -2.09798674e-06 -1.38325298e-08  8.63415953e-10]
received errors: 532225446020.4465    148804502637.60022

sending vector for error: [ 9.92037783e-19 -1.36697436e-12 -2.29871861e-13  5.01302624e-11
 -1.91407890e-10 -5.70984353e-16  9.21181075e-16  3.21061619e-05
 -2.09983355e-06 -1.38437914e-08  8.63699793e-10]
received errors: 536130330865.2334    144611375831.68222

sending vector for error: [ 9.89432241e-19 -1.36449822e-12 -2.29719955e-13  5.02321315e-11
 -1.91515234e-10 -5.70347009e-16  9.20538290e-16  3.20045369e-05
 -2.10062828e-06 -1.38400648e-08  8.66059427e-10]
received errors: 528729613421.604    162887730542.44955

sending vector for error: [ 9.90799935e-19 -1.36321601e-12 -2.29847648e-13  5.02538889e-11
 -1.91485348e-10 -5.71921545e-16  9.21028041e-16  3.20898136e-05
 -2.10148187e-06 -1.38359002e-08  8.64282837e-10]
received errors: 537522404934.5872    144018007286.91904


CROSSOVER:


	parent1 = [ 9.91008531e-19 -1.36341478e-12 -2.29669713e-13  5.01993165e-11
 -1.91438127e-10 -5.70607571e-16  9.22199010e-16  3.20043810e-05
 -2.10062828e-06 -1.38465467e-08  8.65508635e-10]
	parent2 = [ 9.91008531e-19 -1.36341478e-12 -2.29669713e-13  5.01993165e-11
 -1.91438127e-10 -5.70607571e-16  9.22199010e-16  3.20043810e-05
 -2.10062828e-06 -1.38465467e-08  8.65508635e-10]
	cutoff index = 2
	child 1 = [ 9.91008531e-19 -1.36341478e-12 -2.29669713e-13  5.01993165e-11
 -1.91438127e-10 -5.70607571e-16  9.22199010e-16  3.20043810e-05
 -2.10062828e-06 -1.38465467e-08  8.65508635e-10]
	child 2 = [ 9.91008531e-19 -1.36341478e-12 -2.29669713e-13  5.01993165e-11
 -1.91438127e-10 -5.70607571e-16  9.22199010e-16  3.20043810e-05
 -2.10062828e-06 -1.38465467e-08  8.65508635e-10]


CROSSOVER:


	parent1 = [ 9.91707906e-19 -1.36682959e-12 -2.29544242e-13  5.02002602e-11
 -1.91601571e-10 -5.71555955e-16  9.20723815e-16  3.20506132e-05
 -2.10206824e-06 -1.38437055e-08  8.64613950e-10]
	parent2 = [ 9.91479377e-19 -1.36449812e-12 -2.29974364e-13  5.00969746e-11
 -1.91900192e-10 -5.71665431e-16  9.20852537e-16  3.20716620e-05
 -2.10048656e-06 -1.38336500e-08  8.63331622e-10]
	cutoff index = 7
	child 1 = [ 9.91707906e-19 -1.36682959e-12 -2.29544242e-13  5.02002602e-11
 -1.91601571e-10 -5.71555955e-16  9.20723815e-16  3.20716620e-05
 -2.10048656e-06 -1.38336500e-08  8.63331622e-10]
	child 2 = [ 9.91707906e-19 -1.36682959e-12 -2.29544242e-13  5.02002602e-11
 -1.91601571e-10 -5.71555955e-16  9.20723815e-16  3.20506132e-05
 -2.10206824e-06 -1.38437055e-08  8.64613950e-10]


CROSSOVER:


	parent1 = [ 9.92037783e-19 -1.36697436e-12 -2.29871861e-13  5.01302624e-11
 -1.91407890e-10 -5.70984353e-16  9.21181075e-16  3.21061619e-05
 -2.09983355e-06 -1.38437914e-08  8.63699793e-10]
	parent2 = [ 9.91707906e-19 -1.36682959e-12 -2.29544242e-13  5.02002602e-11
 -1.91601571e-10 -5.71555955e-16  9.20723815e-16  3.20716620e-05
 -2.10048656e-06 -1.38336500e-08  8.63331622e-10]
	cutoff index = 9
	child 1 = [ 9.92037783e-19 -1.36697436e-12 -2.29871861e-13  5.01302624e-11
 -1.91407890e-10 -5.70984353e-16  9.21181075e-16  3.21061619e-05
 -2.09983355e-06 -1.38336500e-08  8.63331622e-10]
	child 2 = [ 9.92037783e-19 -1.36697436e-12 -2.29871861e-13  5.01302624e-11
 -1.91407890e-10 -5.70984353e-16  9.21181075e-16  3.21061619e-05
 -2.09983355e-06 -1.38437914e-08  8.63699793e-10]


CROSSOVER:


	parent1 = [ 9.92654600e-19 -1.36641682e-12 -2.29650445e-13  5.01340575e-11
 -1.91785967e-10 -5.70578211e-16  9.20030358e-16  3.20593144e-05
 -2.10352588e-06 -1.38422034e-08  8.63242166e-10]
	parent2 = [ 9.91707906e-19 -1.36682959e-12 -2.29544242e-13  5.02002602e-11
 -1.91601571e-10 -5.71555955e-16  9.20723815e-16  3.20506132e-05
 -2.10206824e-06 -1.38437055e-08  8.64613950e-10]
	cutoff index = 3
	child 1 = [ 9.92654600e-19 -1.36641682e-12 -2.29650445e-13  5.02002602e-11
 -1.91601571e-10 -5.71555955e-16  9.20723815e-16  3.20506132e-05
 -2.10206824e-06 -1.38437055e-08  8.64613950e-10]
	child 2 = [ 9.92654600e-19 -1.36641682e-12 -2.29650445e-13  5.01340575e-11
 -1.91785967e-10 -5.70578211e-16  9.20030358e-16  3.20593144e-05
 -2.10352588e-06 -1.38422034e-08  8.63242166e-10]


MUTATION: 

RECEIVED FOR MUTATTION: [[ 9.91008531e-19 -1.36341478e-12 -2.29669713e-13  5.01993165e-11
  -1.91438127e-10 -5.70607571e-16  9.22199010e-16  3.20043810e-05
  -2.10062828e-06 -1.38465467e-08  8.65508635e-10]
 [ 9.91008531e-19 -1.36341478e-12 -2.29669713e-13  5.01993165e-11
  -1.91438127e-10 -5.70607571e-16  9.22199010e-16  3.20043810e-05
  -2.10062828e-06 -1.38465467e-08  8.65508635e-10]
 [ 9.92037783e-19 -1.36697436e-12 -2.29871861e-13  5.01302624e-11
  -1.91407890e-10 -5.70984353e-16  9.21181075e-16  3.21061619e-05
  -2.09983355e-06 -1.38336500e-08  8.63331622e-10]
 [ 9.92654600e-19 -1.36641682e-12 -2.29650445e-13  5.02002602e-11
  -1.91601571e-10 -5.71555955e-16  9.20723815e-16  3.20506132e-05
  -2.10206824e-06 -1.38437055e-08  8.64613950e-10]
 [ 9.92037783e-19 -1.36697436e-12 -2.29871861e-13  5.01302624e-11
  -1.91407890e-10 -5.70984353e-16  9.21181075e-16  3.21061619e-05
  -2.09983355e-06 -1.38336500e-08  8.63331622e-10]
 [ 9.92037783e-19 -1.36697436e-12 -2.29871861e-13  5.01302624e-11
  -1.91407890e-10 -5.70984353e-16  9.21181075e-16  3.21061619e-05
  -2.09983355e-06 -1.38437914e-08  8.63699793e-10]
 [ 9.92654600e-19 -1.36641682e-12 -2.29650445e-13  5.02002602e-11
  -1.91601571e-10 -5.71555955e-16  9.20723815e-16  3.20506132e-05
  -2.10206824e-06 -1.38437055e-08  8.64613950e-10]
 [ 9.92654600e-19 -1.36641682e-12 -2.29650445e-13  5.01340575e-11
  -1.91785967e-10 -5.70578211e-16  9.20030358e-16  3.20593144e-05
  -2.10352588e-06 -1.38422034e-08  8.63242166e-10]]

Mutated feature:[[ 9.91584588e-19 -1.36341478e-12 -2.29533486e-13  5.02404661e-11
  -1.91327065e-10 -5.70491250e-16  9.22807381e-16  3.20043810e-05
  -2.10173904e-06 -1.38472741e-08  8.65423756e-10]
 [ 9.91928237e-19 -1.36354276e-12 -2.29891600e-13  5.02367916e-11
  -1.91426336e-10 -5.70278093e-16  9.22643825e-16  3.19946782e-05
  -2.10062828e-06 -1.38486474e-08  8.64847151e-10]
 [ 9.92574319e-19 -1.36792430e-12 -2.29696621e-13  5.00935035e-11
  -1.91247423e-10 -5.70947210e-16  9.21522320e-16  3.20748359e-05
  -2.09819927e-06 -1.38334926e-08  8.62539879e-10]
 [ 9.93601493e-19 -1.36752941e-12 -2.29765448e-13  5.02156188e-11
  -1.91539367e-10 -5.71613753e-16  9.20333311e-16  3.20506132e-05
  -2.10324291e-06 -1.38359709e-08  8.64345561e-10]
 [ 9.92774356e-19 -1.36633865e-12 -2.30089218e-13  5.01536954e-11
  -1.91542105e-10 -5.71484820e-16  9.20331256e-16  3.21204172e-05
  -2.09951104e-06 -1.38204769e-08  8.63696114e-10]
 [ 9.92698052e-19 -1.36713125e-12 -2.30066100e-13  5.00846981e-11
  -1.91407890e-10 -5.71260084e-16  9.20626623e-16  3.21061619e-05
  -2.10017371e-06 -1.38300425e-08  8.63208560e-10]
 [ 9.92610288e-19 -1.36641682e-12 -2.29425217e-13  5.02092085e-11
  -1.91584449e-10 -5.72078700e-16  9.19906451e-16  3.20772130e-05
  -2.10003102e-06 -1.38568056e-08  8.64396909e-10]
 [ 9.92654600e-19 -1.36523814e-12 -2.29463980e-13  5.01212872e-11
  -1.91753158e-10 -5.70775326e-16  9.19982555e-16  3.20321726e-05
  -2.10175218e-06 -1.38303957e-08  8.64014791e-10]]


sending vector for error: [ 9.91584588e-19 -1.36341478e-12 -2.29533486e-13  5.02404661e-11
 -1.91327065e-10 -5.70491250e-16  9.22807381e-16  3.20043810e-05
 -2.10173904e-06 -1.38472741e-08  8.65423756e-10]
received errors: 530916042822.81335    146633743910.4872

sending vector for error: [ 9.91928237e-19 -1.36354276e-12 -2.29891600e-13  5.02367916e-11
 -1.91426336e-10 -5.70278093e-16  9.22643825e-16  3.19946782e-05
 -2.10062828e-06 -1.38486474e-08  8.64847151e-10]
received errors: 529701946397.2339    143727926470.01328

sending vector for error: [ 9.92574319e-19 -1.36792430e-12 -2.29696621e-13  5.00935035e-11
 -1.91247423e-10 -5.70947210e-16  9.21522320e-16  3.20748359e-05
 -2.09819927e-06 -1.38334926e-08  8.62539879e-10]
received errors: 535140709257.9425    137972782400.63013

sending vector for error: [ 9.93601493e-19 -1.36752941e-12 -2.29765448e-13  5.02156188e-11
 -1.91539367e-10 -5.71613753e-16  9.20333311e-16  3.20506132e-05
 -2.10324291e-06 -1.38359709e-08  8.64345561e-10]
received errors: 539351039392.76807    133931725895.95346

sending vector for error: [ 9.92774356e-19 -1.36633865e-12 -2.30089218e-13  5.01536954e-11
 -1.91542105e-10 -5.71484820e-16  9.20331256e-16  3.21204172e-05
 -2.09951104e-06 -1.38204769e-08  8.63696114e-10]
received errors: 537988151188.5384    153465807315.19794

sending vector for error: [ 9.92698052e-19 -1.36713125e-12 -2.30066100e-13  5.00846981e-11
 -1.91407890e-10 -5.71260084e-16  9.20626623e-16  3.21061619e-05
 -2.10017371e-06 -1.38300425e-08  8.63208560e-10]
received errors: 538792925515.48645    140286021355.2031

sending vector for error: [ 9.92610288e-19 -1.36641682e-12 -2.29425217e-13  5.02092085e-11
 -1.91584449e-10 -5.72078700e-16  9.19906451e-16  3.20772130e-05
 -2.10003102e-06 -1.38568056e-08  8.64396909e-10]
received errors: 532663466457.8581    146047307414.34335

sending vector for error: [ 9.92654600e-19 -1.36523814e-12 -2.29463980e-13  5.01212872e-11
 -1.91753158e-10 -5.70775326e-16  9.19982555e-16  3.20321726e-05
 -2.10175218e-06 -1.38303957e-08  8.64014791e-10]
received errors: 536748087118.77893    136435754869.94446


CROSSOVER:


	parent1 = [ 9.93601493e-19 -1.36752941e-12 -2.29765448e-13  5.02156188e-11
 -1.91539367e-10 -5.71613753e-16  9.20333311e-16  3.20506132e-05
 -2.10324291e-06 -1.38359709e-08  8.64345561e-10]
	parent2 = [ 9.92574319e-19 -1.36792430e-12 -2.29696621e-13  5.00935035e-11
 -1.91247423e-10 -5.70947210e-16  9.21522320e-16  3.20748359e-05
 -2.09819927e-06 -1.38334926e-08  8.62539879e-10]
	cutoff index = 0
	child 1 = [ 9.92574319e-19 -1.36792430e-12 -2.29696621e-13  5.00935035e-11
 -1.91247423e-10 -5.70947210e-16  9.21522320e-16  3.20748359e-05
 -2.09819927e-06 -1.38334926e-08  8.62539879e-10]
	child 2 = [ 9.93601493e-19 -1.36752941e-12 -2.29765448e-13  5.02156188e-11
 -1.91539367e-10 -5.71613753e-16  9.20333311e-16  3.20506132e-05
 -2.10324291e-06 -1.38359709e-08  8.64345561e-10]


CROSSOVER:


	parent1 = [ 9.92654600e-19 -1.36523814e-12 -2.29463980e-13  5.01212872e-11
 -1.91753158e-10 -5.70775326e-16  9.19982555e-16  3.20321726e-05
 -2.10175218e-06 -1.38303957e-08  8.64014791e-10]
	parent2 = [ 9.92574319e-19 -1.36792430e-12 -2.29696621e-13  5.00935035e-11
 -1.91247423e-10 -5.70947210e-16  9.21522320e-16  3.20748359e-05
 -2.09819927e-06 -1.38334926e-08  8.62539879e-10]
	cutoff index = 0
	child 1 = [ 9.92574319e-19 -1.36792430e-12 -2.29696621e-13  5.00935035e-11
 -1.91247423e-10 -5.70947210e-16  9.21522320e-16  3.20748359e-05
 -2.09819927e-06 -1.38334926e-08  8.62539879e-10]
	child 2 = [ 9.92654600e-19 -1.36523814e-12 -2.29463980e-13  5.01212872e-11
 -1.91753158e-10 -5.70775326e-16  9.19982555e-16  3.20321726e-05
 -2.10175218e-06 -1.38303957e-08  8.64014791e-10]


CROSSOVER:


	parent1 = [ 9.92610288e-19 -1.36641682e-12 -2.29425217e-13  5.02092085e-11
 -1.91584449e-10 -5.72078700e-16  9.19906451e-16  3.20772130e-05
 -2.10003102e-06 -1.38568056e-08  8.64396909e-10]
	parent2 = [ 9.91928237e-19 -1.36354276e-12 -2.29891600e-13  5.02367916e-11
 -1.91426336e-10 -5.70278093e-16  9.22643825e-16  3.19946782e-05
 -2.10062828e-06 -1.38486474e-08  8.64847151e-10]
	cutoff index = 0
	child 1 = [ 9.91928237e-19 -1.36354276e-12 -2.29891600e-13  5.02367916e-11
 -1.91426336e-10 -5.70278093e-16  9.22643825e-16  3.19946782e-05
 -2.10062828e-06 -1.38486474e-08  8.64847151e-10]
	child 2 = [ 9.92610288e-19 -1.36641682e-12 -2.29425217e-13  5.02092085e-11
 -1.91584449e-10 -5.72078700e-16  9.19906451e-16  3.20772130e-05
 -2.10003102e-06 -1.38568056e-08  8.64396909e-10]


CROSSOVER:


	parent1 = [ 9.92610288e-19 -1.36641682e-12 -2.29425217e-13  5.02092085e-11
 -1.91584449e-10 -5.72078700e-16  9.19906451e-16  3.20772130e-05
 -2.10003102e-06 -1.38568056e-08  8.64396909e-10]
	parent2 = [ 9.92654600e-19 -1.36523814e-12 -2.29463980e-13  5.01212872e-11
 -1.91753158e-10 -5.70775326e-16  9.19982555e-16  3.20321726e-05
 -2.10175218e-06 -1.38303957e-08  8.64014791e-10]
	cutoff index = 0
	child 1 = [ 9.92654600e-19 -1.36523814e-12 -2.29463980e-13  5.01212872e-11
 -1.91753158e-10 -5.70775326e-16  9.19982555e-16  3.20321726e-05
 -2.10175218e-06 -1.38303957e-08  8.64014791e-10]
	child 2 = [ 9.92610288e-19 -1.36641682e-12 -2.29425217e-13  5.02092085e-11
 -1.91584449e-10 -5.72078700e-16  9.19906451e-16  3.20772130e-05
 -2.10003102e-06 -1.38568056e-08  8.64396909e-10]


MUTATION: 

RECEIVED FOR MUTATTION: [[ 9.92574319e-19 -1.36792430e-12 -2.29696621e-13  5.00935035e-11
  -1.91247423e-10 -5.70947210e-16  9.21522320e-16  3.20748359e-05
  -2.09819927e-06 -1.38334926e-08  8.62539879e-10]
 [ 9.93601493e-19 -1.36752941e-12 -2.29765448e-13  5.02156188e-11
  -1.91539367e-10 -5.71613753e-16  9.20333311e-16  3.20506132e-05
  -2.10324291e-06 -1.38359709e-08  8.64345561e-10]
 [ 9.92574319e-19 -1.36792430e-12 -2.29696621e-13  5.00935035e-11
  -1.91247423e-10 -5.70947210e-16  9.21522320e-16  3.20748359e-05
  -2.09819927e-06 -1.38334926e-08  8.62539879e-10]
 [ 9.92654600e-19 -1.36523814e-12 -2.29463980e-13  5.01212872e-11
  -1.91753158e-10 -5.70775326e-16  9.19982555e-16  3.20321726e-05
  -2.10175218e-06 -1.38303957e-08  8.64014791e-10]
 [ 9.91928237e-19 -1.36354276e-12 -2.29891600e-13  5.02367916e-11
  -1.91426336e-10 -5.70278093e-16  9.22643825e-16  3.19946782e-05
  -2.10062828e-06 -1.38486474e-08  8.64847151e-10]
 [ 9.92610288e-19 -1.36641682e-12 -2.29425217e-13  5.02092085e-11
  -1.91584449e-10 -5.72078700e-16  9.19906451e-16  3.20772130e-05
  -2.10003102e-06 -1.38568056e-08  8.64396909e-10]
 [ 9.92654600e-19 -1.36523814e-12 -2.29463980e-13  5.01212872e-11
  -1.91753158e-10 -5.70775326e-16  9.19982555e-16  3.20321726e-05
  -2.10175218e-06 -1.38303957e-08  8.64014791e-10]
 [ 9.92610288e-19 -1.36641682e-12 -2.29425217e-13  5.02092085e-11
  -1.91584449e-10 -5.72078700e-16  9.19906451e-16  3.20772130e-05
  -2.10003102e-06 -1.38568056e-08  8.64396909e-10]]

Mutated feature:[[ 9.92574319e-19 -1.36751295e-12 -2.29620352e-13  5.01206505e-11
  -1.91247423e-10 -5.70874533e-16  9.21126482e-16  3.20836749e-05
  -2.09819927e-06 -1.38251170e-08  8.63367192e-10]
 [ 9.92675475e-19 -1.36642673e-12 -2.29633022e-13  5.01762500e-11
  -1.91437590e-10 -5.72060293e-16  9.20263572e-16  3.20506132e-05
  -2.10511003e-06 -1.38236759e-08  8.64914546e-10]
 [ 9.92050019e-19 -1.36786579e-12 -2.29878666e-13  5.01057972e-11
  -1.91238934e-10 -5.70467740e-16  9.21522320e-16  3.20474938e-05
  -2.09819927e-06 -1.38320498e-08  8.62502215e-10]
 [ 9.92118568e-19 -1.36649841e-12 -2.29674857e-13  5.01395678e-11
  -1.91876187e-10 -5.71007033e-16  9.19079893e-16  3.20365341e-05
  -2.10161338e-06 -1.38374712e-08  8.64014791e-10]
 [ 9.91492566e-19 -1.36346784e-12 -2.30102924e-13  5.02045506e-11
  -1.91413093e-10 -5.70249054e-16  9.23440652e-16  3.19658324e-05
  -2.10232604e-06 -1.38568016e-08  8.64848091e-10]
 [ 9.92762584e-19 -1.36671391e-12 -2.29417851e-13  5.01866750e-11
  -1.91404050e-10 -5.72596953e-16  9.19906451e-16  3.20709127e-05
  -2.10114027e-06 -1.38495811e-08  8.64091097e-10]
 [ 9.93044700e-19 -1.36596026e-12 -2.29637471e-13  5.01212872e-11
  -1.91593688e-10 -5.71265193e-16  9.19982555e-16  3.20240517e-05
  -2.10173375e-06 -1.38413217e-08  8.63580165e-10]
 [ 9.92051786e-19 -1.36712028e-12 -2.29391155e-13  5.02384310e-11
  -1.91489308e-10 -5.71677382e-16  9.19359603e-16  3.20630987e-05
  -2.09982265e-06 -1.38636688e-08  8.64282626e-10]]


sending vector for error: [ 9.92574319e-19 -1.36751295e-12 -2.29620352e-13  5.01206505e-11
 -1.91247423e-10 -5.70874533e-16  9.21126482e-16  3.20836749e-05
 -2.09819927e-06 -1.38251170e-08  8.63367192e-10]
received errors: 534307543189.3449    151146597634.14288

sending vector for error: [ 9.92675475e-19 -1.36642673e-12 -2.29633022e-13  5.01762500e-11
 -1.91437590e-10 -5.72060293e-16  9.20263572e-16  3.20506132e-05
 -2.10511003e-06 -1.38236759e-08  8.64914546e-10]
received errors: 542240161771.9354    134850173895.70987

sending vector for error: [ 9.92050019e-19 -1.36786579e-12 -2.29878666e-13  5.01057972e-11
 -1.91238934e-10 -5.70467740e-16  9.21522320e-16  3.20474938e-05
 -2.09819927e-06 -1.38320498e-08  8.62502215e-10]
received errors: 534242285331.61115    135738542493.22083

sending vector for error: [ 9.92118568e-19 -1.36649841e-12 -2.29674857e-13  5.01395678e-11
 -1.91876187e-10 -5.71007033e-16  9.19079893e-16  3.20365341e-05
 -2.10161338e-06 -1.38374712e-08  8.64014791e-10]
received errors: 536245688966.5963    135780654479.84482

sending vector for error: [ 9.91492566e-19 -1.36346784e-12 -2.30102924e-13  5.02045506e-11
 -1.91413093e-10 -5.70249054e-16  9.23440652e-16  3.19658324e-05
 -2.10232604e-06 -1.38568016e-08  8.64848091e-10]
received errors: 531708649388.653    132632800351.89555

sending vector for error: [ 9.92762584e-19 -1.36671391e-12 -2.29417851e-13  5.01866750e-11
 -1.91404050e-10 -5.72596953e-16  9.19906451e-16  3.20709127e-05
 -2.10114027e-06 -1.38495811e-08  8.64091097e-10]
received errors: 535658316244.4583    138289296380.03986

sending vector for error: [ 9.93044700e-19 -1.36596026e-12 -2.29637471e-13  5.01212872e-11
 -1.91593688e-10 -5.71265193e-16  9.19982555e-16  3.20240517e-05
 -2.10173375e-06 -1.38413217e-08  8.63580165e-10]
received errors: 537336957180.6279    129143576851.35722

sending vector for error: [ 9.92051786e-19 -1.36712028e-12 -2.29391155e-13  5.02384310e-11
 -1.91489308e-10 -5.71677382e-16  9.19359603e-16  3.20630987e-05
 -2.09982265e-06 -1.38636688e-08  8.64282626e-10]
received errors: 531485812977.2269    142809896276.0727


CROSSOVER:


	parent1 = [ 9.92118568e-19 -1.36649841e-12 -2.29674857e-13  5.01395678e-11
 -1.91876187e-10 -5.71007033e-16  9.19079893e-16  3.20365341e-05
 -2.10161338e-06 -1.38374712e-08  8.64014791e-10]
	parent2 = [ 9.92050019e-19 -1.36786579e-12 -2.29878666e-13  5.01057972e-11
 -1.91238934e-10 -5.70467740e-16  9.21522320e-16  3.20474938e-05
 -2.09819927e-06 -1.38320498e-08  8.62502215e-10]
	cutoff index = 1
	child 1 = [ 9.92118568e-19 -1.36786579e-12 -2.29878666e-13  5.01057972e-11
 -1.91238934e-10 -5.70467740e-16  9.21522320e-16  3.20474938e-05
 -2.09819927e-06 -1.38320498e-08  8.62502215e-10]
	child 2 = [ 9.92118568e-19 -1.36649841e-12 -2.29674857e-13  5.01395678e-11
 -1.91876187e-10 -5.71007033e-16  9.19079893e-16  3.20365341e-05
 -2.10161338e-06 -1.38374712e-08  8.64014791e-10]


CROSSOVER:


	parent1 = [ 9.91492566e-19 -1.36346784e-12 -2.30102924e-13  5.02045506e-11
 -1.91413093e-10 -5.70249054e-16  9.23440652e-16  3.19658324e-05
 -2.10232604e-06 -1.38568016e-08  8.64848091e-10]
	parent2 = [ 9.93044700e-19 -1.36596026e-12 -2.29637471e-13  5.01212872e-11
 -1.91593688e-10 -5.71265193e-16  9.19982555e-16  3.20240517e-05
 -2.10173375e-06 -1.38413217e-08  8.63580165e-10]
	cutoff index = 3
	child 1 = [ 9.91492566e-19 -1.36346784e-12 -2.30102924e-13  5.01212872e-11
 -1.91593688e-10 -5.71265193e-16  9.19982555e-16  3.20240517e-05
 -2.10173375e-06 -1.38413217e-08  8.63580165e-10]
	child 2 = [ 9.91492566e-19 -1.36346784e-12 -2.30102924e-13  5.02045506e-11
 -1.91413093e-10 -5.70249054e-16  9.23440652e-16  3.19658324e-05
 -2.10232604e-06 -1.38568016e-08  8.64848091e-10]


CROSSOVER:


	parent1 = [ 9.91492566e-19 -1.36346784e-12 -2.30102924e-13  5.01212872e-11
 -1.91593688e-10 -5.71265193e-16  9.19982555e-16  3.20240517e-05
 -2.10173375e-06 -1.38413217e-08  8.63580165e-10]
	parent2 = [ 9.91492566e-19 -1.36346784e-12 -2.30102924e-13  5.02045506e-11
 -1.91413093e-10 -5.70249054e-16  9.23440652e-16  3.19658324e-05
 -2.10232604e-06 -1.38568016e-08  8.64848091e-10]
	cutoff index = 1
	child 1 = [ 9.91492566e-19 -1.36346784e-12 -2.30102924e-13  5.02045506e-11
 -1.91413093e-10 -5.70249054e-16  9.23440652e-16  3.19658324e-05
 -2.10232604e-06 -1.38568016e-08  8.64848091e-10]
	child 2 = [ 9.91492566e-19 -1.36346784e-12 -2.30102924e-13  5.01212872e-11
 -1.91593688e-10 -5.71265193e-16  9.19982555e-16  3.20240517e-05
 -2.10173375e-06 -1.38413217e-08  8.63580165e-10]


CROSSOVER:


	parent1 = [ 9.92118568e-19 -1.36649841e-12 -2.29674857e-13  5.01395678e-11
 -1.91876187e-10 -5.71007033e-16  9.19079893e-16  3.20365341e-05
 -2.10161338e-06 -1.38374712e-08  8.64014791e-10]
	parent2 = [ 9.92051786e-19 -1.36712028e-12 -2.29391155e-13  5.02384310e-11
 -1.91489308e-10 -5.71677382e-16  9.19359603e-16  3.20630987e-05
 -2.09982265e-06 -1.38636688e-08  8.64282626e-10]
	cutoff index = 7
	child 1 = [ 9.92118568e-19 -1.36649841e-12 -2.29674857e-13  5.01395678e-11
 -1.91876187e-10 -5.71007033e-16  9.19079893e-16  3.20630987e-05
 -2.09982265e-06 -1.38636688e-08  8.64282626e-10]
	child 2 = [ 9.92118568e-19 -1.36649841e-12 -2.29674857e-13  5.01395678e-11
 -1.91876187e-10 -5.71007033e-16  9.19079893e-16  3.20365341e-05
 -2.10161338e-06 -1.38374712e-08  8.64014791e-10]


MUTATION: 

RECEIVED FOR MUTATTION: [[ 9.92118568e-19 -1.36786579e-12 -2.29878666e-13  5.01057972e-11
  -1.91238934e-10 -5.70467740e-16  9.21522320e-16  3.20474938e-05
  -2.09819927e-06 -1.38320498e-08  8.62502215e-10]
 [ 9.92118568e-19 -1.36649841e-12 -2.29674857e-13  5.01395678e-11
  -1.91876187e-10 -5.71007033e-16  9.19079893e-16  3.20365341e-05
  -2.10161338e-06 -1.38374712e-08  8.64014791e-10]
 [ 9.91492566e-19 -1.36346784e-12 -2.30102924e-13  5.01212872e-11
  -1.91593688e-10 -5.71265193e-16  9.19982555e-16  3.20240517e-05
  -2.10173375e-06 -1.38413217e-08  8.63580165e-10]
 [ 9.91492566e-19 -1.36346784e-12 -2.30102924e-13  5.02045506e-11
  -1.91413093e-10 -5.70249054e-16  9.23440652e-16  3.19658324e-05
  -2.10232604e-06 -1.38568016e-08  8.64848091e-10]
 [ 9.91492566e-19 -1.36346784e-12 -2.30102924e-13  5.02045506e-11
  -1.91413093e-10 -5.70249054e-16  9.23440652e-16  3.19658324e-05
  -2.10232604e-06 -1.38568016e-08  8.64848091e-10]
 [ 9.91492566e-19 -1.36346784e-12 -2.30102924e-13  5.01212872e-11
  -1.91593688e-10 -5.71265193e-16  9.19982555e-16  3.20240517e-05
  -2.10173375e-06 -1.38413217e-08  8.63580165e-10]
 [ 9.92118568e-19 -1.36649841e-12 -2.29674857e-13  5.01395678e-11
  -1.91876187e-10 -5.71007033e-16  9.19079893e-16  3.20630987e-05
  -2.09982265e-06 -1.38636688e-08  8.64282626e-10]
 [ 9.92118568e-19 -1.36649841e-12 -2.29674857e-13  5.01395678e-11
  -1.91876187e-10 -5.71007033e-16  9.19079893e-16  3.20365341e-05
  -2.10161338e-06 -1.38374712e-08  8.64014791e-10]]

Mutated feature:[[ 9.91466838e-19 -1.36707693e-12 -2.29910567e-13  5.00620158e-11
  -1.91073740e-10 -5.70608174e-16  9.21732158e-16  3.20439289e-05
  -2.09802005e-06 -1.38195671e-08  8.63286690e-10]
 [ 9.92002504e-19 -1.36645392e-12 -2.29513891e-13  5.01814188e-11
  -1.91995715e-10 -5.71104168e-16  9.19696234e-16  3.20463620e-05
  -2.10325517e-06 -1.38302339e-08  8.63898952e-10]
 [ 9.91099575e-19 -1.36346784e-12 -2.30219810e-13  5.00861294e-11
  -1.91768459e-10 -5.70978841e-16  9.19648125e-16  3.20067318e-05
  -2.09971634e-06 -1.38476172e-08  8.63671352e-10]
 [ 9.91352647e-19 -1.36214642e-12 -2.29994077e-13  5.02380801e-11
  -1.91340054e-10 -5.69984106e-16  9.22905733e-16  3.19895492e-05
  -2.10417885e-06 -1.38650987e-08  8.65675768e-10]
 [ 9.91450757e-19 -1.36257671e-12 -2.30053115e-13  5.01757845e-11
  -1.91503035e-10 -5.70249054e-16  9.24166125e-16  3.19965025e-05
  -2.10287627e-06 -1.38568016e-08  8.64852819e-10]
 [ 9.90655244e-19 -1.36467496e-12 -2.30102924e-13  5.01055191e-11
  -1.91536096e-10 -5.71635435e-16  9.20438564e-16  3.20423022e-05
  -2.10127382e-06 -1.38413217e-08  8.63580165e-10]
 [ 9.92179461e-19 -1.36649841e-12 -2.29705780e-13  5.01666401e-11
  -1.91858663e-10 -5.70508442e-16  9.19891853e-16  3.20401572e-05
  -2.09876860e-06 -1.38718521e-08  8.64327186e-10]
 [ 9.91889500e-19 -1.36771072e-12 -2.29644877e-13  5.01395678e-11
  -1.91947762e-10 -5.71492864e-16  9.19206303e-16  3.20280894e-05
  -2.10339507e-06 -1.38374712e-08  8.64646058e-10]]


sending vector for error: [ 9.91466838e-19 -1.36707693e-12 -2.29910567e-13  5.00620158e-11
 -1.91073740e-10 -5.70608174e-16  9.21732158e-16  3.20439289e-05
 -2.09802005e-06 -1.38195671e-08  8.63286690e-10]
received errors: 532650034291.0265    148575067829.5213

sending vector for error: [ 9.92002504e-19 -1.36645392e-12 -2.29513891e-13  5.01814188e-11
 -1.91995715e-10 -5.71104168e-16  9.19696234e-16  3.20463620e-05
 -2.10325517e-06 -1.38302339e-08  8.63898952e-10]
received errors: 541018538636.7909    130362082302.28198

sending vector for error: [ 9.91099575e-19 -1.36346784e-12 -2.30219810e-13  5.00861294e-11
 -1.91768459e-10 -5.70978841e-16  9.19648125e-16  3.20067318e-05
 -2.09971634e-06 -1.38476172e-08  8.63671352e-10]
received errors: 531564433888.48663    135403470696.22433

sending vector for error: [ 9.91352647e-19 -1.36214642e-12 -2.29994077e-13  5.02380801e-11
 -1.91340054e-10 -5.69984106e-16  9.22905733e-16  3.19895492e-05
 -2.10417885e-06 -1.38650987e-08  8.65675768e-10]
received errors: 533653398309.9538    134062486714.8628

sending vector for error: [ 9.91450757e-19 -1.36257671e-12 -2.30053115e-13  5.01757845e-11
 -1.91503035e-10 -5.70249054e-16  9.24166125e-16  3.19965025e-05
 -2.10287627e-06 -1.38568016e-08  8.64852819e-10]
received errors: 534031060055.5716    132792267292.66145

sending vector for error: [ 9.90655244e-19 -1.36467496e-12 -2.30102924e-13  5.01055191e-11
 -1.91536096e-10 -5.71635435e-16  9.20438564e-16  3.20423022e-05
 -2.10127382e-06 -1.38413217e-08  8.63580165e-10]
received errors: 536874808445.9398    132044860391.64908

sending vector for error: [ 9.92179461e-19 -1.36649841e-12 -2.29705780e-13  5.01666401e-11
 -1.91858663e-10 -5.70508442e-16  9.19891853e-16  3.20401572e-05
 -2.09876860e-06 -1.38718521e-08  8.64327186e-10]
received errors: 527987656376.6663    144633962900.22668

sending vector for error: [ 9.91889500e-19 -1.36771072e-12 -2.29644877e-13  5.01395678e-11
 -1.91947762e-10 -5.71492864e-16  9.19206303e-16  3.20280894e-05
 -2.10339507e-06 -1.38374712e-08  8.64646058e-10]
received errors: 537825682660.2292    134491919929.97806


CROSSOVER:


	parent1 = [ 9.91099575e-19 -1.36346784e-12 -2.30219810e-13  5.00861294e-11
 -1.91768459e-10 -5.70978841e-16  9.19648125e-16  3.20067318e-05
 -2.09971634e-06 -1.38476172e-08  8.63671352e-10]
	parent2 = [ 9.91450757e-19 -1.36257671e-12 -2.30053115e-13  5.01757845e-11
 -1.91503035e-10 -5.70249054e-16  9.24166125e-16  3.19965025e-05
 -2.10287627e-06 -1.38568016e-08  8.64852819e-10]
	cutoff index = 2
	child 1 = [ 9.91099575e-19 -1.36346784e-12 -2.30053115e-13  5.01757845e-11
 -1.91503035e-10 -5.70249054e-16  9.24166125e-16  3.19965025e-05
 -2.10287627e-06 -1.38568016e-08  8.64852819e-10]
	child 2 = [ 9.91099575e-19 -1.36346784e-12 -2.30219810e-13  5.00861294e-11
 -1.91768459e-10 -5.70978841e-16  9.19648125e-16  3.20067318e-05
 -2.09971634e-06 -1.38476172e-08  8.63671352e-10]


CROSSOVER:


	parent1 = [ 9.91099575e-19 -1.36346784e-12 -2.30219810e-13  5.00861294e-11
 -1.91768459e-10 -5.70978841e-16  9.19648125e-16  3.20067318e-05
 -2.09971634e-06 -1.38476172e-08  8.63671352e-10]
	parent2 = [ 9.92179461e-19 -1.36649841e-12 -2.29705780e-13  5.01666401e-11
 -1.91858663e-10 -5.70508442e-16  9.19891853e-16  3.20401572e-05
 -2.09876860e-06 -1.38718521e-08  8.64327186e-10]
	cutoff index = 9
	child 1 = [ 9.91099575e-19 -1.36346784e-12 -2.30219810e-13  5.00861294e-11
 -1.91768459e-10 -5.70978841e-16  9.19648125e-16  3.20067318e-05
 -2.09971634e-06 -1.38718521e-08  8.64327186e-10]
	child 2 = [ 9.91099575e-19 -1.36346784e-12 -2.30219810e-13  5.00861294e-11
 -1.91768459e-10 -5.70978841e-16  9.19648125e-16  3.20067318e-05
 -2.09971634e-06 -1.38476172e-08  8.63671352e-10]


CROSSOVER:


	parent1 = [ 9.91099575e-19 -1.36346784e-12 -2.30219810e-13  5.00861294e-11
 -1.91768459e-10 -5.70978841e-16  9.19648125e-16  3.20067318e-05
 -2.09971634e-06 -1.38476172e-08  8.63671352e-10]
	parent2 = [ 9.91099575e-19 -1.36346784e-12 -2.30053115e-13  5.01757845e-11
 -1.91503035e-10 -5.70249054e-16  9.24166125e-16  3.19965025e-05
 -2.10287627e-06 -1.38568016e-08  8.64852819e-10]
	cutoff index = 0
	child 1 = [ 9.91099575e-19 -1.36346784e-12 -2.30053115e-13  5.01757845e-11
 -1.91503035e-10 -5.70249054e-16  9.24166125e-16  3.19965025e-05
 -2.10287627e-06 -1.38568016e-08  8.64852819e-10]
	child 2 = [ 9.91099575e-19 -1.36346784e-12 -2.30219810e-13  5.00861294e-11
 -1.91768459e-10 -5.70978841e-16  9.19648125e-16  3.20067318e-05
 -2.09971634e-06 -1.38476172e-08  8.63671352e-10]


CROSSOVER:


	parent1 = [ 9.91099575e-19 -1.36346784e-12 -2.30053115e-13  5.01757845e-11
 -1.91503035e-10 -5.70249054e-16  9.24166125e-16  3.19965025e-05
 -2.10287627e-06 -1.38568016e-08  8.64852819e-10]
	parent2 = [ 9.90655244e-19 -1.36467496e-12 -2.30102924e-13  5.01055191e-11
 -1.91536096e-10 -5.71635435e-16  9.20438564e-16  3.20423022e-05
 -2.10127382e-06 -1.38413217e-08  8.63580165e-10]
	cutoff index = 9
	child 1 = [ 9.91099575e-19 -1.36346784e-12 -2.30053115e-13  5.01757845e-11
 -1.91503035e-10 -5.70249054e-16  9.24166125e-16  3.19965025e-05
 -2.10287627e-06 -1.38413217e-08  8.63580165e-10]
	child 2 = [ 9.91099575e-19 -1.36346784e-12 -2.30053115e-13  5.01757845e-11
 -1.91503035e-10 -5.70249054e-16  9.24166125e-16  3.19965025e-05
 -2.10287627e-06 -1.38568016e-08  8.64852819e-10]


MUTATION: 

RECEIVED FOR MUTATTION: [[ 9.91099575e-19 -1.36346784e-12 -2.30053115e-13  5.01757845e-11
  -1.91503035e-10 -5.70249054e-16  9.24166125e-16  3.19965025e-05
  -2.10287627e-06 -1.38568016e-08  8.64852819e-10]
 [ 9.91099575e-19 -1.36346784e-12 -2.30219810e-13  5.00861294e-11
  -1.91768459e-10 -5.70978841e-16  9.19648125e-16  3.20067318e-05
  -2.09971634e-06 -1.38476172e-08  8.63671352e-10]
 [ 9.91099575e-19 -1.36346784e-12 -2.30219810e-13  5.00861294e-11
  -1.91768459e-10 -5.70978841e-16  9.19648125e-16  3.20067318e-05
  -2.09971634e-06 -1.38718521e-08  8.64327186e-10]
 [ 9.91099575e-19 -1.36346784e-12 -2.30219810e-13  5.00861294e-11
  -1.91768459e-10 -5.70978841e-16  9.19648125e-16  3.20067318e-05
  -2.09971634e-06 -1.38476172e-08  8.63671352e-10]
 [ 9.91099575e-19 -1.36346784e-12 -2.30053115e-13  5.01757845e-11
  -1.91503035e-10 -5.70249054e-16  9.24166125e-16  3.19965025e-05
  -2.10287627e-06 -1.38568016e-08  8.64852819e-10]
 [ 9.91099575e-19 -1.36346784e-12 -2.30219810e-13  5.00861294e-11
  -1.91768459e-10 -5.70978841e-16  9.19648125e-16  3.20067318e-05
  -2.09971634e-06 -1.38476172e-08  8.63671352e-10]
 [ 9.91099575e-19 -1.36346784e-12 -2.30053115e-13  5.01757845e-11
  -1.91503035e-10 -5.70249054e-16  9.24166125e-16  3.19965025e-05
  -2.10287627e-06 -1.38413217e-08  8.63580165e-10]
 [ 9.91099575e-19 -1.36346784e-12 -2.30053115e-13  5.01757845e-11
  -1.91503035e-10 -5.70249054e-16  9.24166125e-16  3.19965025e-05
  -2.10287627e-06 -1.38568016e-08  8.64852819e-10]]

Mutated feature:[[ 9.91873735e-19 -1.36291670e-12 -2.29869720e-13  5.01620567e-11
  -1.91373892e-10 -5.70246354e-16  9.24022969e-16  3.19965025e-05
  -2.10287627e-06 -1.38686021e-08  8.64038110e-10]
 [ 9.91023315e-19 -1.36332045e-12 -2.30124386e-13  5.01184239e-11
  -1.91941422e-10 -5.71239478e-16  9.20004444e-16  3.20317113e-05
  -2.09979362e-06 -1.38544578e-08  8.64222834e-10]
 [ 9.92056281e-19 -1.36214749e-12 -2.30190568e-13  5.01342946e-11
  -1.91763070e-10 -5.71132334e-16  9.19545513e-16  3.20151198e-05
  -2.09936398e-06 -1.38624405e-08  8.65157248e-10]
 [ 9.91810888e-19 -1.36238100e-12 -2.30258958e-13  5.01077383e-11
  -1.91857655e-10 -5.71049650e-16  9.20035228e-16  3.20067318e-05
  -2.09865059e-06 -1.38556932e-08  8.63555121e-10]
 [ 9.92001412e-19 -1.36319445e-12 -2.29875218e-13  5.02133240e-11
  -1.91567980e-10 -5.70747442e-16  9.23293328e-16  3.20224955e-05
  -2.10239144e-06 -1.38434142e-08  8.64852819e-10]
 [ 9.91080979e-19 -1.36258926e-12 -2.30219810e-13  5.01296935e-11
  -1.91733971e-10 -5.70455762e-16  9.20073307e-16  3.20113518e-05
  -2.09971634e-06 -1.38590105e-08  8.64263636e-10]
 [ 9.90152816e-19 -1.36360499e-12 -2.29994288e-13  5.02234999e-11
  -1.91321912e-10 -5.69825260e-16  9.23953579e-16  3.19965025e-05
  -2.10462436e-06 -1.38386998e-08  8.64331674e-10]
 [ 9.90904680e-19 -1.36451630e-12 -2.30043175e-13  5.02219278e-11
  -1.91381599e-10 -5.70441237e-16  9.24166125e-16  3.20042408e-05
  -2.10243068e-06 -1.38661138e-08  8.65534999e-10]]


sending vector for error: [ 9.91873735e-19 -1.36291670e-12 -2.29869720e-13  5.01620567e-11
 -1.91373892e-10 -5.70246354e-16  9.24022969e-16  3.19965025e-05
 -2.10287627e-06 -1.38686021e-08  8.64038110e-10]
received errors: 536804831885.2119    123323267988.33035

sending vector for error: [ 9.91023315e-19 -1.36332045e-12 -2.30124386e-13  5.01184239e-11
 -1.91941422e-10 -5.71239478e-16  9.20004444e-16  3.20317113e-05
 -2.09979362e-06 -1.38544578e-08  8.64222834e-10]
received errors: 530818206596.11536    141753838838.9239

sending vector for error: [ 9.92056281e-19 -1.36214749e-12 -2.30190568e-13  5.01342946e-11
 -1.91763070e-10 -5.71132334e-16  9.19545513e-16  3.20151198e-05
 -2.09936398e-06 -1.38624405e-08  8.65157248e-10]
received errors: 526782592057.0964    151989354466.67798

sending vector for error: [ 9.91810888e-19 -1.36238100e-12 -2.30258958e-13  5.01077383e-11
 -1.91857655e-10 -5.71049650e-16  9.20035228e-16  3.20067318e-05
 -2.09865059e-06 -1.38556932e-08  8.63555121e-10]
received errors: 529241016179.8657    136827906623.48975

sending vector for error: [ 9.92001412e-19 -1.36319445e-12 -2.29875218e-13  5.02133240e-11
 -1.91567980e-10 -5.70747442e-16  9.23293328e-16  3.20224955e-05
 -2.10239144e-06 -1.38434142e-08  8.64852819e-10]
received errors: 534587537152.62634    139377795309.32843

sending vector for error: [ 9.91080979e-19 -1.36258926e-12 -2.30219810e-13  5.01296935e-11
 -1.91733971e-10 -5.70455762e-16  9.20073307e-16  3.20113518e-05
 -2.09971634e-06 -1.38590105e-08  8.64263636e-10]
received errors: 529489045306.1056    140022725452.39862

sending vector for error: [ 9.90152816e-19 -1.36360499e-12 -2.29994288e-13  5.02234999e-11
 -1.91321912e-10 -5.69825260e-16  9.23953579e-16  3.19965025e-05
 -2.10462436e-06 -1.38386998e-08  8.64331674e-10]
received errors: 540983774616.83124    125343950137.7548

sending vector for error: [ 9.90904680e-19 -1.36451630e-12 -2.30043175e-13  5.02219278e-11
 -1.91381599e-10 -5.70441237e-16  9.24166125e-16  3.20042408e-05
 -2.10243068e-06 -1.38661138e-08  8.65534999e-10]
received errors: 530802748329.92883    140436525804.96347


CROSSOVER:


	parent1 = [ 9.91873735e-19 -1.36291670e-12 -2.29869720e-13  5.01620567e-11
 -1.91373892e-10 -5.70246354e-16  9.24022969e-16  3.19965025e-05
 -2.10287627e-06 -1.38686021e-08  8.64038110e-10]
	parent2 = [ 9.91810888e-19 -1.36238100e-12 -2.30258958e-13  5.01077383e-11
 -1.91857655e-10 -5.71049650e-16  9.20035228e-16  3.20067318e-05
 -2.09865059e-06 -1.38556932e-08  8.63555121e-10]
	cutoff index = 0
	child 1 = [ 9.91810888e-19 -1.36238100e-12 -2.30258958e-13  5.01077383e-11
 -1.91857655e-10 -5.71049650e-16  9.20035228e-16  3.20067318e-05
 -2.09865059e-06 -1.38556932e-08  8.63555121e-10]
	child 2 = [ 9.91873735e-19 -1.36291670e-12 -2.29869720e-13  5.01620567e-11
 -1.91373892e-10 -5.70246354e-16  9.24022969e-16  3.19965025e-05
 -2.10287627e-06 -1.38686021e-08  8.64038110e-10]


CROSSOVER:


	parent1 = [ 9.90152816e-19 -1.36360499e-12 -2.29994288e-13  5.02234999e-11
 -1.91321912e-10 -5.69825260e-16  9.23953579e-16  3.19965025e-05
 -2.10462436e-06 -1.38386998e-08  8.64331674e-10]
	parent2 = [ 9.91810888e-19 -1.36238100e-12 -2.30258958e-13  5.01077383e-11
 -1.91857655e-10 -5.71049650e-16  9.20035228e-16  3.20067318e-05
 -2.09865059e-06 -1.38556932e-08  8.63555121e-10]
	cutoff index = 7
	child 1 = [ 9.90152816e-19 -1.36360499e-12 -2.29994288e-13  5.02234999e-11
 -1.91321912e-10 -5.69825260e-16  9.23953579e-16  3.20067318e-05
 -2.09865059e-06 -1.38556932e-08  8.63555121e-10]
	child 2 = [ 9.90152816e-19 -1.36360499e-12 -2.29994288e-13  5.02234999e-11
 -1.91321912e-10 -5.69825260e-16  9.23953579e-16  3.19965025e-05
 -2.10462436e-06 -1.38386998e-08  8.64331674e-10]


CROSSOVER:


	parent1 = [ 9.90152816e-19 -1.36360499e-12 -2.29994288e-13  5.02234999e-11
 -1.91321912e-10 -5.69825260e-16  9.23953579e-16  3.20067318e-05
 -2.09865059e-06 -1.38556932e-08  8.63555121e-10]
	parent2 = [ 9.90152816e-19 -1.36360499e-12 -2.29994288e-13  5.02234999e-11
 -1.91321912e-10 -5.69825260e-16  9.23953579e-16  3.20067318e-05
 -2.09865059e-06 -1.38556932e-08  8.63555121e-10]
	cutoff index = 10
	child 1 = [ 9.90152816e-19 -1.36360499e-12 -2.29994288e-13  5.02234999e-11
 -1.91321912e-10 -5.69825260e-16  9.23953579e-16  3.20067318e-05
 -2.09865059e-06 -1.38556932e-08  8.63555121e-10]
	child 2 = [ 9.90152816e-19 -1.36360499e-12 -2.29994288e-13  5.02234999e-11
 -1.91321912e-10 -5.69825260e-16  9.23953579e-16  3.20067318e-05
 -2.09865059e-06 -1.38556932e-08  8.63555121e-10]


CROSSOVER:


	parent1 = [ 9.91873735e-19 -1.36291670e-12 -2.29869720e-13  5.01620567e-11
 -1.91373892e-10 -5.70246354e-16  9.24022969e-16  3.19965025e-05
 -2.10287627e-06 -1.38686021e-08  8.64038110e-10]
	parent2 = [ 9.92056281e-19 -1.36214749e-12 -2.30190568e-13  5.01342946e-11
 -1.91763070e-10 -5.71132334e-16  9.19545513e-16  3.20151198e-05
 -2.09936398e-06 -1.38624405e-08  8.65157248e-10]
	cutoff index = 3
	child 1 = [ 9.91873735e-19 -1.36291670e-12 -2.29869720e-13  5.01342946e-11
 -1.91763070e-10 -5.71132334e-16  9.19545513e-16  3.20151198e-05
 -2.09936398e-06 -1.38624405e-08  8.65157248e-10]
	child 2 = [ 9.91873735e-19 -1.36291670e-12 -2.29869720e-13  5.01620567e-11
 -1.91373892e-10 -5.70246354e-16  9.24022969e-16  3.19965025e-05
 -2.10287627e-06 -1.38686021e-08  8.64038110e-10]


MUTATION: 

RECEIVED FOR MUTATTION: [[ 9.90152816e-19 -1.36360499e-12 -2.29994288e-13  5.02234999e-11
  -1.91321912e-10 -5.69825260e-16  9.23953579e-16  3.20067318e-05
  -2.09865059e-06 -1.38556932e-08  8.63555121e-10]
 [ 9.91873735e-19 -1.36291670e-12 -2.29869720e-13  5.01620567e-11
  -1.91373892e-10 -5.70246354e-16  9.24022969e-16  3.19965025e-05
  -2.10287627e-06 -1.38686021e-08  8.64038110e-10]
 [ 9.90152816e-19 -1.36360499e-12 -2.29994288e-13  5.02234999e-11
  -1.91321912e-10 -5.69825260e-16  9.23953579e-16  3.20067318e-05
  -2.09865059e-06 -1.38556932e-08  8.63555121e-10]
 [ 9.90152816e-19 -1.36360499e-12 -2.29994288e-13  5.02234999e-11
  -1.91321912e-10 -5.69825260e-16  9.23953579e-16  3.19965025e-05
  -2.10462436e-06 -1.38386998e-08  8.64331674e-10]
 [ 9.90152816e-19 -1.36360499e-12 -2.29994288e-13  5.02234999e-11
  -1.91321912e-10 -5.69825260e-16  9.23953579e-16  3.20067318e-05
  -2.09865059e-06 -1.38556932e-08  8.63555121e-10]
 [ 9.90152816e-19 -1.36360499e-12 -2.29994288e-13  5.02234999e-11
  -1.91321912e-10 -5.69825260e-16  9.23953579e-16  3.20067318e-05
  -2.09865059e-06 -1.38556932e-08  8.63555121e-10]
 [ 9.91873735e-19 -1.36291670e-12 -2.29869720e-13  5.01342946e-11
  -1.91763070e-10 -5.71132334e-16  9.19545513e-16  3.20151198e-05
  -2.09936398e-06 -1.38624405e-08  8.65157248e-10]
 [ 9.91873735e-19 -1.36291670e-12 -2.29869720e-13  5.01620567e-11
  -1.91373892e-10 -5.70246354e-16  9.24022969e-16  3.19965025e-05
  -2.10287627e-06 -1.38686021e-08  8.64038110e-10]]

Mutated feature:[[ 9.90564253e-19 -1.36243549e-12 -2.30041218e-13  5.02623455e-11
  -1.91431421e-10 -5.69602914e-16  9.24726100e-16  3.19801257e-05
  -2.09980893e-06 -1.38557554e-08  8.63355170e-10]
 [ 9.92022822e-19 -1.36420271e-12 -2.30063645e-13  5.01119280e-11
  -1.91213297e-10 -5.70691024e-16  9.24022969e-16  3.19813489e-05
  -2.10388954e-06 -1.38571692e-08  8.64260233e-10]
 [ 9.91112245e-19 -1.36263892e-12 -2.30071019e-13  5.02019367e-11
  -1.91459805e-10 -5.69553866e-16  9.23267562e-16  3.19811075e-05
  -2.09813487e-06 -1.38539150e-08  8.63662828e-10]
 [ 9.90958192e-19 -1.36226055e-12 -2.30130683e-13  5.02384199e-11
  -1.91271656e-10 -5.69946292e-16  9.24720054e-16  3.19884708e-05
  -2.10347409e-06 -1.38361480e-08  8.63581094e-10]
 [ 9.90027007e-19 -1.36278752e-12 -2.30147276e-13  5.02390792e-11
  -1.91499213e-10 -5.70060358e-16  9.23224133e-16  3.19763511e-05
  -2.09858173e-06 -1.38530938e-08  8.63516089e-10]
 [ 9.91047934e-19 -1.36317666e-12 -2.29801825e-13  5.02245165e-11
  -1.91477966e-10 -5.70178949e-16  9.24665541e-16  3.20360917e-05
  -2.09796679e-06 -1.38523932e-08  8.64373023e-10]
 [ 9.91138272e-19 -1.36271254e-12 -2.29940582e-13  5.01656728e-11
  -1.91640370e-10 -5.71132334e-16  9.20184120e-16  3.20268474e-05
  -2.10064196e-06 -1.38628587e-08  8.65157248e-10]
 [ 9.92544511e-19 -1.36407683e-12 -2.29869720e-13  5.01408559e-11
  -1.91404522e-10 -5.70246354e-16  9.24384552e-16  3.19965380e-05
  -2.10098350e-06 -1.38741085e-08  8.63283624e-10]]


sending vector for error: [ 9.90564253e-19 -1.36243549e-12 -2.30041218e-13  5.02623455e-11
 -1.91431421e-10 -5.69602914e-16  9.24726100e-16  3.19801257e-05
 -2.09980893e-06 -1.38557554e-08  8.63355170e-10]
received errors: 531605903406.15234    128698226650.92212

sending vector for error: [ 9.92022822e-19 -1.36420271e-12 -2.30063645e-13  5.01119280e-11
 -1.91213297e-10 -5.70691024e-16  9.24022969e-16  3.19813489e-05
 -2.10388954e-06 -1.38571692e-08  8.64260233e-10]
received errors: 538435369199.13    122982294137.70052

sending vector for error: [ 9.91112245e-19 -1.36263892e-12 -2.30071019e-13  5.02019367e-11
 -1.91459805e-10 -5.69553866e-16  9.23267562e-16  3.19811075e-05
 -2.09813487e-06 -1.38539150e-08  8.63662828e-10]
received errors: 527054640941.9503    138986704686.06104

sending vector for error: [ 9.90958192e-19 -1.36226055e-12 -2.30130683e-13  5.02384199e-11
 -1.91271656e-10 -5.69946292e-16  9.24720054e-16  3.19884708e-05
 -2.10347409e-06 -1.38361480e-08  8.63581094e-10]
received errors: 540965652349.45374    122564116745.8564

sending vector for error: [ 9.90027007e-19 -1.36278752e-12 -2.30147276e-13  5.02390792e-11
 -1.91499213e-10 -5.70060358e-16  9.23224133e-16  3.19763511e-05
 -2.09858173e-06 -1.38530938e-08  8.63516089e-10]
received errors: 528227120943.4406    135127345279.00357

sending vector for error: [ 9.91047934e-19 -1.36317666e-12 -2.29801825e-13  5.02245165e-11
 -1.91477966e-10 -5.70178949e-16  9.24665541e-16  3.20360917e-05
 -2.09796679e-06 -1.38523932e-08  8.64373023e-10]
received errors: 527822425778.28186    153954848164.472

sending vector for error: [ 9.91138272e-19 -1.36271254e-12 -2.29940582e-13  5.01656728e-11
 -1.91640370e-10 -5.71132334e-16  9.20184120e-16  3.20268474e-05
 -2.10064196e-06 -1.38628587e-08  8.65157248e-10]
received errors: 529462742864.5397    146658758753.96213

sending vector for error: [ 9.92544511e-19 -1.36407683e-12 -2.29869720e-13  5.01408559e-11
 -1.91404522e-10 -5.70246354e-16  9.24384552e-16  3.19965380e-05
 -2.10098350e-06 -1.38741085e-08  8.63283624e-10]
received errors: 534842702038.4631    121952463323.74675


CROSSOVER:


	parent1 = [ 9.92022822e-19 -1.36420271e-12 -2.30063645e-13  5.01119280e-11
 -1.91213297e-10 -5.70691024e-16  9.24022969e-16  3.19813489e-05
 -2.10388954e-06 -1.38571692e-08  8.64260233e-10]
	parent2 = [ 9.90564253e-19 -1.36243549e-12 -2.30041218e-13  5.02623455e-11
 -1.91431421e-10 -5.69602914e-16  9.24726100e-16  3.19801257e-05
 -2.09980893e-06 -1.38557554e-08  8.63355170e-10]
	cutoff index = 7
	child 1 = [ 9.92022822e-19 -1.36420271e-12 -2.30063645e-13  5.01119280e-11
 -1.91213297e-10 -5.70691024e-16  9.24022969e-16  3.19801257e-05
 -2.09980893e-06 -1.38557554e-08  8.63355170e-10]
	child 2 = [ 9.92022822e-19 -1.36420271e-12 -2.30063645e-13  5.01119280e-11
 -1.91213297e-10 -5.70691024e-16  9.24022969e-16  3.19813489e-05
 -2.10388954e-06 -1.38571692e-08  8.64260233e-10]


CROSSOVER:


	parent1 = [ 9.92544511e-19 -1.36407683e-12 -2.29869720e-13  5.01408559e-11
 -1.91404522e-10 -5.70246354e-16  9.24384552e-16  3.19965380e-05
 -2.10098350e-06 -1.38741085e-08  8.63283624e-10]
	parent2 = [ 9.90027007e-19 -1.36278752e-12 -2.30147276e-13  5.02390792e-11
 -1.91499213e-10 -5.70060358e-16  9.23224133e-16  3.19763511e-05
 -2.09858173e-06 -1.38530938e-08  8.63516089e-10]
	cutoff index = 8
	child 1 = [ 9.92544511e-19 -1.36407683e-12 -2.29869720e-13  5.01408559e-11
 -1.91404522e-10 -5.70246354e-16  9.24384552e-16  3.19965380e-05
 -2.09858173e-06 -1.38530938e-08  8.63516089e-10]
	child 2 = [ 9.92544511e-19 -1.36407683e-12 -2.29869720e-13  5.01408559e-11
 -1.91404522e-10 -5.70246354e-16  9.24384552e-16  3.19965380e-05
 -2.10098350e-06 -1.38741085e-08  8.63283624e-10]


CROSSOVER:


	parent1 = [ 9.92022822e-19 -1.36420271e-12 -2.30063645e-13  5.01119280e-11
 -1.91213297e-10 -5.70691024e-16  9.24022969e-16  3.19813489e-05
 -2.10388954e-06 -1.38571692e-08  8.64260233e-10]
	parent2 = [ 9.92544511e-19 -1.36407683e-12 -2.29869720e-13  5.01408559e-11
 -1.91404522e-10 -5.70246354e-16  9.24384552e-16  3.19965380e-05
 -2.09858173e-06 -1.38530938e-08  8.63516089e-10]
	cutoff index = 4
	child 1 = [ 9.92022822e-19 -1.36420271e-12 -2.30063645e-13  5.01119280e-11
 -1.91404522e-10 -5.70246354e-16  9.24384552e-16  3.19965380e-05
 -2.09858173e-06 -1.38530938e-08  8.63516089e-10]
	child 2 = [ 9.92022822e-19 -1.36420271e-12 -2.30063645e-13  5.01119280e-11
 -1.91213297e-10 -5.70691024e-16  9.24022969e-16  3.19813489e-05
 -2.10388954e-06 -1.38571692e-08  8.64260233e-10]


CROSSOVER:


	parent1 = [ 9.92022822e-19 -1.36420271e-12 -2.30063645e-13  5.01119280e-11
 -1.91404522e-10 -5.70246354e-16  9.24384552e-16  3.19965380e-05
 -2.09858173e-06 -1.38530938e-08  8.63516089e-10]
	parent2 = [ 9.92022822e-19 -1.36420271e-12 -2.30063645e-13  5.01119280e-11
 -1.91404522e-10 -5.70246354e-16  9.24384552e-16  3.19965380e-05
 -2.09858173e-06 -1.38530938e-08  8.63516089e-10]
	cutoff index = 2
	child 1 = [ 9.92022822e-19 -1.36420271e-12 -2.30063645e-13  5.01119280e-11
 -1.91404522e-10 -5.70246354e-16  9.24384552e-16  3.19965380e-05
 -2.09858173e-06 -1.38530938e-08  8.63516089e-10]
	child 2 = [ 9.92022822e-19 -1.36420271e-12 -2.30063645e-13  5.01119280e-11
 -1.91404522e-10 -5.70246354e-16  9.24384552e-16  3.19965380e-05
 -2.09858173e-06 -1.38530938e-08  8.63516089e-10]


MUTATION: 

RECEIVED FOR MUTATTION: [[ 9.92022822e-19 -1.36420271e-12 -2.30063645e-13  5.01119280e-11
  -1.91213297e-10 -5.70691024e-16  9.24022969e-16  3.19801257e-05
  -2.09980893e-06 -1.38557554e-08  8.63355170e-10]
 [ 9.92022822e-19 -1.36420271e-12 -2.30063645e-13  5.01119280e-11
  -1.91213297e-10 -5.70691024e-16  9.24022969e-16  3.19813489e-05
  -2.10388954e-06 -1.38571692e-08  8.64260233e-10]
 [ 9.92022822e-19 -1.36420271e-12 -2.30063645e-13  5.01119280e-11
  -1.91404522e-10 -5.70246354e-16  9.24384552e-16  3.19965380e-05
  -2.09858173e-06 -1.38530938e-08  8.63516089e-10]
 [ 9.92544511e-19 -1.36407683e-12 -2.29869720e-13  5.01408559e-11
  -1.91404522e-10 -5.70246354e-16  9.24384552e-16  3.19965380e-05
  -2.10098350e-06 -1.38741085e-08  8.63283624e-10]
 [ 9.92022822e-19 -1.36420271e-12 -2.30063645e-13  5.01119280e-11
  -1.91404522e-10 -5.70246354e-16  9.24384552e-16  3.19965380e-05
  -2.09858173e-06 -1.38530938e-08  8.63516089e-10]
 [ 9.92022822e-19 -1.36420271e-12 -2.30063645e-13  5.01119280e-11
  -1.91213297e-10 -5.70691024e-16  9.24022969e-16  3.19813489e-05
  -2.10388954e-06 -1.38571692e-08  8.64260233e-10]
 [ 9.92022822e-19 -1.36420271e-12 -2.30063645e-13  5.01119280e-11
  -1.91404522e-10 -5.70246354e-16  9.24384552e-16  3.19965380e-05
  -2.09858173e-06 -1.38530938e-08  8.63516089e-10]
 [ 9.92022822e-19 -1.36420271e-12 -2.30063645e-13  5.01119280e-11
  -1.91404522e-10 -5.70246354e-16  9.24384552e-16  3.19965380e-05
  -2.09858173e-06 -1.38530938e-08  8.63516089e-10]]

Mutated feature:[[ 9.91480168e-19 -1.36309375e-12 -2.30063645e-13  5.00759606e-11
  -1.91329557e-10 -5.70765908e-16  9.24874402e-16  3.20056448e-05
  -2.09879246e-06 -1.38557554e-08  8.63355170e-10]
 [ 9.92304253e-19 -1.36395604e-12 -2.29865098e-13  5.01119280e-11
  -1.91037954e-10 -5.71004025e-16  9.23686330e-16  3.19969966e-05
  -2.10576984e-06 -1.38618338e-08  8.65042544e-10]
 [ 9.92171715e-19 -1.36496417e-12 -2.30276538e-13  5.01112555e-11
  -1.91256606e-10 -5.69694339e-16  9.25241046e-16  3.20204411e-05
  -2.09895212e-06 -1.38497318e-08  8.63354393e-10]
 [ 9.92544511e-19 -1.36446121e-12 -2.29785596e-13  5.01355277e-11
  -1.91281174e-10 -5.70721351e-16  9.25063917e-16  3.19733140e-05
  -2.10186002e-06 -1.38652000e-08  8.62987025e-10]
 [ 9.91530534e-19 -1.36326939e-12 -2.30150858e-13  5.01119280e-11
  -1.91404522e-10 -5.70694283e-16  9.24630105e-16  3.20137198e-05
  -2.09747143e-06 -1.38562304e-08  8.63447453e-10]
 [ 9.91822930e-19 -1.36430273e-12 -2.30291336e-13  5.01119280e-11
  -1.91368733e-10 -5.70783221e-16  9.24534272e-16  3.19813489e-05
  -2.10520618e-06 -1.38677739e-08  8.64260233e-10]
 [ 9.91684524e-19 -1.36381557e-12 -2.30151268e-13  5.01607856e-11
  -1.91239765e-10 -5.69706795e-16  9.24489302e-16  3.19866083e-05
  -2.09685699e-06 -1.38431593e-08  8.62937583e-10]
 [ 9.91226819e-19 -1.36503204e-12 -2.29948551e-13  5.01436946e-11
  -1.91404522e-10 -5.70053862e-16  9.24027497e-16  3.19988476e-05
  -2.09858173e-06 -1.38471292e-08  8.64001599e-10]]


sending vector for error: [ 9.91480168e-19 -1.36309375e-12 -2.30063645e-13  5.00759606e-11
 -1.91329557e-10 -5.70765908e-16  9.24874402e-16  3.20056448e-05
 -2.09879246e-06 -1.38557554e-08  8.63355170e-10]
received errors: 530111191573.99475    134063751111.55643

sending vector for error: [ 9.92304253e-19 -1.36395604e-12 -2.29865098e-13  5.01119280e-11
 -1.91037954e-10 -5.71004025e-16  9.23686330e-16  3.19969966e-05
 -2.10576984e-06 -1.38618338e-08  8.65042544e-10]
received errors: 540430121329.0879    123807454823.99236

sending vector for error: [ 9.92171715e-19 -1.36496417e-12 -2.30276538e-13  5.01112555e-11
 -1.91256606e-10 -5.69694339e-16  9.25241046e-16  3.20204411e-05
 -2.09895212e-06 -1.38497318e-08  8.63354393e-10]
received errors: 531386926219.88934    136156463931.3381

sending vector for error: [ 9.92544511e-19 -1.36446121e-12 -2.29785596e-13  5.01355277e-11
 -1.91281174e-10 -5.70721351e-16  9.25063917e-16  3.19733140e-05
 -2.10186002e-06 -1.38652000e-08  8.62987025e-10]
received errors: 538340042171.28827    117414044137.00476

sending vector for error: [ 9.91530534e-19 -1.36326939e-12 -2.30150858e-13  5.01119280e-11
 -1.91404522e-10 -5.70694283e-16  9.24630105e-16  3.20137198e-05
 -2.09747143e-06 -1.38562304e-08  8.63447453e-10]
received errors: 527468820560.9372    141371593614.4339

sending vector for error: [ 9.91822930e-19 -1.36430273e-12 -2.30291336e-13  5.01119280e-11
 -1.91368733e-10 -5.70783221e-16  9.24534272e-16  3.19813489e-05
 -2.10520618e-06 -1.38677739e-08  8.64260233e-10]
received errors: 542115474698.1217    118065536952.70572

sending vector for error: [ 9.91684524e-19 -1.36381557e-12 -2.30151268e-13  5.01607856e-11
 -1.91239765e-10 -5.69706795e-16  9.24489302e-16  3.19866083e-05
 -2.09685699e-06 -1.38431593e-08  8.62937583e-10]
received errors: 527279496163.56476    139161061375.8369

sending vector for error: [ 9.91226819e-19 -1.36503204e-12 -2.29948551e-13  5.01436946e-11
 -1.91404522e-10 -5.70053862e-16  9.24027497e-16  3.19988476e-05
 -2.09858173e-06 -1.38471292e-08  8.64001599e-10]
received errors: 528190209343.1123    143887569045.4606


CROSSOVER:


	parent1 = [ 9.92171715e-19 -1.36496417e-12 -2.30276538e-13  5.01112555e-11
 -1.91256606e-10 -5.69694339e-16  9.25241046e-16  3.20204411e-05
 -2.09895212e-06 -1.38497318e-08  8.63354393e-10]
	parent2 = [ 9.91530534e-19 -1.36326939e-12 -2.30150858e-13  5.01119280e-11
 -1.91404522e-10 -5.70694283e-16  9.24630105e-16  3.20137198e-05
 -2.09747143e-06 -1.38562304e-08  8.63447453e-10]
	cutoff index = 2
	child 1 = [ 9.92171715e-19 -1.36496417e-12 -2.30150858e-13  5.01119280e-11
 -1.91404522e-10 -5.70694283e-16  9.24630105e-16  3.20137198e-05
 -2.09747143e-06 -1.38562304e-08  8.63447453e-10]
	child 2 = [ 9.92171715e-19 -1.36496417e-12 -2.30276538e-13  5.01112555e-11
 -1.91256606e-10 -5.69694339e-16  9.25241046e-16  3.20204411e-05
 -2.09895212e-06 -1.38497318e-08  8.63354393e-10]


CROSSOVER:


	parent1 = [ 9.92171715e-19 -1.36496417e-12 -2.30150858e-13  5.01119280e-11
 -1.91404522e-10 -5.70694283e-16  9.24630105e-16  3.20137198e-05
 -2.09747143e-06 -1.38562304e-08  8.63447453e-10]
	parent2 = [ 9.91480168e-19 -1.36309375e-12 -2.30063645e-13  5.00759606e-11
 -1.91329557e-10 -5.70765908e-16  9.24874402e-16  3.20056448e-05
 -2.09879246e-06 -1.38557554e-08  8.63355170e-10]
	cutoff index = 0
	child 1 = [ 9.91480168e-19 -1.36309375e-12 -2.30063645e-13  5.00759606e-11
 -1.91329557e-10 -5.70765908e-16  9.24874402e-16  3.20056448e-05
 -2.09879246e-06 -1.38557554e-08  8.63355170e-10]
	child 2 = [ 9.92171715e-19 -1.36496417e-12 -2.30150858e-13  5.01119280e-11
 -1.91404522e-10 -5.70694283e-16  9.24630105e-16  3.20137198e-05
 -2.09747143e-06 -1.38562304e-08  8.63447453e-10]


CROSSOVER:


	parent1 = [ 9.92544511e-19 -1.36446121e-12 -2.29785596e-13  5.01355277e-11
 -1.91281174e-10 -5.70721351e-16  9.25063917e-16  3.19733140e-05
 -2.10186002e-06 -1.38652000e-08  8.62987025e-10]
	parent2 = [ 9.91684524e-19 -1.36381557e-12 -2.30151268e-13  5.01607856e-11
 -1.91239765e-10 -5.69706795e-16  9.24489302e-16  3.19866083e-05
 -2.09685699e-06 -1.38431593e-08  8.62937583e-10]
	cutoff index = 7
	child 1 = [ 9.92544511e-19 -1.36446121e-12 -2.29785596e-13  5.01355277e-11
 -1.91281174e-10 -5.70721351e-16  9.25063917e-16  3.19866083e-05
 -2.09685699e-06 -1.38431593e-08  8.62937583e-10]
	child 2 = [ 9.92544511e-19 -1.36446121e-12 -2.29785596e-13  5.01355277e-11
 -1.91281174e-10 -5.70721351e-16  9.25063917e-16  3.19733140e-05
 -2.10186002e-06 -1.38652000e-08  8.62987025e-10]


CROSSOVER:


	parent1 = [ 9.92544511e-19 -1.36446121e-12 -2.29785596e-13  5.01355277e-11
 -1.91281174e-10 -5.70721351e-16  9.25063917e-16  3.19733140e-05
 -2.10186002e-06 -1.38652000e-08  8.62987025e-10]
	parent2 = [ 9.92544511e-19 -1.36446121e-12 -2.29785596e-13  5.01355277e-11
 -1.91281174e-10 -5.70721351e-16  9.25063917e-16  3.19866083e-05
 -2.09685699e-06 -1.38431593e-08  8.62937583e-10]
	cutoff index = 3
	child 1 = [ 9.92544511e-19 -1.36446121e-12 -2.29785596e-13  5.01355277e-11
 -1.91281174e-10 -5.70721351e-16  9.25063917e-16  3.19866083e-05
 -2.09685699e-06 -1.38431593e-08  8.62937583e-10]
	child 2 = [ 9.92544511e-19 -1.36446121e-12 -2.29785596e-13  5.01355277e-11
 -1.91281174e-10 -5.70721351e-16  9.25063917e-16  3.19733140e-05
 -2.10186002e-06 -1.38652000e-08  8.62987025e-10]


MUTATION: 

RECEIVED FOR MUTATTION: [[ 9.92171715e-19 -1.36496417e-12 -2.30150858e-13  5.01119280e-11
  -1.91404522e-10 -5.70694283e-16  9.24630105e-16  3.20137198e-05
  -2.09747143e-06 -1.38562304e-08  8.63447453e-10]
 [ 9.92171715e-19 -1.36496417e-12 -2.30276538e-13  5.01112555e-11
  -1.91256606e-10 -5.69694339e-16  9.25241046e-16  3.20204411e-05
  -2.09895212e-06 -1.38497318e-08  8.63354393e-10]
 [ 9.91480168e-19 -1.36309375e-12 -2.30063645e-13  5.00759606e-11
  -1.91329557e-10 -5.70765908e-16  9.24874402e-16  3.20056448e-05
  -2.09879246e-06 -1.38557554e-08  8.63355170e-10]
 [ 9.92171715e-19 -1.36496417e-12 -2.30150858e-13  5.01119280e-11
  -1.91404522e-10 -5.70694283e-16  9.24630105e-16  3.20137198e-05
  -2.09747143e-06 -1.38562304e-08  8.63447453e-10]
 [ 9.92544511e-19 -1.36446121e-12 -2.29785596e-13  5.01355277e-11
  -1.91281174e-10 -5.70721351e-16  9.25063917e-16  3.19866083e-05
  -2.09685699e-06 -1.38431593e-08  8.62937583e-10]
 [ 9.92544511e-19 -1.36446121e-12 -2.29785596e-13  5.01355277e-11
  -1.91281174e-10 -5.70721351e-16  9.25063917e-16  3.19733140e-05
  -2.10186002e-06 -1.38652000e-08  8.62987025e-10]
 [ 9.92544511e-19 -1.36446121e-12 -2.29785596e-13  5.01355277e-11
  -1.91281174e-10 -5.70721351e-16  9.25063917e-16  3.19866083e-05
  -2.09685699e-06 -1.38431593e-08  8.62937583e-10]
 [ 9.92544511e-19 -1.36446121e-12 -2.29785596e-13  5.01355277e-11
  -1.91281174e-10 -5.70721351e-16  9.25063917e-16  3.19733140e-05
  -2.10186002e-06 -1.38652000e-08  8.62987025e-10]]

Mutated feature:[[ 9.91398141e-19 -1.36458048e-12 -2.30138243e-13  5.01119280e-11
  -1.91330633e-10 -5.70426785e-16  9.24926226e-16  3.20025468e-05
  -2.09593949e-06 -1.38443913e-08  8.63891411e-10]
 [ 9.93007605e-19 -1.36560209e-12 -2.30304397e-13  5.01295233e-11
  -1.91153055e-10 -5.69694339e-16  9.24775446e-16  3.20426705e-05
  -2.09979594e-06 -1.38374662e-08  8.64096018e-10]
 [ 9.90636096e-19 -1.36310325e-12 -2.29932797e-13  5.00890858e-11
  -1.91377146e-10 -5.70759348e-16  9.25585992e-16  3.19952520e-05
  -2.09987677e-06 -1.38561832e-08  8.63171482e-10]
 [ 9.92171715e-19 -1.36609873e-12 -2.30146950e-13  5.01119570e-11
  -1.91408102e-10 -5.70860333e-16  9.25248421e-16  3.20362831e-05
  -2.09675688e-06 -1.38492779e-08  8.63637232e-10]
 [ 9.92251209e-19 -1.36537753e-12 -2.29837318e-13  5.00910532e-11
  -1.91333062e-10 -5.70721351e-16  9.25973228e-16  3.19866083e-05
  -2.09672101e-06 -1.38431593e-08  8.62084460e-10]
 [ 9.92903585e-19 -1.36482029e-12 -2.29803608e-13  5.01550850e-11
  -1.91137021e-10 -5.70392012e-16  9.24872353e-16  3.19842414e-05
  -2.10352115e-06 -1.38702967e-08  8.63091619e-10]
 [ 9.91618675e-19 -1.36557882e-12 -2.29852265e-13  5.01355277e-11
  -1.91368033e-10 -5.71171868e-16  9.24209026e-16  3.20114314e-05
  -2.09557164e-06 -1.38324394e-08  8.63733035e-10]
 [ 9.92046266e-19 -1.36481701e-12 -2.29569213e-13  5.00929513e-11
  -1.91263929e-10 -5.70462335e-16  9.24386496e-16  3.19938397e-05
  -2.10377074e-06 -1.38565397e-08  8.63258598e-10]]

best fit vector:
[9.920228219160712e-19, -1.364202711273918e-12, -2.3006364489300257e-13, 5.0111927990795596e-11, -1.9140452210688034e-10, -5.702463536373112e-16, 9.243845522203362e-16, 3.199653795367389e-05, -2.0985817255189582e-06, -1.3853093822021742e-08, 8.635160890129394e-10]
error:    5.282271e+11    1.351273e+11